0.013715	0.884851	
0.255445	0.496141	
0.122999	0.650961	
0.032312	0.822088	
0.000000	1.002026	
0.025406	0.842525	
0.206029	0.547665	
0.019826	0.861133	
0.021971	0.853687	
0.000000	1.002026	
0.000000	1.002026	
0.000000	1.002026	
0.000000	1.002026	
0.000000	1.002026	
0.000000	1.002026	
0.000000	1.002026	
0.000000	1.002026	
0.000000	1.002026	
0.000000	1.002026	
0.000000	1.002027	
0.000000	1.002060	
0.000000	1.002027	
0.000000	1.002027	
0.000000	1.002027	
0.000000	1.002027	
0.000000	1.002027	
0.000000	1.002027	
0.000000	1.002027	
0.000000	1.002027	
0.000000	1.002027	
0.000000	1.002027	
0.000000	1.002027	
0.000000	1.002027	
0.000000	1.002027	
0.000000	1.002027	
0.000000	1.002027	
0.000000	1.002027	
0.000000	1.002027	
0.000000	1.002027	
0.000000	1.002028	
0.000000	1.002028	
0.000000	1.002028	
0.000000	1.002028	
0.000000	1.002028	
0.000000	1.002029	
0.000000	1.002071	
0.000000	1.002072	
0.000000	1.002034	
0.000000	1.002073	
0.000000	1.002034	
0.000000	1.002026	
0.000000	1.002074	
0.000000	1.002074	
0.000000	1.002074	
0.000000	1.002074	
0.000000	1.002074	
0.000000	1.002074	
0.000000	1.002074	
0.000000	1.002074	
0.000000	1.002078	
0.000000	1.002081	
0.000000	1.002081	
0.000000	1.002082	
0.000000	1.002078	
0.000000	1.002078	
0.000000	1.002082	
0.000000	1.002081	
0.000000	1.002082	
0.000000	1.002082	
0.000000	1.002081	
0.000000	1.002081	
0.000000	1.002081	
0.000000	1.002081	
0.000000	1.002082	
0.000000	1.002082	
0.000000	1.002082	
0.000000	1.002082	
0.000000	1.002082	
0.000000	1.002082	
0.000000	1.002082	
0.000000	1.002082	
0.000000	1.002082	
0.000000	1.002082	
0.000000	1.002082	
0.000000	1.002082	
0.000000	1.002082	
0.000000	1.002082	
0.000000	1.002082	
0.000000	1.002082	
0.000000	1.002082	
0.000000	1.002082	
0.000000	1.002082	
0.000000	1.002082	
0.000000	1.002082	
0.000000	1.002082	
0.000000	1.002082	
0.000000	1.002082	
0.000000	1.002082	
0.000000	1.002082	
0.000000	1.002082	
