-9.700000	0.612903	
-6.500000	0.580645	
-3.400000	0.451613	
-0.300000	0.580645	
-5.300000	0.580645	
-2.200000	0.774194	
-2.700000	0.580645	
-2.600000	0.645161	
0.000000	0.709677	
-14.000000	0.387097	
-8.700000	0.451613	
-8.500000	0.516129	
-5.800000	0.612903	
-6.000000	0.322581	
-6.400000	0.322581	
-5.200000	0.645161	
-0.500000	0.580645	
0.000000	0.709677	
-4.500000	0.451613	
-7.000000	0.612903	
-1.000000	0.645161	
-5.500000	0.387097	
-9.200000	0.387097	
-0.900000	0.677419	
-5.400000	0.645161	
-7.900000	0.451613	
-3.800000	0.516129	
-7.800000	0.387097	
-12.500000	0.741935	
-3.600000	0.677419	
-3.600000	0.451613	
-4.400000	0.516129	
-2.300000	0.612903	
-4.200000	0.451613	
-6.400000	0.516129	
0.000000	0.709677	
-1.800000	0.580645	
-2.700000	0.677419	
-3.700000	0.516129	
-4.500000	0.258065	
-5.200000	0.677419	
-7.300000	0.580645	
0.000000	0.709677	
-3.400000	0.516129	
-7.500000	0.516129	
-2.300000	0.516129	
-4.300000	0.645161	
-1.900000	0.580645	
-1.500000	0.516129	
-2.300000	0.516129	
-3.700000	0.451613	
-2.800000	0.580645	
-3.700000	0.387097	
-6.000000	0.451613	
-4.300000	0.516129	
-3.900000	0.451613	
-7.900000	0.322581	
-2.100000	0.580645	
-0.700000	0.709677	
-4.100000	0.741935	
-2.700000	0.580645	
-4.000000	0.451613	
-1.600000	0.580645	
-10.000000	0.483871	
-4.100000	0.677419	
0.000000	0.709677	
-7.600000	0.483871	
-6.500000	0.516129	
-1.700000	0.645161	
-3.700000	0.548387	
-4.100000	0.580645	
-5.800000	0.580645	
-3.800000	0.451613	
-3.900000	0.580645	
-4.600000	0.387097	
-2.200000	0.580645	
-2.800000	0.677419	
-2.200000	0.516129	
-3.600000	0.580645	
-3.000000	0.387097	
-4.500000	0.774194	
-8.600000	0.451613	
-0.900000	0.645161	
-3.000000	0.870968	
-3.400000	0.451613	
-5.700000	0.516129	
-4.200000	0.451613	
-8.300000	0.580645	
-1.000000	0.709677	
-2.700000	0.516129	
-1.500000	0.774194	
-3.600000	0.709677	
-0.200000	0.709677	
-4.300000	0.580645	
-5.000000	0.387097	
0.000000	0.709677	
-4.500000	0.612903	
-7.800000	0.451613	
-3.700000	0.451613	
-1.200000	0.580645	
