-6.300000	0.000000	
-27.100000	0.230769	
-27.100000	0.230769	
-6.300000	0.000000	
-6.300000	0.000000	
-6.300000	0.000000	
-6.300000	0.000000	
-23.900000	0.076923	
-6.300000	0.000000	
-27.100000	0.230769	
-23.900000	0.076923	
-23.900000	0.076923	
-25.000000	0.153846	
-24.600000	0.153846	
-21.200001	0.076923	
-21.200001	0.076923	
-21.200001	0.076923	
-21.200001	0.076923	
-21.200001	0.076923	
-21.200001	0.076923	
-21.200001	0.076923	
-21.200001	0.076923	
-21.200001	0.076923	
-21.200001	0.076923	
-21.200001	0.076923	
-21.200001	0.076923	
-21.200001	0.076923	
-21.200001	0.076923	
-21.200001	0.076923	
-21.200001	0.076923	
-21.200001	0.076923	
-21.200001	0.076923	
-21.200001	0.076923	
-21.200001	0.076923	
-21.200001	0.076923	
-21.200001	0.076923	
-21.200001	0.076923	
-21.200001	0.076923	
-21.200001	0.076923	
-21.200001	0.076923	
-21.200001	0.076923	
-21.200001	0.076923	
-21.200001	0.076923	
-21.200001	0.076923	
-21.200001	0.076923	
-21.200001	0.076923	
-21.200001	0.076923	
-21.200001	0.076923	
-21.200001	0.076923	
-21.200001	0.076923	
-21.200001	0.076923	
-21.200001	0.076923	
-21.200001	0.076923	
-21.200001	0.076923	
-21.200001	0.076923	
-21.200001	0.076923	
-21.200001	0.076923	
-21.200001	0.076923	
-21.200001	0.076923	
-21.200001	0.076923	
-21.200001	0.076923	
-21.200001	0.076923	
-21.200001	0.076923	
-21.200001	0.076923	
-21.200001	0.076923	
-21.200001	0.076923	
-21.200001	0.076923	
-21.200001	0.076923	
-21.200001	0.076923	
-21.200001	0.076923	
-21.200001	0.076923	
-21.200001	0.076923	
-21.200001	0.076923	
-21.200001	0.076923	
-21.200001	0.076923	
-21.200001	0.076923	
-21.200001	0.076923	
-21.200001	0.076923	
-21.200001	0.076923	
-21.200001	0.076923	
-21.200001	0.076923	
-21.200001	0.076923	
-21.200001	0.076923	
-21.200001	0.076923	
-21.200001	0.076923	
-21.200001	0.076923	
-21.200001	0.076923	
-21.200001	0.076923	
-21.200001	0.076923	
-21.200001	0.076923	
-21.200001	0.076923	
-21.200001	0.076923	
-21.200001	0.076923	
-21.200001	0.076923	
-21.200001	0.076923	
-21.200001	0.076923	
-21.200001	0.076923	
-21.200001	0.076923	
-21.200001	0.076923	
-21.200001	0.076923	
