-14.200000	0.230769	
-13.600000	0.230769	
-12.800000	0.230769	
-13.600000	0.230769	
-13.600000	0.230769	
-14.200000	0.230769	
-14.200000	0.230769	
-13.600000	0.230769	
-13.600000	0.230769	
-13.600000	0.230769	
-13.600000	0.230769	
-13.600000	0.230769	
-13.600000	0.230769	
-13.600000	0.230769	
-14.200000	0.230769	
-13.600000	0.230769	
-13.600000	0.230769	
-13.600000	0.230769	
-13.600000	0.230769	
-13.600000	0.230769	
-13.600000	0.230769	
-13.600000	0.230769	
-13.600000	0.230769	
-13.600000	0.230769	
-13.600000	0.230769	
-13.600000	0.230769	
-14.200000	0.230769	
-14.200000	0.230769	
-14.200000	0.230769	
-14.200000	0.230769	
-14.200000	0.230769	
-14.200000	0.230769	
-13.600000	0.230769	
-14.200000	0.230769	
-14.200000	0.230769	
-13.600000	0.230769	
-14.200000	0.230769	
-14.200000	0.230769	
-13.600000	0.230769	
-14.200000	0.230769	
-14.200000	0.230769	
-13.600000	0.230769	
-14.200000	0.230769	
-14.200000	0.230769	
-13.600000	0.230769	
-13.600000	0.230769	
-13.600000	0.230769	
-13.600000	0.230769	
-13.600000	0.230769	
-14.200000	0.230769	
-13.600000	0.230769	
-13.600000	0.230769	
-13.600000	0.230769	
-13.600000	0.230769	
-13.600000	0.230769	
-13.600000	0.230769	
-13.600000	0.230769	
-13.600000	0.230769	
-13.600000	0.230769	
-13.600000	0.230769	
-13.600000	0.230769	
-3.800000	0.230769	
-13.600000	0.230769	
-13.600000	0.230769	
-13.600000	0.230769	
-13.600000	0.230769	
-13.600000	0.230769	
-13.600000	0.230769	
-13.600000	0.230769	
-13.600000	0.230769	
-10.500000	0.230769	
-13.600000	0.230769	
-13.600000	0.230769	
-13.600000	0.230769	
-13.600000	0.230769	
-13.600000	0.230769	
-13.600000	0.230769	
-13.600000	0.230769	
-13.600000	0.230769	
-13.600000	0.230769	
-13.600000	0.230769	
-13.600000	0.230769	
-14.200000	0.230769	
-13.600000	0.230769	
-13.600000	0.230769	
-13.600000	0.230769	
-13.600000	0.230769	
-13.600000	0.230769	
-14.200000	0.230769	
-13.600000	0.230769	
-13.600000	0.230769	
-13.600000	0.230769	
-13.600000	0.230769	
-13.600000	0.230769	
-13.600000	0.230769	
-13.600000	0.230769	
-13.600000	0.230769	
-13.600000	0.230769	
-14.200000	0.230769	
-13.600000	0.230769	
