0.7504911604520064	0.2495088395479933
0.7527402297259242	0.24725977027407542
0.7509682755005865	0.24903172449941313
0.7514556419486569	0.24854435805134273
0.7514116664942754	0.24858833350572435
0.7506126865210696	0.24938731347893
0.7505389552702105	0.24946104472978914
0.7522575363523343	0.24774246364766533
0.7520828337100918	0.24791716628990795
0.7520233042614591	0.24797669573854053
0.7520023142106379	0.24799768578936177
0.7508811196241185	0.2491188803758811
0.7512645501517574	0.24873544984824225
0.7512458299878431	0.24875417001215666
0.7518634224805221	0.24813657751947754
0.7530676390893649	0.2469323609106348
0.7522463556571846	0.24775364434281505
0.7523168777844057	0.24768312221559396
0.7505556671680572	0.24944433283194245
0.7518958629406539	0.24810413705934575
0.7512165621763367	0.24878343782366302
0.7507057451517067	0.24929425484829298
0.752441317306592	0.2475586826934077
0.752862512135774	0.24713748786422562
0.7515177283273158	0.24848227167268389
0.7506023408337952	0.24939765916620454
0.752439678973029	0.24756032102697073
0.7512318820786279	0.2487681179213717
0.7521497260848212	0.24785027391517844
0.7525074862663713	0.24749251373362835
0.7528875667566282	0.2471124332433715
0.7513513579726065	0.24864864202739312
0.7508990982899492	0.2491009017100505
0.7508954123698965	0.24910458763010312
0.750438156424255	0.24956184357574462
0.7526728674584857	0.2473271325415139
0.751650003606629	0.24834999639337063
0.7510555447318841	0.2489444552681156
0.7521356017262564	0.2478643982737433
0.7509120447696362	0.24908795523036337
0.7519403573177437	0.248059642682256
0.7518506497318986	0.24814935026810098
0.7517677640802616	0.24823223591973814
0.7511597536648149	0.2488402463351848
0.7508455054723329	0.24915449452766686
0.7529951984087958	0.24700480159120386
0.7511111609483303	0.24888883905166936
0.7518304976039905	0.2481695023960092
0.7520672937168023	0.2479327062831974
0.752802870257064	0.24719712974293562
0.7517721336957908	0.2482278663042089
0.7526326187976586	0.24736738120234109
0.7530502590356518	0.2469497409643478
0.7529924689912357	0.24700753100876394
0.7510507265166497	0.2489492734833499
0.7526167809454594	0.24738321905454036
0.7512480440497693	0.24875195595023036
0.7520946466123122	0.2479053533876875
0.7515829096771283	0.2484170903228714
0.7516498274090271	0.24835017259097264
0.7530334961380958	0.24696650386190389
0.7510816244068561	0.24891837559314356
0.7522725518003661	0.2477274481996335
0.7521211462309423	0.24787885376905733
0.7522636924210155	0.24773630757898413
0.75275655016771	0.24724344983228957
0.7505226578362678	0.2494773421637319
0.7520114889643141	0.24798851103568548
0.7506720397698978	0.24932796023010179
0.752611868313807	0.24738813168619272
0.7521066917145884	0.24789330828541128
0.7525188590644969	0.24748114093550277
0.7520280433236204	0.24797195667637928
0.7522328231553552	0.2477671768446445
0.7527199854257405	0.24728001457425913
0.7523805290657708	0.24761947093422892
0.7514078438747142	0.2485921561252855
0.7516157973709251	0.24838420262907457
0.7524312045510346	0.24756879544896498
0.7529948909234219	0.24700510907657774
0.7530957880885618	0.2469042119114379
0.7523448149226674	0.2476551850773323
0.7523260188902972	0.2476739811097025
0.75235977820852	0.2476402217914797
0.7517073014324598	0.24829269856753988
0.7513494671911345	0.24865053280886512
0.7517060201643191	0.24829397983568052
0.7506509323374282	0.24934906766257148
0.753006441735544	0.24699355826445563
0.7510299840281669	0.24897001597183271
0.7514260496493633	0.24857395035063634
0.7528780394016512	0.2471219605983484
0.7509402578276677	0.24905974217233195
0.750927437789731	0.24907256221026858
0.7517770421331275	0.2482229578668722
0.7529054724933046	0.24709452750669497
0.7530218889974354	0.24697811100256423
0.7525710894220459	0.24742891057795374
0.7527847655521518	0.24721523444784782
0.7531057726411214	0.24689422735887828
0.7522263998245491	0.24777360017545058
0.7505816113796574	0.24941838862034227
0.7507099867785738	0.24929001322142585
0.7512777159722246	0.24872228402777513
0.7523330441709739	0.2476669558290257
0.752807787783409	0.24719221221659066
0.7514122980213587	0.24858770197864094
0.7505557793878623	0.24944422061213734
0.7526152820967311	0.2473847179032686
0.7523833637763935	0.2476166362236062
0.7518103805472418	0.24818961945275786
0.7523820287075327	0.24761797129246704
0.7508419614173594	0.2491580385826403
0.7521654197342937	0.24783458026570587
0.7518877920794549	0.24811220792054484
0.7516024612324093	0.24839753876759035
0.7517716897309072	0.24822831026909248
0.7523577744795975	0.2476422255204021
0.7522343915654935	0.24776560843450612
0.7504462565459664	0.24955374345403325
0.7507787538201482	0.24922124617985147
0.7506884054341758	0.24931159456582386
0.751815253189491	0.24818474681050856
0.7512310544449314	0.24876894555506818
0.7515984134345695	0.24840158656543015
0.7527103166853228	0.24728968331467688
0.751874574750534	0.24812542524946574
0.751479397736467	0.24852060226353268
0.7525122550153516	0.2474877449846481
0.7515498105522915	0.2484501894477082
0.7505693335910086	0.2494306664089911
0.7513946127150265	0.24860538728497317
0.7515783407472296	0.24842165925277004
0.7524225211710089	0.24757747882899078
0.7529325040154646	0.2470674959845351
0.7520046829505389	0.2479953170494607
0.7517972224055283	0.2482027775944714
0.7506039354198396	0.24939606458016006
0.7521380616561113	0.2478619383438883
0.7509474883622239	0.24905251163777575
0.7521931686212862	0.24780683137871345
0.751923945138705	0.24807605486129475
0.7525036020168716	0.247496397983128
0.7519159722040336	0.24808402779596606
0.7520773138848582	0.24792268611514146
0.7529317455172588	0.2470682544827409
0.7525015484628883	0.24749845153711136
0.7514353238620398	0.24856467613795985
0.7530850391954234	0.24691496080457626
0.7513262582057953	0.24867374179420437
0.7526520393423941	0.2473479606576055
0.7513796546557819	0.24862034534421773
0.7526056062045782	0.2473943937954215
0.7506134853884083	0.24938651461159134
0.7504410690047488	0.24955893099525084
0.7521218014971629	0.24787819850283682
0.7526363139968952	0.24736368600310443
0.7525039832375445	0.24749601676245514
0.7512007512825523	0.2487992487174474
0.7519954159992577	0.24800458400074205
0.7518178441992832	0.24818215580071645
0.7507574909816257	0.24924250901837403
0.7506422239771181	0.24935777602288156
0.7528357509803284	0.24716424901967127
0.7523974090622523	0.24760259093774745
0.7530187713750085	0.2469812286249911
0.7511936719301198	0.2488063280698799
0.7530011263190777	0.24699887368092205
0.7516003196277561	0.24839968037224364
0.7526175877699189	0.24738241223008073
0.7508086198990991	0.24919138010090058
0.7531197305118	0.24688026948819963
0.7512071528359208	0.2487928471640789
0.7512744089563632	0.2487255910436364
0.7518851059240101	0.24811489407598947
0.7516346392451388	0.24836536075486082
0.7510894649224196	0.24891053507758004
0.7519013386722015	0.24809866132779812
0.7519289198148333	0.24807108018516638
0.7528302224207113	0.24716977757928837
0.7517854507595042	0.24821454924049546
0.7523195105608651	0.24768048943913462
0.7529147336156659	0.24708526638433376
0.7513482453085703	0.24865175469142942
0.7518411088600222	0.24815889113997747
0.7523828095894296	0.24761719041057012
0.7509225739971677	0.24907742600283206
0.7514116867766313	0.24858831322336838
0.7509196780312918	0.24908032196870789
0.7509956453947244	0.2490043546052752
0.7517095307000187	0.248290469299981
0.7511005190661691	0.24889948093383052
0.7527946555508505	0.24720534444914916
0.7508265222661079	0.2491734777338918
0.7517580237275278	0.2482419762724719
0.7523944083032741	0.24760559169672552
0.7505678519288262	0.24943214807117342
0.7510371663565842	0.24896283364341548
0.7514435609612626	0.24855643903873698
0.7519175313763384	0.24808246862366123
0.7529564084419061	0.24704359155809352
0.7512519328858172	0.24874806711418257
0.7516614595591395	0.24833854044086007
0.75073249849928	0.24926750150071963
0.7520456007257548	0.2479543992742449
0.7522063344298884	0.24779366557011134
0.7520615226060843	0.2479384773939154
0.7508979081955056	0.24910209180449405
0.751796112638466	0.2482038873615337
0.753021786663975	0.24697821333602465
0.7530113049925324	0.24698869500746723
0.7513117386886343	0.24868826131136534
0.7530552936899919	0.2469447063100078
0.7519992145056968	0.24800078549430282
0.7527082471188309	0.24729175288116872
0.7516617324272444	0.24833826757275523
0.7514627114996617	0.2485372885003379
0.7521682220982759	0.24783177790172367
0.7526365665759855	0.24736343342401407
0.7514543551405438	0.24854564485945585
0.7525766642923241	0.2474233357076756
0.750507102121887	0.24949289787811268
0.752679226937811	0.2473207730621887
0.7519548704275028	0.24804512957249691
0.7516840237961788	0.2483159762038208
0.7521268266268836	0.2478731733731161
0.7523054345297002	0.2476945654702994
0.7512872042427878	0.24871279575721178
0.7523978970057332	0.2476021029942665
0.7514366550223612	0.2485633449776385
0.7521180181212417	0.24788198187875793
0.7527979274497673	0.2472020725502324
0.7530626412481127	0.24693735875188694
0.7504476599211083	0.24955234007889143
0.751332684129913	0.2486673158700866
0.7515602164938034	0.24843978350619622
0.7519158834376629	0.24808411656233675
0.7512265436482868	0.24877345635171294
0.7505953351941065	0.24940466480589318
0.7512217405547638	0.2487782594452359
0.7511270927326712	0.24887290726732847
0.7505525051271433	0.24944749487285628
0.7528148921828706	0.24718510781712916
0.7507204529800305	0.24927954701996913
0.75256814793325	0.24743185206674972
0.7511464826886401	0.24885351731135952
0.7512759364443014	0.24872406355569826
0.7520235582661715	0.24797644173382816
0.7518782444234413	0.24812175557655836
0.752439383192425	0.24756061680757474
0.7528965408125872	0.2471034591874125
0.7519932187181793	0.24800678128182047
0.7530726674869732	0.2469273325130265
0.7512224638241536	0.24877753617584608
0.7504840830431796	0.24951591695682013
0.7510370411491032	0.24896295885089653
0.7505437967738119	0.24945620322618778
0.7519282968051065	0.24807170319489313
0.7513246627108775	0.24867533728912217
0.7523833558843052	0.2476166441156945
0.7526529246105156	0.24734707538948403
0.7524753285775696	0.24752467142243
0.7526627309365618	0.2473372690634379
0.7524005823251743	0.2475994176748254
0.7526301704391347	0.2473698295608649
0.7529558068867558	0.24704419311324388
0.7511164782712629	0.24888352172873668
0.7525919039423659	0.24740809605763375
0.7524315304551408	0.2475684695448589
0.752701806607126	0.24729819339287362
0.7529348176212394	0.2470651823787603
0.7526096908431725	0.24739030915682714
0.7515775376013618	0.24842246239863786
0.752934724436396	0.24706527556360364
0.7521904163528721	0.24780958364712763
0.7510449735305431	0.2489550264694565
0.7525497422460914	0.24745025775390833
0.7511578157511651	0.24884218424883447
0.7515921925530722	0.24840780744692753
0.7508692854686546	0.24913071453134505
0.7507671310248338	0.2492328689751659
0.7528035452434818	0.2471964547565179
0.7518605670257704	0.24813943297422925
0.7511676300857506	0.24883236991424906
0.7514274805604533	0.2485725194395464
0.7508438176275007	0.24915618237249892
0.7530758150414603	0.2469241849585394
0.7516589368656308	0.24834106313436882
0.7525752614054013	0.2474247385945983
0.7512825962877003	0.24871740371229928
0.7525426720716448	0.2474573279283548
0.7529088472452927	0.2470911527547069
0.7519289154723843	0.2480710845276154
0.7507957263749628	0.24920427362503683
0.7511783184336771	0.2488216815663225
0.7526497088846504	0.24735029111534917
0.7507236778483009	0.24927632215169887
0.7513219395678881	0.2486780604321116
0.7514087990003715	0.24859120099962817
0.7505238371567302	0.24947616284326946
0.7530445431278909	0.2469554568721088
0.7529855647167427	0.247014435283257
0.7509415101000683	0.2490584898999314
0.7524083031918143	0.24759169680818538
0.7510536473497246	0.2489463526502751
0.7523643817446031	0.2476356182553966
0.7521196229631475	0.24788037703685212
0.7528669966055755	0.24713300339442412
0.7518624147274071	0.24813758527259255
0.7529380213531267	0.2470619786468729
0.7510088710193089	0.24899112898069076
0.7519154126425577	0.248084587357442
0.750810825818808	0.24918917418119174
0.7504480249011218	0.2495519750988779
0.7525899431767651	0.24741005682323458
0.7527890291179586	0.24721097088204108
0.7524131527304623	0.2475868472695374
0.7510988029760719	0.2489011970239277
0.751168081883082	0.24883191811691763
0.7509468054715305	0.24905319452846914
0.7507814175115308	0.2492185824884688
0.7517453694600069	0.2482546305399928
0.7528072383200506	0.24719276167994914
0.750949887884897	0.24905011211510264
0.7521524191987843	0.24784758080121533
0.7513250871933799	0.2486749128066198
0.7516723388893796	0.24832766111062016
0.7515619212844795	0.2484380787155202
0.7526731982795198	0.24732680172047977
0.7527224946918917	0.247277505308108
0.7523329663791114	0.24766703362088827
0.7513243588789115	0.2486756411210882
0.7505818049835968	0.24941819501640278
0.7514823272878446	0.24851767271215508
0.7516458928133789	0.2483541071866207
0.7518637671952446	0.2481362328047551
0.7526115434071613	0.24738845659283837
0.7504734232198188	0.24952657678018086
0.7504978098994728	0.24950219010052688
0.7506388593354454	0.24936114066455428
0.7513748256274998	0.24862517437249987
0.7506186096350482	0.2493813903649515
0.7526037501273379	0.24739624987266168
0.7516950824414003	0.2483049175585994
0.750621850494154	0.2493781495058457
0.752386305533421	0.2476136944665786
0.7504366400427283	0.2495633599572714
0.7512785843129945	0.24872141568700512
0.7508957823262141	0.2491042176737855
0.751317006789572	0.2486829932104277
0.7523474067488024	0.24765259325119726
0.7505098737146326	0.24949012628536704
0.7515656944445844	0.24843430555541524
0.751936424938187	0.2480635750618126
0.7518970027858696	0.24810299721413004
0.7517008157876581	0.24829918421234148
0.7507935067628667	0.24920649323713295
0.7517487747693388	0.24825122523066095
0.750517163693881	0.24948283630611862
0.7508881655878793	0.24911183441212037
0.7504624571279045	0.24953754287209517
0.7525813602087379	0.24741863979126177
0.7530196817447895	0.24698031825521016
0.7523126247496641	0.24768737525033552
0.7509045821188219	0.24909541788117773
0.7508911167479124	0.2491088832520872
0.7527752051200377	0.24722479487996196
0.7512941082094933	0.2487058917905064
0.7523237849382116	0.2476762150617881
0.7527389450058468	0.2472610549941528
0.7504888304889356	0.2495111695110641
0.7522307584299823	0.24776924157001728
0.7524516665531215	0.2475483334468782
0.750766957109642	0.24923304289035758
0.750638395799097	0.24936160420090264
0.7522650141111906	0.247734985888809
0.7509062274843886	0.24909377251561104
0.7524136875836915	0.24758631241630819
0.7529817067335589	0.24701829326644076
0.7523730127720154	0.24762698722798426
0.7526496139632162	0.24735038603678344
0.7509768747781819	0.2490231252218178
0.7506653387938791	0.24933466120612052
0.7508950439414945	0.24910495605850513
0.7509157623714279	0.2490842376285718
0.7522966685559656	0.24770333144403417
0.7522953640849414	0.2477046359150583
0.752690554136675	0.2473094458633247
0.7509977738163458	0.24900222618365386
0.7524821280965386	0.24751787190346114
0.7526725136708534	0.24732748632914625
0.7516881768208528	0.24831182317914696
0.7513894669478705	0.24861053305212927
0.7529835296176437	0.24701647038235602
0.7529236938597461	0.24707630614025355
0.7514363359744411	0.24856366402555846
0.7510643693939549	0.24893563060604468
0.7522756496752154	0.2477243503247843
0.752465005227051	0.24753499477294877
0.7514151155183251	0.24858488448167465
0.7525957652171621	0.24740423478283757
0.7523688847685902	0.24763111523140946
0.7518541447319839	0.2481458552680158
0.7514608359106965	0.24853916408930327
0.7509426105093533	0.24905738949064643
0.7530204843906648	0.24697951560933484
0.7529506595811665	0.2470493404188332
0.7511047572726244	0.24889524272737534
0.7529457082751214	0.2470542917248783
0.7507844177450089	0.2492155822549907
0.7508850982760085	0.24911490172399126
0.7526020555146156	0.24739794448538405
0.7519561798450017	0.24804382015499793
0.7523487284800463	0.2476512715199533
0.7511686686348572	0.24883133136514246
0.7510125142585021	0.24898748574149754
0.7515957372611315	0.24840426273886812
0.7529974319292905	0.2470025680707092
0.751976245878833	0.24802375412116667
0.7509085414645575	0.24909145853544212
0.7510246845158338	0.24897531548416585
0.7510538909582586	0.24894610904174108
0.7518184279513134	0.24818157204868624
0.7508912596501249	0.2491087403498748
0.7522235415107512	0.24777645848924845
0.7527336413867769	0.24726635861322283
0.7513697818115859	0.24863021818841374
0.7529738223350582	0.2470261776649415
0.7522252914469814	0.2477747085530183
0.7526146808831249	0.24738531911687478
0.7520873163750578	0.2479126836249419
0.7511431887633944	0.24885681123660525
0.7518316090282171	0.24816839097178256
0.7510782497549469	0.24892175024505286
0.7515306818400925	0.24846931815990714
0.7518199458997366	0.24818005410026317
0.7508088991222075	0.24919110087779217
0.7513530673837463	0.24864693261625342
0.7518738133241181	0.2481261866758816
0.7511813885244074	0.2488186114755923
0.7518690281547995	0.2481309718452001
0.7524257787285982	0.24757422127140155
0.7523011684690426	0.247698831530957
0.7516033945034915	0.24839660549650822
0.7529813880764031	0.2470186119235966
0.7527758852389284	0.24722411476107137
0.7530038452646499	0.2469961547353497
0.7507958106866087	0.24920418931339094
0.7530042583391112	0.2469957416608885
0.7517966813395833	0.24820331866041628
0.7518978643608627	0.24810213563913697
0.7527054256555465	0.24729457434445307
0.7523084866014775	0.2476915133985222
0.7525575623681151	0.24744243763188456
0.7529725665401272	0.2470274334598725
0.7509636412518947	0.24903635874810498
0.7527926695007755	0.24720733049922416
0.7530205671940737	0.24697943280592588
0.7505664530953221	0.24943354690467756
0.7528472597205009	0.24715274027949874
0.75241534386002	0.2475846561399797
0.7528202524033318	0.24717974759666778
0.7514967855344405	0.24850321446555912
0.7511100092336416	0.24888999076635815
0.7524832913063204	0.2475167086936793
0.7517997792284868	0.24820022077151283
0.7508762441019908	0.24912375589800884
0.7505109441807896	0.24948905581921005
0.7509033433446817	0.24909665665531794
0.7530397918505356	0.24696020814946407
0.7528998832755299	0.24710011672446974
0.7516473618622439	0.24835263813775577
0.7523405836199326	0.24765941638006705
0.750757845590349	0.24924215440965075
0.7524938508036603	0.2475061491963394
0.7520642607694015	0.24793573923059825
0.7528026312914962	0.2471973687085035
0.7523223295727202	0.24767767042727945
0.7505284763339986	0.24947152366600106
0.7523708828519735	0.2476291171480262
0.7508472521788233	0.24915274782117636
0.7521630523382857	0.24783694766171394
0.7525893633239977	0.24741063667600188
0.7510543033250784	0.24894569667492128
0.7512457418079133	0.24875425819208646
0.751617583229083	0.2483824167709166
0.7512780785101094	0.24872192148989025
0.7511877448754369	0.2488122551245628
0.7518718331662315	0.2481281668337681
0.7522604312852432	0.24773956871475644
0.7509461687145288	0.24905383128547087
0.7525709967302745	0.2474290032697251
0.7507678855642487	0.249232114435751
0.7524877937032489	0.24751220629675075
0.7512281450390614	0.24877185496093823
0.7520877706765421	0.24791222932345763
0.7504615749350074	0.24953842506499224
0.7507674634339874	0.2492325365660123
0.751542097548841	0.24845790245115862
0.750608083464688	0.24939191653531173
0.7521900169697571	0.2478099830302426
0.7506579407266423	0.2493420592733574
0.7508407524725581	0.24915924752744156
0.75105821716345	0.24894178283654966
0.7511839310650255	0.2488160689349742
0.752642975978004	0.24735702402199566
0.75310709670612	0.2468929032938797
0.7530435469655163	0.24695645303448333
0.7529053734880506	0.24709462651194908
0.7514624809905202	0.24853751900947946
0.7511193874544106	0.24888061254558907
0.751704550371952	0.24829544962804762
0.7513365328602445	0.24866346713975518
0.7528192263235167	0.24718077367648295
0.7515790842005616	0.2484209157994381
0.7521946912549716	0.24780530874502804
0.7527378826164735	0.24726211738352616
0.7527505614172361	0.24724943858276355
0.7513337436541536	0.248666256345846
0.7518373421633535	0.2481626578366461
0.7512741399110483	0.2487258600889513
0.7529110922659528	0.24708890773404696
0.7524529311814309	0.2475470688185688
0.752912044703361	0.24708795529663857
0.7505369643637674	0.2494630356362323
0.7505147184503996	0.24948528154960004
0.7519134865082748	0.24808651349172484
0.7506592802389991	0.24934071976100064
0.7513794879687551	0.24862051203124458
0.7507605112170651	0.24923948878293456
0.7519610052248794	0.24803899477512026
0.7513638296103218	0.24863617038967784
0.7511949318022901	0.2488050681977096
0.7513958711403776	0.24860412885962202
0.7516245889431699	0.24837541105682975
0.7517213032464294	0.24827869675357028
0.7530914223630641	0.24690857763693552
0.7515690300725328	0.24843096992746683
0.7507221378965439	0.24927786210345582
0.7526689197186605	0.2473310802813392
0.7510885230939321	0.24891147690606752
0.7509872979759449	0.24901270202405484
0.7523707220623241	0.24762927793767547
0.7508677106080426	0.24913228939195703
0.7511977959851466	0.24880220401485303
0.7524588782409007	0.24754112175909887
0.7517009939325845	0.24829900606741517
0.7514365730587795	0.24856342694122008
0.7513986308411371	0.24860136915886255
0.7510954240951191	0.24890457590488052
0.7504954390085412	0.2495045609914585
0.7514129187787139	0.2485870812212858
0.7523635647936566	0.2476364352063431
0.7526375399111359	0.24736246008886376
0.7506946034061888	0.24930539659381085
0.7526956647428298	0.24730433525716983
0.7525465529870058	0.24745344701299388
0.7514327158834013	0.2485672841165984
0.7524433977241691	0.24755660227583048
0.7517574907769922	0.24824250922300756
0.753110258325878	0.24688974167412164
0.7517155585764127	0.24828444142358697
0.7512763591334934	0.24872364086650628
0.7530615457190848	0.24693845428091482
0.7530105331745576	0.24698946682544215
0.7510205601326323	0.2489794398673673
0.7525327571735414	0.24746724282645832
0.751606406795786	0.24839359320421361
0.7510492445687322	0.2489507554312675
0.7525682073450473	0.24743179265495246
0.7508622662420867	0.24913773375791287
0.7508868180463251	0.24911318195367466
0.7525122555927615	0.24748774440723825
0.7508305519947792	0.24916944800522045
0.7523425852018801	0.24765741479811948
0.7520031262269644	0.24799687377303525
0.7519711235663125	0.24802887643368715
0.7531118123502749	0.2468881876497248
0.7512419562101159	0.24875804378988375
0.752200822981441	0.24779917701855864
0.7513431869324239	0.2486568130675758
0.751361132660823	0.24863886733917662
0.7528888489539503	0.24711115104604942
0.7520074431263726	0.2479925568736271
0.7504878335119414	0.24951216648805824
0.7522104214340255	0.2477895785659741
0.7506197871961781	0.2493802128038216
0.7514505018371604	0.24854949816283928
0.751519142438277	0.24848085756172272
0.7512992721804084	0.24870072781959124
0.7515759515058174	0.24842404849418237
0.7505503642208333	0.2494496357791663
0.7520257996023565	0.24797420039764317
0.750632883094166	0.24936711690583363
0.7509952095957899	0.2490047904042097
0.7524223401068308	0.24757765989316882
0.7522375529585192	0.24776244704148043
0.7529961486852488	0.24700385131475094
0.7518244231522058	0.24817557684779395
0.7504829484077753	0.24951705159222443
0.7529586719142234	0.24704132808577628
0.7506122424295596	0.24938775757044013
0.7517516756162663	0.24824832438373334
0.750661927657057	0.2493380723429427
0.7529171564704293	0.24708284352957027
0.7516307157049317	0.248369284295068
0.7520895852880407	0.24791041471195896
0.7524869880365468	0.24751301196345293
0.7505032394189945	0.24949676058100512
0.7508246243456702	0.24917537565432946
0.7513086802578048	0.24869131974219477
0.7511215556837475	0.24887844431625217
0.7520430981282736	0.24795690187172603
0.7516188795493639	0.24838112045063576
0.7504440017094087	0.24955599829059089
0.7512158576497276	0.24878414235027202
0.7518572627038148	0.24814273729618486
0.7529980194773835	0.24700198052261613
0.7522244350511054	0.2477755649488943
0.7517349110355932	0.24826508896440647
0.7524312862693951	0.24756871373060457
0.7518371863773312	0.2481628136226685
0.7507548982483194	0.2492451017516803
0.7523478118811022	0.2476521881188974
0.7529572853286449	0.24704271467135475
0.75303165933658	0.2469683406634196
0.7516961127119033	0.24830388728809633
0.7506809500627765	0.24931904993722326
0.7529771828343912	0.24702281716560848
0.7509816131130898	0.24901838688690986
0.7520673908462825	0.24793260915371712
0.7520054118182014	0.24799458818179826
0.7517496504517984	0.24825034954820124
0.751884469646261	0.24811553035373873
0.7511180494575522	0.24888195054244738
0.751217241145405	0.24878275885459467
0.7516882989738016	0.24831170102619804
0.7530673273232342	0.2469326726767655
0.7511289677186206	0.24887103228137902
0.7514443535800215	0.24855564641997818
0.7529166244800632	0.24708337551993642
0.7528287255471798	0.24717127445281983
0.752824177432852	0.24717582256714765
0.7522152853435977	0.247784714656402
0.7511818936744026	0.24881810632559703
0.7528856493208249	0.24711435067917475
0.753041513617724	0.24695848638227574
0.7510462194554208	0.24895378054457878
0.750825577593587	0.2491744224064127
0.7526046627702438	0.24739533722975576
0.752550572914337	0.24744942708566264
0.752969374228053	0.24703062577194673
0.7514285790233455	0.24857142097665424
0.752928673547594	0.24707132645240576
0.7524831315436644	0.2475168684563353
0.7529853498660275	0.2470146501339721
0.7524116209720976	0.2475883790279021
0.7508081310059969	0.2491918689940028
0.7505181240570962	0.24948187594290355
0.7507980193880006	0.2492019806119991
0.7524258473885772	0.24757415261142246
0.7508303098259828	0.24916969017401697
0.7528044946700788	0.24719550532992085
0.7516964025519535	0.24830359744804625
0.7505251458907369	0.24947485410926268
0.7521615570791158	0.24783844292088392
0.7517278384831929	0.24827216151680676
0.750474255399954	0.24952574460004562
0.7520890894768479	0.24791091052315178
0.7519308751975833	0.24806912480241633
0.7506254037361013	0.24937459626389835
0.7517142131302291	0.24828578686977054
0.7508171277578275	0.24918287224217217
0.7508441195462034	0.24915588045379616
0.7529819436995416	0.24701805630045803
0.7520142559969234	0.24798574400307632
0.7518932724517362	0.24810672754826346
0.7515793281640137	0.24842067183598593
0.7523366349982249	0.24766336500177477
0.7523633859640818	0.24763661403591786
0.7516633501287651	0.24833664987123455
0.7514958237880255	0.24850417621197418
0.7514396162625328	0.24856038373746697
0.753036261623419	0.24696373837658075
0.7529231845832283	0.24707681541677146
0.7524151228288445	0.24758487717115518
0.7511414986863869	0.2488585013136128
0.7506103894327123	0.24938961056728742
0.7518170272904645	0.2481829727095352
0.7506274843043316	0.2493725156956681
0.7517154822855683	0.24828451771443133
0.7518378575290823	0.24816214247091734
0.7522592107500425	0.24774078924995718
0.75076906171834	0.2492309382816597
0.7511065503285113	0.24889344967148846
0.7508616416406257	0.24913835835937392
0.7524021942649513	0.24759780573504842
0.752347837338148	0.24765216266185164
0.7509689250450073	0.24903107495499227
0.751848060961978	0.24815193903802163
0.7523215919621385	0.24767840803786112
0.7518576345261121	0.24814236547388752
0.7522748609468644	0.24772513905313526
0.7517023798099847	0.248297620190015
0.7525615487046636	0.24743845129533604
0.7505136973476527	0.24948630265234695
0.7506775999664983	0.24932240003350137
0.7514129352986588	0.24858706470134084
0.7523509510475122	0.24764904895248757
0.7515871216890804	0.2484128783109193
0.7526662681112424	0.24733373188875724
0.7505007934765768	0.24949920652342283
0.7507488089560013	0.2492511910439984
0.7506800899903919	0.24931991000960774
0.7513239701374783	0.24867602986252135
0.7517588142697909	0.24824118573020876
0.7516419917150197	0.24835800828497995
0.7509847797173717	0.249015220282628
0.7530590952790581	0.2469409047209415
0.7504528021469082	0.24954719785309143
0.7509484837595035	0.2490515162404962
0.7526995747031456	0.24730042529685403
0.7510094959878981	0.2489905040121015
0.7506554521146345	0.24934454788536514
0.7522128147050616	0.24778718529493804
0.7506143986822011	0.24938560131779847
0.7509657596278329	0.24903424037216682
0.7529697688396262	0.24703023116037343
0.7505271435518899	0.24947285644810974
0.7520791774653444	0.24792082253465536
0.7514930075169183	0.2485069924830814
0.7517892175176565	0.24821078248234318
0.75152451448291	0.24847548551708964
0.7516528261718551	0.24834717382814447
0.7529756565134277	0.24702434348657198
0.7523087527179568	0.24769124728204278
0.7521720645679575	0.24782793543204223
0.752537926144057	0.2474620738559426
0.7523686949334549	0.24763130506654474
0.752125203625331	0.24787479637466864
0.7513712393502832	0.24862876064971645
0.7519792229700538	0.24802077702994585
0.7528398464737275	0.24716015352627219
0.7505564127402158	0.24944358725978383
0.7526708162120334	0.2473291837879663
0.7513609615667668	0.24863903843323287
0.7518203684668346	0.24817963153316502
0.7522538160508438	0.24774618394915576
0.7520303733999478	0.24796962660005178
0.7507648395679452	0.24923516043205451
0.7523993530107209	0.2476006469892787
0.750546913720176	0.24945308627982365
0.7519011058392453	0.24809889416075442
0.7513927506664215	0.2486072493335782
0.7520143733771635	0.24798562662283619
0.7517859364559838	0.24821406354401587
0.7511357148098503	0.24886428519014936
0.7513142326810411	0.24868576731895858
0.7512665708057547	0.24873342919424507
0.7507225822589612	0.24927741774103856
0.7510497954114567	0.248950204588543
0.7529757224778688	0.2470242775221309
0.7526647663230848	0.24733523367691485
0.7520319478101718	0.24796805218982793
0.7516212845415633	0.24837871545843637
0.753041839341613	0.24695816065838677
0.7506295656888415	0.24937043431115818
0.7522020011393267	0.24779799886067294
0.7530159410619477	0.24698405893805198
0.7512687074481643	0.2487312925518353
0.7513267870539652	0.2486732129460345
0.7514615922985999	0.24853840770139973
0.7526190904482798	0.24738090955171987
0.7521852290759479	0.24781477092405185
0.7514057073278508	0.24859429267214878
0.7526085001707851	0.2473914998292146
0.7530566370578444	0.2469433629421552
0.7509081530602439	0.24909184693975567
0.7507647024317792	0.24923529756822044
0.7505457213696544	0.2494542786303453
0.7520424225312867	0.247957577468713
0.7524750378687667	0.24752496213123298
0.7524893453127987	0.24751065468720101
0.7530237468625769	0.24697625313742283
0.752244577647197	0.24775542235280268
0.7519319876074217	0.24806801239257786
0.7512679213685048	0.24873207863149482
0.7504459517323261	0.24955404826767352
0.7508476673792346	0.24915233262076508
0.7522361414780568	0.24776385852194283
0.7504659056994636	0.24953409430053602
0.7524074922340789	0.24759250776592073
0.7526026403501974	0.24739735964980225
0.7528736415044344	0.24712635849556525
0.752750786357789	0.24724921364221064
0.753005733752094	0.24699426624790566
0.7513710942755938	0.24862890572440582
0.7514465585597907	0.24855344144020902
0.7508029934266334	0.2491970065733663
0.7510000966804546	0.24899990331954497
0.7513851028851292	0.2486148971148705
0.753095247976972	0.24690475202302764
0.751998140727641	0.24800185927235868
0.7520677372017666	0.24793226279823305
0.7515742641080734	0.2484257358919263
0.7525672944095727	0.24743270559042696
0.7516352235627778	0.24836477643722188
0.7527372388377587	0.247262761162241
0.7505279928850084	0.24947200711499123
0.7518234228680916	0.24817657713190816
0.7505040856136257	0.24949591438637397
0.7528690598461047	0.24713094015389497
0.7516571003500783	0.24834289964992146
0.7516909196245435	0.24830908037545618
0.7511395032328806	0.24886049676711908
0.7520977347777555	0.24790226522224407
0.752603658284623	0.24739634171537678
0.7516868868919271	0.24831311310807258
0.7516084631168541	0.24839153688314553
0.7515107403527275	0.2484892596472722
0.7516702733192316	0.24832972668076803
0.7529406912329728	0.24705930876702692
0.7509046909345554	0.24909530906544436
0.7528271622684869	0.24717283773151277
0.7526860712902539	0.24731392870974572
0.752033698598126	0.24796630140187376
0.7527413997626715	0.2472586002373281
0.7528347745485313	0.2471652254514684
0.7523500467031392	0.24764995329686046
0.7506137744591133	0.24938622554088635
0.7519167136765031	0.24808328632349652
0.751073617442005	0.24892638255799465
0.7518846908398098	0.24811530916018992
0.752858604181124	0.24714139581887568
0.7523499941237448	0.2476500058762549
0.7506188137516685	0.24938118624833122
0.752020965371047	0.24797903462895265
0.7513093984933295	0.24869060150667027
0.7530350587619823	0.24696494123801732
0.7519730773030268	0.2480269226969729
0.7505491567173995	0.24945084328260014
0.7510827085521581	0.24891729144784158
0.7505951675346398	0.24940483246535988
0.7516802384509826	0.24831976154901703
0.7529100290081907	0.24708997099180902
0.7512368356157212	0.24876316438427848
0.751575379239461	0.24842462076053867
0.7510737132444066	0.24892628675559303
0.7531051696602045	0.24689483033979526
0.7528896607297364	0.24711033927026327
0.7504704443386148	0.2495295556613849
0.751456899780939	0.24854310021906068
0.7525167899540951	0.24748321004590457
0.7522357817586627	0.247764218241337
0.7507717726119753	0.24922822738802441
0.7516427741680712	0.24835722583192843
0.7505914615267127	0.24940853847328692
0.7520524734992383	0.24794752650076135
0.7527567936090879	0.2472432063909118
0.7522545458537657	0.2477454541462339
0.7506777686358421	0.2493222313641575
0.7513233952300216	0.24867660476997805
0.7515320433296033	0.24846795667039628
0.7509172253173986	0.2490827746826011
0.7506344635182172	0.24936553648178245
0.7524790108824806	0.24752098911751902
0.7525812646117875	0.24741873538821219
0.7518734288237615	0.24812657117623815
0.7524100800751464	0.24758991992485324
0.7504392205895769	0.24956077941042282
0.7530814144474542	0.24691858555254548
0.7528646512001136	0.24713534879988608
0.7516291944270657	0.24837080557293395
0.7505230426408667	0.249476957359133
0.7513280014195586	0.2486719985804411
0.7522474237890442	0.24775257621095548
0.7523730060405105	0.24762699395948923
0.7510543787576703	0.24894562124232933
0.7519349577348893	0.2480650422651104
0.7506138042366933	0.24938619576330634
0.7505070678404361	0.24949293215956359
0.7525341399732355	0.24746586002676413
0.7526264469689357	0.24737355303106395
0.7528267330900097	0.24717326690998997
0.7523036319568841	0.24769636804311557
0.7531057418221899	0.24689425817780974
0.7527593398494618	0.24724066015053792
0.7509624034186178	0.24903759658138186
0.7523530161128793	0.24764698388712042
0.7529131955943702	0.24708680440562952
0.7521392909754727	0.24786070902452695
0.7515146692846812	0.24848533071531848
0.7516293082674501	0.24837069173254955
0.7521389303178769	0.2478610696821228
0.7527919363062354	0.2472080636937643
0.7528057742785158	0.24719422572148386
0.7528191379321347	0.24718086206786488
0.7505805203639273	0.24941947963607236
0.7505365997982401	0.2494634002017596
0.7506816606207091	0.2493183393792906
0.7525194537208477	0.24748054627915195
0.7522001919182084	0.2477998080817913
0.7510095685207131	0.24899043147928657
0.7505915579067386	0.24940844209326102
0.750639981347667	0.24936001865233276
0.7508711050039204	0.24912889499607926
0.7530067924975694	0.2469932075024303
0.7505037888798569	0.2494962111201427
0.7512730306653868	0.24872696933461286
0.7522236500149226	0.24777634998507703
0.7517797572543639	0.24822024274563587
0.7516082715067909	0.24839172849320879
0.7504930965179464	0.2495069034820533
0.7516810720439875	0.24831892795601218
0.7522275226492988	0.24777247735070085
0.7516567453226239	0.24834325467737572
0.7513167092455955	0.2486832907544042
0.751015408804325	0.24898459119567462
0.7519606853836134	0.24803931461638623
0.7520929781454972	0.24790702185450236
0.7528317586242553	0.24716824137574434
0.7530661903420678	0.24693380965793188
0.7509339130559081	0.2490660869440916
0.7524154454451062	0.24758455455489348
0.751196943191038	0.24880305680896164
0.751736572081001	0.24826342791899875
0.7531212598468457	0.24687874015315397
0.7521143589697987	0.24788564103020094
0.7504384213281672	0.24956157867183248
0.7517066929008557	0.248293307099144
0.7512264699362425	0.24877353006375713
0.7530841615048915	0.24691583849510812
0.7507257487363452	0.2492742512636545
0.7516043129199977	0.24839568708000193
0.7520491651824901	0.24795083481750957
0.751586121631804	0.24841387836819562
0.751687682429156	0.2483123175708437
0.7511895463661802	0.24881045363381943
0.7529200211242011	0.24707997887579852
0.7521166550730005	0.24788334492699915
0.7508032638347082	0.24919673616529148
0.7506763977298909	0.2493236022701087
0.7513398185786091	0.2486601814213905
0.7521867541504966	0.24781324584950304
0.7514012300212445	0.24859876997875524
0.7504319500694111	0.24956804993058856
0.751885867159551	0.24811413284044875
0.752029816582524	0.24797018341747568
0.7518431257706901	0.2481568742293096
0.7524486899303932	0.2475513100696065
0.7513900182208018	0.24860998177919785
0.7526814540873024	0.24731854591269736
0.752736475707944	0.24726352429205567
0.7524175399604558	0.24758246003954382
0.750705132209523	0.24929486779047672
0.7522290511603171	0.24777094883968254
0.7524604375389488	0.24753956246105085
0.7513239290690421	0.24867607093095762
0.7518241482029262	0.24817585179707347
0.7519227598502716	0.24807724014972815
0.7511917250767639	0.24880827492323576
0.7506344129190025	0.2493655870809972
0.7506567121768655	0.24934328782313414
0.7515188318802997	0.24848116811969995
0.7504744209610253	0.24952557903897432
0.7514579354768327	0.2485420645231669
0.7516434959400846	0.24835650405991505
0.7520281551478722	0.24797184485212748
0.752504104161386	0.2474958958386137
0.7516155872949274	0.24838441270507228
0.7507261835152717	0.24927381648472796
0.7517546863719198	0.24824531362807983
0.7516449152574122	0.2483550847425875
0.75089664094655	0.2491033590534497
0.7516753900401041	0.24832460995989558
0.751029550521513	0.24897044947848668
0.7505170840082254	0.2494829159917743
0.7521043814085622	0.24789561859143744
0.7514431106406407	0.24855688935935888
0.7519082752161561	0.2480917247838435
0.751614672830339	0.24838532716966072
0.7528149713433195	0.24718502865668013
0.7505939519172782	0.24940604808272143
0.7513134468627598	0.24868655313723986
0.7526371633457979	0.24736283665420178
0.7521628868823493	0.2478371131176504
0.7508668553782278	0.24913314462177183
0.7515409350629967	0.24845906493700298
0.7526824928131315	0.24731750718686818
0.7527772795276544	0.24722272047234523
0.7527343902010539	0.24726560979894568
0.7512908300828773	0.24870916991712239
0.7529153033096503	0.24708469669034944
0.751921186303606	0.24807881369639362
0.7528827903817694	0.2471172096182303
0.7514688139264368	0.24853118607356284
0.7504357580648253	0.2495642419351743
0.7530272329173718	0.24697276708262783
0.7517020204205551	0.2482979795794445
0.7525825470518053	0.2474174529481944
