0.4995324667449284	0.5004675332550712
0.4996683189042279	0.5003316810957718
0.4996635381910512	0.5003364618089485
0.4995875754039262	0.5004124245960735
0.4996409244928112	0.5003590755071885
0.4995081330618463	0.5004918669381533
0.49952739803657625	0.5004726019634235
0.49949513736802115	0.5005048626319785
0.4995734741848119	0.5004265258151878
0.49956431421117253	0.5004356857888271
0.4996600704968537	0.500339929503146
0.49954276434516043	0.5004572356548392
0.4995960492067623	0.5004039507932373
0.4994972425277884	0.5005027574722113
0.4995586309976701	0.5004413690023295
0.499657020623419	0.5003429793765807
0.49951681061241593	0.5004831893875837
0.4995782993102788	0.5004217006897209
0.49964311476557305	0.5003568852344267
0.49955115271651473	0.5004488472834849
0.49948985473917207	0.5005101452608276
0.49946821767880456	0.5005317823211951
0.4995758781442749	0.5004241218557247
0.49950830962262216	0.5004916903773775
0.4996123247677806	0.500387675232219
0.49948016813941165	0.500519831860588
0.4995226683475316	0.5004773316524681
0.499582877805436	0.5004171221945637
0.49960415236097006	0.5003958476390296
0.4996075949938558	0.5003924050061439
0.49961003118768105	0.5003899688123187
0.4995399661545408	0.5004600338454589
0.4995244046846637	0.500475595315336
0.4996594929689349	0.5003405070310648
0.49963367031173805	0.5003663296882617
0.4995757851957269	0.5004242148042728
0.49961255997540976	0.5003874400245899
0.4996518007530877	0.500348199246912
0.4994976652400153	0.5005023347599843
0.49966364971042015	0.5003363502895796
0.49948909993349894	0.5005109000665008
0.49949820174087606	0.5005017982591237
0.49959706999866293	0.5004029300013367
0.49952444444342337	0.5004755555565763
0.49960216231438126	0.5003978376856184
0.49947014971440873	0.5005298502855909
0.4996149187668854	0.5003850812331142
0.499622836383339	0.5003771636166607
0.4996157188947839	0.5003842811052157
0.49950087142409016	0.5004991285759095
0.49953101742233946	0.5004689825776603
0.49964642160516415	0.5003535783948355
0.4995552744413525	0.5004447255586472
0.4995972243896803	0.5004027756103194
0.4994697472031334	0.5005302527968662
0.4996357315809588	0.5003642684190409
0.4995297964650244	0.5004702035349753
0.49954294665561844	0.5004570533443812
0.49966048315021633	0.5003395168497833
0.49963380862161355	0.5003661913783861
0.49965626956233566	0.500343730437664
0.4996394686221289	0.5003605313778707
0.4995719993685018	0.500428000631498
0.4995968568155792	0.5004031431844205
0.4996407083533243	0.5003592916466754
0.4995916268396477	0.500408373160352
0.4996629845991418	0.5003370154008578
0.4995937987697064	0.5004062012302932
0.4996266927327443	0.5003733072672554
0.499568030062132	0.5004319699378676
0.4995721200840803	0.5004278799159194
0.4994916961605668	0.5005083038394329
0.4996367443912306	0.500363255608769
0.4995671424691501	0.5004328575308495
0.4995222899447505	0.5004777100552491
0.4995381149221088	0.5004618850778909
0.4994728668493008	0.5005271331506989
0.499582816320222	0.5004171836797777
0.49946838170288455	0.5005316182971151
0.499588538151469	0.5004114618485307
0.49957383831636337	0.5004261616836363
0.49952643247792433	0.5004735675220754
0.4996320725351706	0.500367927464829
0.4995721852366895	0.5004278147633102
0.4995846377879569	0.5004153622120427
0.499491700219288	0.5005082997807117
0.4994876935109898	0.5005123064890098
0.49949698667151055	0.5005030133284891
0.49947079013667334	0.5005292098633264
0.4996341712951784	0.5003658287048213
0.49963726445531115	0.5003627355446885
0.4996039398328756	0.5003960601671241
0.49965104592607906	0.5003489540739207
0.49965685044525077	0.5003431495547489
0.4995082210153238	0.5004917789846759
0.4995970608916744	0.5004029391083253
0.4996625963193061	0.5003374036806936
0.49959274076865945	0.5004072592313402
0.49962036554461975	0.5003796344553799
0.4996309309024306	0.5003690690975691
0.4996391355441832	0.5003608644558164
0.4996578585450677	0.5003421414549319
0.499627654083681	0.5003723459163186
0.4994810634326403	0.5005189365673594
0.4995377186507872	0.5004622813492124
0.49955333064683294	0.5004466693531667
0.49955595418727167	0.500444045812728
0.4995861166723634	0.5004138833276363
0.49950671070647595	0.5004932892935237
0.49962576862133773	0.500374231378662
0.49964062376700463	0.500359376232995
0.49953427105945747	0.5004657289405422
0.4996263692486859	0.5003736307513138
0.4996360157484564	0.5003639842515433
0.4995956744575111	0.5004043255424886
0.49964621957037575	0.500353780429624
0.49966173188652246	0.5003382681134773
0.49951045968555813	0.5004895403144416
0.49959375795801403	0.5004062420419857
0.49956953935796067	0.500430460642039
0.49961558680323515	0.5003844131967645
0.49959866031712435	0.5004013396828754
0.49954891522182826	0.5004510847781715
0.49961524699835236	0.5003847530016473
0.4994740015291601	0.5005259984708396
0.4995592057774433	0.5004407942225564
0.4995692131601401	0.5004307868398595
0.49956622965576686	0.5004337703442328
0.4996719122571013	0.5003280877428984
0.4995046961705518	0.5004953038294478
0.4996154279624413	0.5003845720375584
0.49948760786459345	0.5005123921354062
0.49959537467161436	0.5004046253283854
0.4994882025327569	0.5005117974672428
0.49951058803603204	0.5004894119639677
0.49952336719350077	0.5004766328064989
0.49949422271238925	0.5005057772876104
0.4995541306094772	0.5004458693905225
0.4995231629300681	0.5004768370699316
0.49954367763998103	0.5004563223600186
0.49952101830083684	0.5004789816991628
0.49950504179544425	0.5004949582045554
0.4995729684335224	0.5004270315664773
0.4996584482367318	0.5003415517632679
0.49956029475405384	0.5004397052459458
0.4995628761493358	0.5004371238506639
0.49952557986616664	0.500474420133833
0.4994693642765051	0.5005306357234945
0.49954570222966765	0.500454297770332
0.49963965800006493	0.5003603419999347
0.4995568167216452	0.5004431832783545
0.4996275137102375	0.5003724862897622
0.4996291981739792	0.5003708018260205
0.49962038664635255	0.5003796133536471
0.4995057869632244	0.5004942130367752
0.4995157057633421	0.5004842942366576
0.4996228615332341	0.5003771384667656
0.4995491545644783	0.5004508454355214
0.4996638308085937	0.500336169191406
0.49952667833510633	0.5004733216648933
0.499571253517389	0.5004287464826106
0.4995380775530255	0.5004619224469742
0.49961653180185456	0.5003834681981452
0.4996403471104339	0.5003596528895657
0.4995921438477295	0.5004078561522701
0.49957131543330435	0.5004286845666953
0.4995556455436447	0.5004443544563549
0.49947585703515135	0.5005241429648484
0.49962064273813345	0.5003793572618662
0.49949383430586364	0.500506165694136
0.49955978547874297	0.5004402145212568
0.4996592565781679	0.5003407434218318
0.49960784665878855	0.5003921533412111
0.4994931422440193	0.5005068577559804
0.49955212883723943	0.5004478711627602
0.4996684545094987	0.500331545490501
0.49958565608296096	0.5004143439170388
0.499601848267228	0.5003981517327717
0.4996309257235878	0.5003690742764119
0.4995063135994347	0.500493686400565
0.49949668544835985	0.5005033145516399
0.4996258597954652	0.5003741402045344
0.49951928767034226	0.5004807123296574
0.49950927424896924	0.5004907257510305
0.49947981407523706	0.5005201859247627
0.4995348814724759	0.5004651185275238
0.4996191551124169	0.5003808448875828
0.49952239948185523	0.5004776005181445
0.4996270690336162	0.5003729309663835
0.49946525629814786	0.5005347437018518
0.49948122960150754	0.5005187703984921
0.49948847206140495	0.5005115279385947
0.49947843347493087	0.5005215665250687
0.49962343402799186	0.5003765659720079
0.4995965641331444	0.5004034358668553
0.49957430205509723	0.5004256979449024
0.4995264108924025	0.5004735891075972
0.49965518291724675	0.5003448170827529
0.49956047248060265	0.500439527519397
0.4996079362839807	0.500392063716019
0.49964267416559865	0.500357325834401
0.49947591579825024	0.5005240842017494
0.499525495086595	0.5004745049134047
0.4995644255636528	0.5004355744363468
0.49960033440623725	0.5003996655937624
0.4995296552100276	0.5004703447899721
0.49953660674861283	0.5004633932513869
0.4994770669099035	0.5005229330900961
0.4996472700558217	0.500352729944178
0.4996098177156882	0.5003901822843114
0.49951679642931757	0.5004832035706821
0.49954455312670043	0.5004554468732992
0.4994651266396632	0.5005348733603365
0.4994723462443286	0.500527653755671
0.4995149146849518	0.5004850853150479
0.4995778969564077	0.5004221030435919
0.4994936170375934	0.5005063829624062
0.49951605134440574	0.5004839486555939
0.49946236665325805	0.5005376333467416
0.4996004300737288	0.5003995699262709
0.4996139701067305	0.5003860298932692
0.49958879171558196	0.5004112082844177
0.49965900948785535	0.5003409905121443
0.4995126545757874	0.5004873454242122
0.49953128308045536	0.5004687169195443
0.4995320634209852	0.5004679365790144
0.49958010400275665	0.500419895997243
0.49948986563269027	0.5005101343673094
0.4995087190844058	0.5004912809155938
0.49966927541610434	0.5003307245838953
0.49948949735923276	0.5005105026407669
0.499637189569137	0.5003628104308627
0.4996041769157238	0.5003958230842759
0.4995663630614768	0.5004336369385228
0.49953658054864764	0.500463419451352
0.4995378371577238	0.5004621628422758
0.4995935366025501	0.5004064633974495
0.4994862849942113	0.5005137150057883
0.4994810011413673	0.5005189988586324
0.49966821545491974	0.5003317845450799
0.4995647095747086	0.5004352904252911
0.49952489514749526	0.5004751048525045
0.49958118912165683	0.5004188108783428
0.4994865444942893	0.5005134555057104
0.49962049597188135	0.5003795040281184
0.4996669368324865	0.5003330631675132
0.49961733783369294	0.5003826621663067
0.4995710401908431	0.5004289598091566
0.49965815731818397	0.5003418426818157
0.4995457991113825	0.5004542008886171
0.49949910080125237	0.5005008991987473
0.49955619738721724	0.5004438026127824
0.4996348637008892	0.5003651362991104
0.49958778681427973	0.5004122131857199
0.49960779131881533	0.5003922086811843
0.49963145258536606	0.5003685474146335
0.4994687307398828	0.5005312692601168
0.4995102636346658	0.5004897363653339
0.49952212960954273	0.5004778703904569
0.4995822967241875	0.5004177032758121
0.49956118798709825	0.5004388120129014
0.4996054276585068	0.5003945723414929
0.49954097669764397	0.5004590233023557
0.4996140391878147	0.5003859608121849
0.49959491355281077	0.500405086447189
0.4995371054641309	0.5004628945358688
0.4994903682237228	0.5005096317762768
0.49951058093208306	0.5004894190679167
0.4995376418841077	0.500462358115892
0.4994646598317776	0.500535340168222
0.49957007491486216	0.5004299250851375
0.4995220764778365	0.5004779235221631
0.4996257834725598	0.5003742165274399
0.49957347383480594	0.5004265261651938
0.4995404901741992	0.5004595098258005
0.499524834527574	0.5004751654724257
0.4996488553386225	0.5003511446613771
0.49964304671037785	0.5003569532896218
0.4995292597549014	0.5004707402450983
0.4994799786813428	0.5005200213186568
0.499623787513675	0.5003762124863247
0.4996466617455555	0.5003533382544442
0.49951672824537774	0.5004832717546219
0.49947146656545005	0.5005285334345496
0.4994654884878101	0.5005345115121895
0.4994851180121259	0.5005148819878737
0.49953343089183966	0.50046656910816
0.49949478618787724	0.5005052138121224
0.4995820796515891	0.5004179203484106
0.49966073528282334	0.5003392647171763
0.4994691667935263	0.5005308332064734
0.49964112366876307	0.5003588763312365
0.4996696242174922	0.5003303757825074
0.4994772284944168	0.5005227715055829
0.4995456748422156	0.500454325157784
0.4995504596268819	0.5004495403731178
0.4996492969195007	0.500350703080499
0.4996384553457932	0.5003615446542065
0.49960034845314216	0.5003996515468575
0.4995559015893248	0.5004440984106748
0.4995201040908303	0.5004798959091693
0.4996307672478108	0.5003692327521888
0.4994711925858406	0.5005288074141591
0.4995973835947655	0.5004026164052342
0.49963602571643895	0.5003639742835607
0.49948289308491955	0.5005171069150801
0.4995894741709256	0.5004105258290741
0.499476984361167	0.5005230156388326
0.4995235764786491	0.5004764235213506
0.49946305920846434	0.5005369407915353
0.49964808720484727	0.5003519127951523
0.49963521100936353	0.5003647889906362
0.49948671433632963	0.50051328566367
0.4995416579402996	0.5004583420597001
0.4995495563668979	0.5004504436331018
0.49957347091232446	0.5004265290876753
0.49952202693066966	0.5004779730693301
0.4995883963058778	0.5004116036941219
0.49964441496281103	0.5003555850371887
0.4996361361923928	0.5003638638076069
0.49960426193407015	0.5003957380659295
0.49950349996235405	0.5004965000376456
0.49958086238476485	0.5004191376152348
0.49956162318991765	0.500438376810082
0.49963973838903186	0.5003602616109678
0.49947073558446753	0.5005292644155321
0.49954341971893507	0.5004565802810645
0.49962390862392303	0.5003760913760766
0.49966332471285596	0.5003366752871437
0.4996456242648826	0.500354375735117
0.49962530857703424	0.5003746914229654
0.4995080234735806	0.5004919765264191
0.49964831072426413	0.5003516892757355
0.49966657978621226	0.5003334202137875
0.49960662562689145	0.5003933743731082
0.49965009318559445	0.5003499068144053
0.49966060445892735	0.5003393955410723
0.49952889945680257	0.5004711005431971
0.49962069647526897	0.5003793035247307
0.49949535143189794	0.5005046485681017
0.49960710891504995	0.5003928910849498
0.499494974217159	0.5005050257828407
0.49952380451831774	0.5004761954816819
0.49963815390322536	0.5003618460967744
0.4995414305914062	0.5004585694085935
0.49955424156348655	0.5004457584365132
0.49949210853283793	0.5005078914671618
0.4996198679991175	0.5003801320008822
0.4995423557240618	0.5004576442759379
0.49949421446994374	0.500505785530056
0.49953536713949076	0.5004646328605089
0.4996072924040466	0.500392707595953
0.4995417305406033	0.5004582694593964
0.4996030810674631	0.5003969189325366
0.4995161232940691	0.5004838767059306
0.49959526000817167	0.500404739991828
0.4995918228645994	0.5004081771354003
0.49955366375937765	0.500446336240622
0.49962824256604915	0.5003717574339505
0.49952524757147243	0.5004747524285272
0.4996359517622302	0.5003640482377695
0.49952566355890154	0.5004743364410981
0.4995707471243031	0.5004292528756965
0.49949316387225046	0.5005068361277493
0.49956782301493885	0.5004321769850608
0.4996462483934795	0.5003537516065202
0.4996712566614821	0.5003287433385176
0.49957052457726053	0.5004294754227392
0.4995778702398867	0.5004221297601129
0.4996020601077179	0.5003979398922818
0.49963050470843606	0.5003694952915636
0.4996234288552717	0.500376571144728
0.49960527728194337	0.5003947227180563
0.49955553321118884	0.5004444667888108
0.4996403540565255	0.5003596459434742
0.4996043239364941	0.5003956760635055
0.4995671255030169	0.5004328744969828
0.49949607642672694	0.5005039235732728
0.49955651105453663	0.500443488945463
0.499509248565431	0.5004907514345687
0.49946560216251346	0.5005343978374862
0.49961416564851413	0.5003858343514855
0.49958304435285816	0.5004169556471415
0.4996188752388746	0.5003811247611251
0.4995659060148127	0.5004340939851869
0.4994878834810188	0.5005121165189809
0.4995114980050056	0.5004885019949941
0.49958404738698375	0.500415952613016
0.499495557995266	0.5005044420047337
0.4996497478332244	0.5003502521667752
0.49946696762869874	0.5005330323713009
0.4996710998273772	0.5003289001726224
0.4994669133848175	0.5005330866151821
0.49952236009745277	0.5004776399025469
0.49962115478135666	0.5003788452186431
0.4996217610202148	0.5003782389797848
0.49963756509249607	0.5003624349075035
0.4995198092221682	0.5004801907778315
0.4996150852242773	0.5003849147757224
0.4994928640238531	0.5005071359761466
0.49956426042960245	0.5004357395703972
0.4996627141410413	0.5003372858589583
0.49949384460565194	0.5005061553943477
0.4996105674871184	0.5003894325128813
0.4996513587289401	0.5003486412710595
0.49955987410098535	0.5004401258990143
0.4996281889566809	0.5003718110433187
0.4994710431685062	0.5005289568314935
0.4995032417638099	0.5004967582361898
0.4995138276320446	0.5004861723679551
0.4995287327130032	0.5004712672869964
0.4996522788433212	0.5003477211566785
0.4994805816450824	0.5005194183549173
0.4995528362424839	0.5004471637575157
0.4995720327248307	0.5004279672751689
0.4996330781731603	0.5003669218268393
0.4995646545932988	0.5004353454067009
0.4996017988571249	0.5003982011428747
0.49947274252371326	0.5005272574762865
0.4996311489249559	0.5003688510750438
0.49951214428961793	0.5004878557103817
0.49959088730362106	0.5004091126963787
0.49948997362762226	0.5005100263723774
0.49953423779602807	0.5004657622039717
0.499595609222929	0.5004043907770707
0.4994794229649211	0.5005205770350786
0.49952722069687544	0.5004727793031242
0.4994935708257698	0.5005064291742298
0.49949621260867266	0.500503787391327
0.4994902927139735	0.5005097072860262
0.4994887245651964	0.5005112754348033
0.4995994163365046	0.500400583663495
0.49948804810421066	0.500511951895789
0.49951568560882587	0.5004843143911738
0.4995561460598113	0.5004438539401884
0.4996581488526162	0.5003418511473834
0.49951913325931546	0.5004808667406841
0.49949916700975405	0.5005008329902456
0.49955671685752256	0.5004432831424771
0.49965051678163414	0.5003494832183656
0.49946797798281584	0.5005320220171838
0.499521050528008	0.5004789494719917
0.4995658126127008	0.500434187387299
0.49957283449593626	0.5004271655040634
0.499583285367167	0.5004167146328327
0.49949126067326965	0.50050873932673
0.4994853705918154	0.5005146294081843
0.4995615851558961	0.5004384148441036
0.499494676980834	0.5005053230191657
0.49955694244468096	0.5004430575553187
0.4995042077753458	0.5004957922246539
0.49964550189867174	0.5003544981013279
0.49964239040270136	0.5003576095972984
0.4996216840356681	0.5003783159643316
0.49947991226351757	0.500520087736482
0.49951553713438923	0.5004844628656104
0.4995645324040902	0.5004354675959094
0.4995728864286078	0.5004271135713919
0.499630518388011	0.5003694816119887
0.49946404485791446	0.5005359551420852
0.49946127690456693	0.5005387230954328
0.499669223526934	0.5003307764730657
0.49957937788907325	0.5004206221109264
0.49960957129481176	0.5003904287051879
0.49956764546819793	0.5004323545318018
0.4996383236147246	0.5003616763852751
0.49966612032343216	0.5003338796765675
0.4995848469779524	0.5004151530220472
0.49953862557108286	0.5004613744289168
0.4995201363102848	0.5004798636897149
0.49956863534022045	0.5004313646597792
0.49961093528294015	0.5003890647170595
0.49960608089602393	0.5003939191039758
0.49957872209510634	0.5004212779048933
0.4996160409326946	0.500383959067305
0.49950063041755877	0.5004993695824409
0.49948539069012415	0.5005146093098755
0.4996059853564119	0.5003940146435878
0.4996080410129616	0.500391958987038
0.49963226555020235	0.5003677344497973
0.49948910041793454	0.5005108995820651
0.4995976990327301	0.5004023009672696
0.4995164261040577	0.5004835738959419
0.49955003591374864	0.5004499640862511
0.4995848339119688	0.5004151660880309
0.49954272492986856	0.5004572750701312
0.49958885576481243	0.5004111442351873
0.4995796178154481	0.5004203821845516
0.49956161719879305	0.5004383828012067
0.49950805921225655	0.5004919407877431
0.4995249259904643	0.5004750740095354
0.4996352849027616	0.5003647150972381
0.49946931806955297	0.5005306819304467
0.4995614104683041	0.5004385895316955
0.4994790838382584	0.5005209161617413
0.49955887990421743	0.5004411200957822
0.49965470039964216	0.5003452996003575
0.4996327002713834	0.5003672997286163
0.4995092436035447	0.500490756396455
0.4994704291118122	0.5005295708881874
0.49957550769732745	0.5004244923026722
0.49966129974999446	0.5003387002500053
0.4995142893461281	0.5004857106538715
0.49963375737993565	0.500366242620064
0.49946124562334615	0.5005387543766535
0.4995032419746713	0.5004967580253283
0.4994881210642578	0.5005118789357419
0.4996271512599925	0.5003728487400072
0.49948700308464444	0.5005129969153552
0.49961123021471293	0.5003887697852868
0.49946428767237955	0.5005357123276202
0.49948589769381097	0.5005141023061888
0.49960894713145304	0.5003910528685467
0.4996521387437475	0.5003478612562522
0.4996216911390319	0.5003783088609678
0.49949198676803636	0.5005080132319634
0.49958295330235014	0.5004170466976495
0.49957631659528995	0.5004236834047097
0.49965684574733876	0.5003431542526608
0.4995546774624805	0.5004453225375192
0.499651716843237	0.5003482831567626
0.4995254096908133	0.5004745903091863
0.4994625778066477	0.500537422193352
0.499671304045279	0.5003286959547206
0.49964338200743186	0.5003566179925678
0.4996577289276322	0.5003422710723674
0.49962241346672775	0.5003775865332719
0.4995929788311089	0.5004070211688907
0.49956581102199554	0.5004341889780042
0.4995289103466838	0.5004710896533159
0.4995480459480487	0.500451954051951
0.49959215975790666	0.5004078402420931
0.4995528678380741	0.5004471321619255
0.49963820044778284	0.5003617995522168
0.4995370871604605	0.5004629128395391
0.49954259449748895	0.5004574055025107
0.499514196417302	0.5004858035826977
0.4996334015334255	0.5003665984665742
0.49947458888751445	0.5005254111124853
0.4995408922246976	0.500459107775302
0.4994952285126015	0.5005047714873981
0.49948516759337663	0.5005148324066231
0.4995021791492735	0.5004978208507262
0.4995177044651785	0.5004822955348212
0.4995884477380253	0.5004115522619744
0.4994989352647017	0.500501064735298
0.4995834807989035	0.5004165192010961
0.499608880127338	0.5003911198726616
0.4995535888829043	0.5004464111170954
0.4995521653889747	0.5004478346110249
0.499513465164681	0.5004865348353187
0.4995433244187046	0.5004566755812951
0.49957470393507897	0.5004252960649207
0.4995250707127943	0.5004749292872054
0.49951421493063863	0.500485785069361
0.4996421871898046	0.5003578128101951
0.499460255877469	0.5005397441225307
0.4996203557754845	0.5003796442245151
0.4995495169141738	0.5004504830858258
0.4995541791097882	0.5004458208902115
0.49947718821525555	0.5005228117847441
0.4996127019573493	0.5003872980426504
0.49961412112779785	0.5003858788722019
0.4995808090545215	0.5004191909454782
0.49963661256816133	0.5003633874318383
0.49947559705623695	0.5005244029437627
0.49948411665147385	0.5005158833485258
0.4996437401425918	0.5003562598574078
0.49954021132482057	0.5004597886751792
0.4994842978957036	0.5005157021042961
0.49952237648348896	0.5004776235165107
0.4996711428009131	0.5003288571990865
0.4995186362816017	0.500481363718398
0.4996139251175035	0.5003860748824962
0.4995623377105231	0.5004376622894765
0.4996194261873659	0.5003805738126338
0.49947853169866974	0.5005214683013299
0.4995894197501349	0.5004105802498647
0.4995393318638443	0.5004606681361553
0.49948262173574826	0.5005173782642514
0.49965939239382673	0.5003406076061729
0.49947658795145833	0.5005234120485413
0.4995649804836495	0.5004350195163502
0.4995522886099034	0.5004477113900963
0.49967020282128094	0.5003297971787187
0.4995737954529853	0.5004262045470144
0.4996231813555947	0.500376818644405
0.4996567634290372	0.5003432365709625
0.49964797429279034	0.5003520257072094
0.49961748883799156	0.500382511162008
0.4995242185259523	0.5004757814740474
0.4995332852985683	0.5004667147014314
0.4994719002689861	0.5005280997310136
0.4995464335143701	0.5004535664856296
0.4996508340499866	0.5003491659500131
0.4994954509195833	0.5005045490804164
0.49950313500513877	0.5004968649948609
0.49952064165811183	0.5004793583418878
0.4995240372629617	0.500475962737038
0.49959502641889264	0.500404973581107
0.49956569291235714	0.5004343070876425
0.4996134299473422	0.5003865700526574
0.49964673034883017	0.5003532696511696
0.4996472160071324	0.5003527839928673
0.49960145129731154	0.5003985487026882
0.49963331293417446	0.5003666870658252
0.4994690449276318	0.5005309550723679
0.49955628923953016	0.5004437107604695
0.49963208081630467	0.500367919183695
0.4996414600198256	0.500358539980174
0.4994880085747317	0.500511991425268
0.4996551302258906	0.5003448697741091
0.4996582935835517	0.500341706416448
0.4995088609876508	0.5004911390123489
0.49959044310571044	0.5004095568942892
0.4996590107692402	0.5003409892307595
0.499637911402883	0.5003620885971167
0.49947779068890963	0.50052220931109
0.49956560990942667	0.500434390090573
0.49956572392607834	0.5004342760739213
0.4995729005357895	0.5004270994642102
0.4994733023148634	0.5005266976851362
0.49954009924327475	0.5004599007567249
0.4995362272925896	0.50046377270741
0.4996282953071967	0.500371704692803
0.49961892209860276	0.500381077901397
0.49952295799025737	0.5004770420097423
0.4995730683018011	0.5004269316981986
0.49960162708151606	0.5003983729184835
0.49950397987042494	0.5004960201295747
0.49953447021004643	0.5004655297899533
0.4994705549211686	0.500529445078831
0.4995336938066582	0.5004663061933415
0.49963968927580926	0.5003603107241904
0.4995422026231213	0.5004577973768783
0.4996629623198886	0.5003370376801111
0.49956492251324897	0.5004350774867506
0.49960891487115316	0.5003910851288464
0.4996179268196676	0.5003820731803321
0.4995140308716381	0.5004859691283616
0.4995160509935171	0.5004839490064826
0.4996111477109915	0.5003888522890082
0.49963698597574113	0.5003630140242585
0.49963698736414824	0.5003630126358515
0.499527054476763	0.5004729455232367
0.49955624150760386	0.5004437584923959
0.49948848814137464	0.5005115118586251
0.49958296954027387	0.5004170304597257
0.49958559718666246	0.5004144028133372
0.4996587777556686	0.5003412222443311
0.49950501318939944	0.5004949868106002
0.4995410935066983	0.5004589064933014
0.4996392984802767	0.500360701519723
0.49954905454860177	0.5004509454513979
0.4995254342030294	0.5004745657969702
0.4996075292008358	0.5003924707991638
0.49961026964901456	0.5003897303509851
0.49962472793468876	0.5003752720653108
0.49956844660559163	0.500431553394408
0.4996021821276622	0.5003978178723374
0.4994929997794683	0.5005070002205313
0.49953806587694616	0.5004619341230535
0.499475533420005	0.5005244665799947
0.4994674922513029	0.5005325077486968
0.4995704681867059	0.5004295318132937
0.49958694155392397	0.5004130584460756
0.499482851997766	0.5005171480022337
0.4996036632341985	0.5003963367658011
0.49965590138688326	0.5003440986131165
0.4996402699146689	0.5003597300853307
0.49949660795407735	0.5005033920459223
0.49954035271716285	0.5004596472828369
0.49966200637048896	0.5003379936295107
0.4996460528125995	0.5003539471874001
0.499475129889698	0.5005248701103017
0.4996483502568661	0.5003516497431336
0.4994775515858898	0.5005224484141099
0.4995802793555014	0.5004197206444982
0.4995850421036325	0.5004149578963671
0.4995264039973593	0.5004735960026404
0.499569534417629	0.5004304655823707
0.4996225108636063	0.5003774891363933
0.4995224939188061	0.5004775060811936
0.4994971628953797	0.50050283710462
0.4996636994790187	0.500336300520981
0.4996617264538784	0.5003382735461213
0.4996566735428091	0.5003433264571906
0.49960459030715176	0.5003954096928479
0.49966363871236996	0.5003363612876297
0.49951138802766026	0.5004886119723394
0.49952865669179025	0.5004713433082094
0.49952731363672415	0.5004726863632755
0.4994669621068153	0.5005330378931844
0.49952452015456594	0.5004754798454337
0.49958069236550867	0.5004193076344909
0.49964641918010466	0.500353580819895
0.49961561262026555	0.5003843873797341
0.49964268843467563	0.500357311565324
0.4995769057318257	0.5004230942681739
0.49947431200729164	0.500525687992708
0.499655308284832	0.5003446917151677
0.49949894846590814	0.5005010515340915
0.49961559219643026	0.5003844078035694
0.4996667827919186	0.500333217208081
0.4996088286755821	0.5003911713244176
0.49947589151554167	0.500524108484458
0.4996371037977018	0.5003628962022978
0.49953942527697237	0.5004605747230273
0.49959866005825176	0.500401339941748
0.4996697029169725	0.5003302970830271
0.4994913523948876	0.500508647605112
0.49956464011431784	0.5004353598856818
0.49953308537347574	0.5004669146265239
0.49949477533885966	0.50050522466114
0.49952467433575565	0.500475325664244
0.49961781158159096	0.5003821884184086
0.4995545311923314	0.5004454688076683
0.4996171406219616	0.5003828593780381
0.49956869352012595	0.5004313064798737
0.49961678295328243	0.5003832170467172
0.4995811034806718	0.5004188965193279
0.4995357546827452	0.5004642453172544
0.4995719666565493	0.5004280333434504
0.4996072210661601	0.5003927789338396
0.49952702419461986	0.5004729758053799
0.49958151263466954	0.5004184873653301
0.4994936609692805	0.5005063390307192
0.499662246869306	0.5003377531306936
0.49954795127685436	0.5004520487231453
0.499627553896634	0.5003724461033656
0.4996492736106882	0.5003507263893114
0.499494927295898	0.5005050727041016
0.49947153124344634	0.5005284687565533
0.49961843803637684	0.5003815619636228
0.4996227008566511	0.5003772991433486
0.4996309720331986	0.500369027966801
0.4996654871612014	0.5003345128387983
0.4995663863888503	0.5004336136111494
0.49952342317234005	0.5004765768276596
0.49966914826283926	0.5003308517371604
0.4996382889879098	0.5003617110120899
0.4994910762284692	0.5005089237715304
0.49952448648920134	0.5004755135107983
0.4995015568169285	0.5004984431830712
0.4996661535279957	0.500333846472004
0.4996396992656275	0.5003603007343721
0.49956437075801324	0.5004356292419864
0.49954158494696754	0.5004584150530321
0.4996440725640494	0.5003559274359503
0.4996535059550274	0.5003464940449722
0.4995864008892125	0.5004135991107872
0.4996649557667688	0.5003350442332308
0.49951272435390254	0.5004872756460972
0.49946293079433357	0.5005370692056661
0.49955812628863216	0.5004418737113675
0.49962383398162863	0.5003761660183711
0.4994692333869192	0.5005307666130805
0.49967004197094517	0.5003299580290546
0.49962815577435915	0.5003718442256405
0.499480514585402	0.5005194854145977
0.49959568112770175	0.500404318872298
0.49951991713569827	0.5004800828643015
0.4995190857142949	0.5004809142857047
0.4996679164682244	0.5003320835317753
0.4994803529405289	0.5005196470594708
0.4996082885964533	0.5003917114035463
0.49960722461818924	0.5003927753818105
0.4995083202201859	0.5004916797798138
0.4995289372603654	0.5004710627396343
0.49950883353790654	0.5004911664620931
0.4995758820779136	0.5004241179220861
0.49950014315763114	0.5004998568423685
0.49949776344128405	0.5005022365587156
0.49952604758686037	0.5004739524131393
0.4995555223871381	0.5004444776128616
0.4996127040463576	0.5003872959536421
0.49966060620606356	0.5003393937939361
0.49949517551532696	0.5005048244846727
0.4996152282936897	0.5003847717063099
0.4995765793816465	0.5004234206183531
0.4995346508462298	0.50046534915377
0.4996592228225864	0.5003407771774132
0.4995207304269552	0.5004792695730444
0.4995713190235707	0.5004286809764289
0.49953434859559825	0.5004656514044014
0.499628720350559	0.5003712796494407
0.49964985857029703	0.5003501414297026
0.4995038154522506	0.500496184547749
0.49965719364035394	0.5003428063596457
0.4995360238825902	0.5004639761174094
0.4996527175176286	0.5003472824823711
0.4994998176262111	0.5005001823737886
0.4995279711916604	0.5004720288083393
0.49961272731767764	0.5003872726823221
0.4995762735188157	0.5004237264811839
0.49965241407005023	0.5003475859299494
0.49960322319728967	0.50039677680271
0.4995714778474079	0.5004285221525918
0.49950585428206457	0.5004941457179352
0.4995385082406473	0.5004614917593524
0.4995346119273759	0.5004653880726238
0.49964801932761427	0.5003519806723854
0.4995123720254594	0.5004876279745403
0.49960140253879975	0.5003985974612
0.4996496055098809	0.5003503944901188
0.4995456379163006	0.5004543620836991
0.4996595525628939	0.5003404474371057
0.4995422928477351	0.5004577071522646
0.4995039578361283	0.5004960421638713
0.4996312343163895	0.5003687656836102
0.49954595232430954	0.5004540476756901
0.49959501961874564	0.500404980381254
0.4995382048222398	0.5004617951777598
0.49949922310144595	0.5005007768985537
0.49966448298805544	0.5003355170119442
0.4996169449729581	0.5003830550270415
0.4995979954401002	0.5004020045598995
0.49958696427560223	0.5004130357243974
0.4996474524025097	0.5003525475974899
0.49966115333275357	0.5003388466672462
0.49959574864588385	0.5004042513541158
0.4995179597775026	0.5004820402224971
0.49949342464168117	0.5005065753583184
0.4995164018851205	0.5004835981148792
0.4994936342407269	0.5005063657592728
0.4994740182276304	0.5005259817723693
0.4996044863857984	0.5003955136142013
0.49950042389103244	0.5004995761089672
0.4995515020154728	0.5004484979845268
0.4995298106387893	0.5004701893612103
0.49952422197940255	0.5004757780205971
0.4996281544994799	0.5003718455005197
0.4995566151198354	0.5004433848801643
0.49960718489908834	0.5003928151009113
0.49950943751992005	0.5004905624800796
0.49955033692151757	0.5004496630784822
0.4996485564455562	0.5003514435544435
0.4995618520368771	0.5004381479631226
0.4995565859374587	0.500443414062541
0.49965053811870574	0.5003494618812939
0.49957825745281076	0.5004217425471889
0.4994769668609054	0.5005230331390943
0.49957447181139153	0.5004255281886082
0.4995811741035458	0.5004188258964538
0.49955787638935634	0.5004421236106433
0.49965548823156003	0.5003445117684396
0.49954441532169747	0.5004555846783022
0.4996495728886191	0.5003504271113806
0.49965515357436113	0.5003448464256386
0.4996317490344669	0.5003682509655328
0.49963640982865376	0.5003635901713459
0.4995059406155916	0.500494059384408
0.49965792504045353	0.5003420749595461
0.49963491946839494	0.5003650805316048
0.4996095355951354	0.5003904644048642
0.4996423685615707	0.5003576314384289
0.4995630016827497	0.50043699831725
0.49959363852980493	0.5004063614701948
0.4996234233613863	0.5003765766386133
0.49963137313345257	0.5003686268665472
0.4996264152618335	0.5003735847381662
0.499558139788249	0.5004418602117507
0.4996136441483142	0.5003863558516854
0.49961943615149756	0.500380563848502
0.4995559339713022	0.5004440660286975
0.49948974072143093	0.5005102592785687
0.49955072033791603	0.5004492796620836
0.4995164355897413	0.5004835644102584
0.4996325097614169	0.5003674902385827
0.4996216415848526	0.500378358415147
0.4995748897989773	0.5004251102010224
0.4995717109461271	0.5004282890538725
0.499494552951658	0.5005054470483417
0.4995197815409583	0.5004802184590413
0.4996199342427139	0.5003800657572858
0.4996001154228902	0.5003998845771095
0.499526496429149	0.5004735035708507
0.49947361272988283	0.5005263872701168
0.4996127764520339	0.5003872235479658
0.4996176411624173	0.5003823588375824
0.49950532023067895	0.5004946797693207
0.49948582013718446	0.5005141798628152
0.49962190280855173	0.500378097191448
0.49956053369146747	0.5004394663085322
0.4996514887431999	0.5003485112567998
0.49959386206329215	0.5004061379367075
0.4995160821872345	0.5004839178127652
0.49949607399674956	0.5005039260032501
0.49963061257791797	0.5003693874220817
0.4994824437592235	0.5005175562407762
0.4995056287709171	0.5004943712290826
0.4995259726426157	0.500474027357384
0.49946749665705137	0.5005325033429483
0.4995674661336354	0.5004325338663643
0.49962021911246357	0.5003797808875361
0.49967027738039554	0.5003297226196042
0.4996619951946056	0.500338004805394
0.4995210622367546	0.500478937763245
0.4995901800752873	0.5004098199247123
0.4995228094118744	0.5004771905881252
0.4996411142618532	0.5003588857381465
0.49963147554803133	0.5003685244519683
0.4995237705507972	0.5004762294492024
0.4996403739455792	0.5003596260544205
0.49958786095599483	0.5004121390440048
0.4994762218298458	0.5005237781701538
0.49946532147688694	0.5005346785231127
0.49955270724777595	0.5004472927522237
0.4995740916382243	0.5004259083617754
0.49947502099577534	0.5005249790042243
0.49949427202737195	0.5005057279726277
0.4995270396542824	0.5004729603457172
0.4996617217116926	0.500338278288307
0.4995951301983366	0.5004048698016631
0.49946472502306294	0.5005352749769367
0.4996311669052766	0.5003688330947231
0.4994944654765887	0.500505534523411
0.4995799498832638	0.5004200501167358
0.4996683899616723	0.5003316100383274
0.49947797726124554	0.5005220227387541
0.49964289757877955	0.5003571024212201
0.4996276008474247	0.500372399152575
0.49951332186837527	0.5004866781316244
0.4996419030929332	0.5003580969070665
0.49960315843084185	0.5003968415691579
0.4996063307471524	0.5003936692528473
0.4995626250252626	0.5004373749747371
0.4995328112598156	0.500467188740184
0.4994843869075302	0.5005156130924695
0.4996462614912241	0.5003537385087755
0.49948227729894334	0.5005177227010563
0.4995964143178655	0.5004035856821342
0.4996357894411069	0.5003642105588927
0.49966824312599795	0.5003317568740018
0.4995899945781254	0.5004100054218743
0.49959987993071037	0.5004001200692892
0.4996277761778445	0.5003722238221552
0.4996655274816115	0.5003344725183881
0.499522843071376	0.5004771569286236
0.49954690494005577	0.5004530950599438
0.49948422375719365	0.5005157762428061
0.4994616921364571	0.5005383078635426
0.49966811282420676	0.5003318871757929
0.4995575641995215	0.5004424358004782
0.4995859417341225	0.5004140582658771
0.49949827371080097	0.5005017262891988
0.49954737633588536	0.5004526236641142
0.49957990435379945	0.5004200956462002
0.4994828770205816	0.5005171229794181
0.49961833231248165	0.500381667687518
0.4995536957309844	0.5004463042690153
0.4995517480181865	0.5004482519818131
0.49954606175299593	0.5004539382470038
0.4995870527874264	0.5004129472125733
0.49956140722428133	0.5004385927757183
0.49954733532600293	0.5004526646739967
0.4996650236218014	0.5003349763781983
0.49953608988732956	0.5004639101126701
0.49965613532443615	0.5003438646755636
0.4995582321767815	0.5004417678232181
0.4994997951517587	0.500500204848241
0.4996339992348453	0.5003660007651544
0.4995203349091983	0.5004796650908014
0.4995368028918743	0.5004631971081254
0.49961833404198736	0.5003816659580124
0.4996037544273711	0.5003962455726285
0.49958682127478654	0.5004131787252132
0.4996031532558929	0.5003968467441068
0.49947518636911875	0.5005248136308809
0.49951964066885624	0.5004803593311434
0.4996543736434217	0.500345626356578
0.4995359852105368	0.5004640147894628
0.4994964098548522	0.5005035901451474
0.49963205979832187	0.5003679402016779
0.49964942285889563	0.500350577141104
0.49960102449577326	0.5003989755042264
0.4995823967086941	0.5004176032913056
0.4994655289450072	0.5005344710549925
0.49952467239432574	0.5004753276056739
0.49966099916269996	0.5003390008372997
0.4995771250245051	0.5004228749754946
0.4995999605759134	0.5004000394240863
0.4996140371989385	0.5003859628010612
0.4995528811859217	0.5004471188140779
0.4995350754219754	0.5004649245780243
0.4995546731761207	0.500445326823879
0.49949329033563916	0.5005067096643605
0.49947012083252296	0.5005298791674767
0.499629181789266	0.5003708182107337
0.49948070177737997	0.5005192982226198
0.49954860769090975	0.5004513923090899
0.49955315266906575	0.5004468473309339
0.49946248556235107	0.5005375144376486
0.4995405473652426	0.500459452634757
0.49952325271241727	0.5004767472875824
0.49962010611903296	0.5003798938809667
0.49966339832311163	0.5003366016768881
0.4995293059874267	0.500470694012573
0.49950376545794634	0.5004962345420534
0.49964645887272763	0.500353541127272
