0.18157057002581073	0.09092829600360142	0.0909299885756727	0.2728073725854613	0.36376377280945366
0.18155661086249675	0.09100677915814902	0.09092472659155644	0.2728017315991446	0.363710151788653
0.18164147801465547	0.09094921724908375	0.09093401904642115	0.2727603364449126	0.36371494924492687
0.18164639824231998	0.09094292465690343	0.09092816871238626	0.2727911700549023	0.3636913383334879
0.1816465106900907	0.09095714227161378	0.09093298473044253	0.2727657277244046	0.36369763458344817
0.1816970666892056	0.09089087275898595	0.09092378664228548	0.2727923902193724	0.36369588369015027
0.18170400638394474	0.09089499661986991	0.09092222451829063	0.2727943636680499	0.36368440880984465
0.1816783283196275	0.09089097552546219	0.09093022711701529	0.27278895600061404	0.3637115130372808
0.18155533530860887	0.09097774252437425	0.09091938223810896	0.2728089543513658	0.3637385855775419
0.18157958252560463	0.09098543081984312	0.09093105190758452	0.27277196120552755	0.36373197354143993
0.18161996937575264	0.09095937997907298	0.0909310720315637	0.2727895916357722	0.36369998697783823
0.18157696231874956	0.09097450659005149	0.0909293409668396	0.2727598499625725	0.3637593401617866
0.18164852964488482	0.09096129734735661	0.09092530047475371	0.2727763366909369	0.3636885358420677
0.1816312190345738	0.09094708920053039	0.09092657592325766	0.2727881555363688	0.36370696030526917
0.18168666209025722	0.09094268013954303	0.09092984130222813	0.2727597308220641	0.3636810856459073
0.18167618752110612	0.09090378183489921	0.09092010382442899	0.2728010269356	0.36369889988396553
0.18155306188214068	0.09101171965158819	0.0909186286116844	0.2728089050070368	0.3637076848475497
0.18163922205260416	0.09092071297160786	0.0909258591963096	0.27276466309968495	0.3637495426797932
0.18158592391032333	0.09096276123385501	0.09092324159199336	0.2728035212937485	0.3637245519700795
0.18159048045351678	0.09099485937695025	0.09091779218519146	0.27276009219586367	0.36373677578847763
0.18155976216899852	0.09099223394037506	0.09093150544706195	0.2727654078094526	0.3637510906341117
0.18155444938135737	0.09099423720365027	0.09092258011009662	0.2727902288730007	0.3637385044318948
0.18157555870680583	0.09097329663873893	0.0909224878874671	0.27281644698038177	0.3637122097866062
0.18162159608609302	0.0909434093576027	0.0909254467215545	0.27279120982992	0.36371833800482956
0.1816846294539869	0.09089071692400999	0.09093563499748031	0.2727639609013528	0.3637250577231699
0.18164836875820187	0.09092540122290158	0.09093752496341445	0.27278766503551866	0.36370104001996323
0.18163047703480859	0.09093242664511782	0.09093196116228697	0.2727898236638953	0.36371531149389114
0.18165121532643425	0.09095775948162889	0.0909235083780898	0.27276178486752356	0.3637057319463234
0.18164282987512043	0.09090206680654417	0.09092284938584977	0.2728157180754792	0.3637165358570062
0.18158048920866843	0.09098272623207604	0.09092097245363501	0.27280472005856066	0.36371109204705965
0.1816093448215653	0.09095841013468177	0.09091795117888736	0.2727823740269522	0.36373191983791314
0.1816275001441081	0.09092853360437225	0.09092504463403664	0.2728075982496559	0.3637113233678269
0.18157988135785147	0.09101654411353824	0.09092224038678229	0.27278952234214876	0.363691811799679
0.1815508219668685	0.09100335963176949	0.09092483813083443	0.2728178265888572	0.36370315368167017
0.18155479260951524	0.09098078883853714	0.09092920442070043	0.2728140542588812	0.36372115987236575
0.18162382050499887	0.09095350199084158	0.09091978587392878	0.2727675386664118	0.3637353529638188
0.1816289544740442	0.09090537377278382	0.09092909389647202	0.27278818688085216	0.3637483909758476
0.181568308163689	0.09094369670718729	0.09093282228849396	0.272818569836843	0.3637366030037865
0.18161336096658612	0.09093092667777286	0.0909254102199637	0.27278079208460576	0.36374951005107137
0.1815909812100424	0.0910023539416429	0.09092170029488476	0.27276840241760264	0.3637165621358271
0.18157876796755595	0.09097919092618831	0.09092968686117017	0.27281302833321996	0.3636993259118654
0.18156763081535382	0.09095960974970532	0.09092199357300293	0.27281591305394004	0.36373485280799767
0.1815604411333437	0.09099653159502125	0.09092174360025852	0.2727903126523515	0.3637309710190249
0.1816069480311219	0.09097227827026302	0.09092158591842794	0.27280198092106356	0.3636972068591233
0.18156531463177203	0.09100489863950455	0.09092312673426871	0.272774198935084	0.3637324610593705
0.18165747939331892	0.0908917973547582	0.09091851825942078	0.2727831207353919	0.36374908425710994
0.18165440992969584	0.09094302388340651	0.09092281410187152	0.2727688947010005	0.3637108573840254
0.18165888386285706	0.09096531964705157	0.09092360479303366	0.2727666058566739	0.3636855858403836
0.18163980624957057	0.09098268235717774	0.09093498165927075	0.2727607394317584	0.36368179030222236
0.18157299806184304	0.09095690334524173	0.09092553081931647	0.27280103569776265	0.3637435320758359
0.18157618736450815	0.09092270932811691	0.09093814910290979	0.27281347349470136	0.3637494807097636
0.18163217169743254	0.09097927362382588	0.09093274861034681	0.2727662405081601	0.36368956556023446
0.18164790641032752	0.09091941731083275	0.09092185530490118	0.27279359632181893	0.3637172246521194
0.18160142981484012	0.09093615667546179	0.09093126582241956	0.27278273122384	0.3637484164634383
0.18169158175601005	0.09089581560990852	0.0909324828216485	0.27278914049608216	0.3636909793163506
0.18161016206598923	0.09095385766494916	0.09093584631456905	0.2727898965997024	0.3637102373547899
0.18166162772296693	0.09090457040633561	0.09093020997627498	0.27280288686717685	0.3637007050272454
0.1815564967497323	0.09099443527937243	0.0909192003494646	0.2727750473127192	0.3637548203087113
0.18155556659105368	0.09101334391424608	0.09093160572338994	0.2727693869978318	0.36373009677347823
0.181632273361238	0.09093131970423374	0.09092420856698002	0.27280093196469163	0.3637112664028564
0.18161733049038492	0.09094915818164141	0.0909215062894941	0.2727656879455257	0.3637463170929537
0.1816942655422687	0.09091121768713724	0.0909209165348361	0.27279351260785883	0.36368008762789894
0.1816816993043004	0.0908936458585531	0.0909236865272623	0.2727739754458367	0.3637269928640473
0.18155631364758298	0.09100171161235741	0.09093607539124014	0.2728080458424409	0.36369785350637834
0.18160553719003003	0.09095312082425645	0.09093353431298153	0.27281548179927645	0.36369232587345535
0.18158605241770898	0.09095865805900755	0.09093220254172671	0.2728152222142358	0.3637078647673207
0.18160264946331686	0.0909061042783584	0.09093584256316688	0.27281876542200056	0.3637366382731571
0.18157220162450333	0.09093629307771695	0.0909269599485662	0.2728123467674095	0.36375219858180374
0.18163906298652657	0.09093775947752608	0.09092699079605243	0.27275884622852964	0.363737340511365
0.18169551419994462	0.09092073325593292	0.09092331919201121	0.2727680031564683	0.36369243019564274
0.1816899825223921	0.09092177663440212	0.09092474135846786	0.27277593250671955	0.36368756697801813
0.1816959338443145	0.09090474707210369	0.09092683247425773	0.2727719204252441	0.36370056618407975
0.18160394263082197	0.09100479825304525	0.09092557102721882	0.27276748829391184	0.3636981997950019
0.18161020528729177	0.09098472446293766	0.09092335539571382	0.2727707167429463	0.3637109981111103
0.18158797200060386	0.09096584826747882	0.09093754323069224	0.2727697349689088	0.36373890153231614
0.18162416386679817	0.09092572424015892	0.09093126063796148	0.2728001291122032	0.36371872214287804
0.18166689191308213	0.09089841048834685	0.09092367150795504	0.27277261482303317	0.36373841126758255
0.18168239241296447	0.09091217278568327	0.09092409916194592	0.27279193108684996	0.36368940455255616
0.1816005388998136	0.09094926424087432	0.09093685477006565	0.2728082431373651	0.3637050989518811
0.1816203039190985	0.09095575736608516	0.09093783122356394	0.2727932670694826	0.36369284042176964
0.18162004667886836	0.09090997168091698	0.09093321816257546	0.27280739795369163	0.36372936552394736
0.18165180003203873	0.09097548959493744	0.09092029124416968	0.2727585741019303	0.3636938450269237
0.1816076362108381	0.09098362190702712	0.09092424785689747	0.2727766761512776	0.36370781787395945
0.18164463667188363	0.09096142548996973	0.0909379543845521	0.2727660958637618	0.36368988758983245
0.18161626920165957	0.0909452005410213	0.09092819732112908	0.27278828531398375	0.36372204762220606
0.18156475351260623	0.0909905574202842	0.09092600065830121	0.27277288787443754	0.36374580053437056
0.18160237061028803	0.09099944356426722	0.09092873688687732	0.2727804663821984	0.36368898255636883
0.18161021744052513	0.09097435199684556	0.0909276691630378	0.2727650192556683	0.3637227421439231
0.1815505507028183	0.09099543408861184	0.09092577481001586	0.27280155952454566	0.36372668087400817
0.18165140076330547	0.09097020740865047	0.09091746879972634	0.2727780963302847	0.3636828266980328
0.18158308159031716	0.0909795851063695	0.09092532419299323	0.27281089747055287	0.36370111163976704
0.18160424941442926	0.09089989713791786	0.09093288702200872	0.2728098716499874	0.36375309477565654
0.1816530851867723	0.09091912081078381	0.09092393818823317	0.2727827746492296	0.3637210811649808
0.1815931555105315	0.09093791337667728	0.09093177950014678	0.2727730931072698	0.3637640585053744
0.1815808003869689	0.09099100229781618	0.09091768561863534	0.27280702008446855	0.3637034916121109
0.18160855406636672	0.09098398672106114	0.09092403957542063	0.27280093580735454	0.36368248382979673
0.181680085030346	0.0908990359258767	0.09092602069164588	0.27277783625802166	0.36371702209410955
0.18164175213418712	0.09089504873444054	0.09092900019330583	0.2727851884497392	0.3637490104883271
0.1816227539425979	0.09090494863406558	0.09092542184393325	0.27279191833199795	0.36375495724740514
0.1815668203587836	0.09097071147674399	0.09092772759887865	0.2727726319790843	0.36376210858650926
0.18156565297170513	0.0909731846630834	0.09093181974051148	0.2727852488935736	0.36374409373112615
0.18157547719653883	0.09096466105487017	0.09091730968459089	0.27278250094605117	0.3637600511179488
0.18159571259754706	0.09095182093072957	0.09091990145328965	0.2728155512499806	0.3637170137684529
0.18160789359221305	0.09094500759662401	0.09091838676927698	0.27276419659281076	0.363764515449075
0.18165860390123775	0.09097089675448357	0.09092102385511354	0.2727684851613239	0.363680990327841
0.1816249767283945	0.09091756919156457	0.09093743248469997	0.27276439343270087	0.3637556281626399
0.18161129271107473	0.09095361066040139	0.0909198674614745	0.2727949935744979	0.3637202355925514
0.1815757000652956	0.0909836585074388	0.09093217849916196	0.2727792300982029	0.3637292328299005
0.18156610787290953	0.09095615464264688	0.0909276305071759	0.2727916574391906	0.3637584495380769
0.18164780249871393	0.0909214896537129	0.09092435649787493	0.27281167432143544	0.36369467702826264
0.1815736434730581	0.09093626839691017	0.09092758541376962	0.2728083729192978	0.3637541297969641
0.18165880472171336	0.09094327066709267	0.09092050988912868	0.27278815007544643	0.3636892646466186
0.1816384557346568	0.09097740034894986	0.09093007062277522	0.2727616612494528	0.36369241204416514
0.18156952580048116	0.090984009008291	0.09092025191122245	0.2727699671217928	0.36375624615821234
0.181633502708213	0.09090736747416726	0.09091921614283617	0.2727755090897437	0.36376440458503967
0.18163528449561406	0.09098825720004453	0.09092598233667429	0.2727657409086645	0.36368473505900245
0.18158651752228178	0.0910076748531409	0.09092433154748546	0.27277235556832397	0.3637091205087677
0.18162957959543324	0.09093556641827823	0.09093061772444429	0.2727838268047099	0.3637204094571341
0.1815713076665545	0.09094657406308515	0.09092212032801772	0.27281158366100533	0.3637484142813371
0.18162675825717575	0.09095600888589095	0.09092356567050791	0.27277903426431416	0.363714632922111
0.18169605152390905	0.09091356025821863	0.09092744334435367	0.27277693270170267	0.36368601217181573
0.18157977472945266	0.09096158334489597	0.09093440606633812	0.2727615336963222	0.36376270216299084
0.18166597471966586	0.09093151529041288	0.09091884500905267	0.2727923813977375	0.3636912835831309
0.18169638202535113	0.09088984342382582	0.0909335460092957	0.27278473774908524	0.3636954907924419
0.18159590198498654	0.090930846105834	0.09092855656865824	0.27279300243038457	0.3637516929101364
0.1816020758081507	0.09094321402601477	0.0909349207761864	0.2727864659264734	0.36373332346317466
0.18167021611388573	0.09090351359259358	0.09092698782890354	0.27277918797644823	0.36372009448816867
0.1817148690287485	0.09091318524422966	0.09092284749039571	0.27276001291647783	0.3636890853201481
0.18170096006321543	0.0909055345324937	0.09091758029957446	0.2727667871616323	0.36370913794308396
0.18164424184112934	0.09089168015635893	0.0909316311151775	0.2727717055252928	0.36376074136204123
0.18167890059040162	0.09096009815194829	0.09092222289428538	0.27275827142039955	0.36368050694296494
0.18160059959945235	0.09092482427225193	0.09091916941433734	0.27279805148255354	0.3637573552314046
0.18159294223734507	0.09093842828315421	0.09092328052025123	0.27281386548585684	0.36373148347339246
0.18161088953063564	0.09095891529470942	0.09092459903852848	0.2727959268422352	0.36370966929389104
0.1816078910862523	0.09095706960933722	0.09092196174710285	0.27276510268981646	0.363747974867491
0.18164675949371512	0.09092775034536194	0.09092380291957594	0.27276654229714986	0.3637351449441969
0.18161839238000865	0.09094010887936213	0.0909247411878138	0.2727620215992662	0.36375473595354896
0.1815808056653988	0.09098794982211038	0.09093791457551754	0.2727839921765285	0.36370933776044456
0.18161652927213418	0.09095199549368298	0.0909179511383974	0.27276108535912297	0.3637524387366623
0.1816061644192817	0.09094647534743024	0.0909269039023011	0.27280327154358186	0.3637171847874049
0.18168423300109324	0.09092383720647411	0.09092419652922068	0.27277140215747564	0.3636963311057362
0.18160854044192176	0.09099521809455913	0.09091881860687805	0.27278799519630514	0.36368942766033563
0.18164998982266287	0.09091380922418014	0.09093125968926989	0.2728152363637541	0.36368970490013275
0.18169581434233562	0.09088839867611118	0.09092057486772998	0.272809153572392	0.36368605854143105
0.18163376635854697	0.09092622488786826	0.09091960196498086	0.27281794484076116	0.3637024619478425
0.18158537745437264	0.09096642626893935	0.0909357888064668	0.2727790333729413	0.3637333740972797
0.18163679258172544	0.09097202045543203	0.09093391264674727	0.27277026791084535	0.36368700640524976
0.18167710975870202	0.09089038246595176	0.09093391509291082	0.27277312180724134	0.3637254708751939
0.18167993190640408	0.09090634678937078	0.09093288882529553	0.2727617738559002	0.36371905862302917
0.18170652266731385	0.09090975396707965	0.09092530767281487	0.2727778752551104	0.36368054043768105
0.1815942632703153	0.09095422672454576	0.09093323441018142	0.2727961248008089	0.3637221507941484
0.18165808783292792	0.09093322299322348	0.09093232396573359	0.27279608708085	0.3636802781272648
0.18160356955318335	0.09098396954640908	0.09093408172771306	0.27276478886332955	0.3637135903093648
0.18167242309056897	0.09090798339481393	0.09093447847220877	0.2727987068770426	0.3636864081653655
0.1815732242932187	0.09097365896315229	0.09092581226765484	0.2728012617539588	0.3637260427220152
0.18163101943343468	0.09098247412502472	0.0909200948757831	0.2727626777092965	0.3637037338564607
0.18163473640074512	0.09091185129159525	0.09093209950875744	0.2727586080361954	0.36376270476270656
0.1815490538413274	0.09100857705432568	0.090926119913674	0.27276650348979925	0.3637497457008735
0.18169473192104382	0.09091056271091308	0.09093196373639942	0.2727779320503844	0.36368480958125904
0.18165630400237745	0.09090500364951744	0.09092243005477672	0.2727930991566888	0.3637231631366393
0.1815972179114229	0.09096406665897835	0.09093573988222178	0.2728126772941514	0.3636902982532254
0.1816282748003889	0.09095959833952649	0.0909197964680036	0.2728071254023221	0.36368520498975865
0.1815945114269909	0.09096526072702882	0.09093396783871793	0.27281632952538315	0.363689930481879
0.18165038340140402	0.0909067339226835	0.09092423476786983	0.27279616136095086	0.36372248654709155
0.18165372129340554	0.09090711191912934	0.09092938983446175	0.27277857960839547	0.3637311973446077
0.18157040945166908	0.0909763064827859	0.09092709724566247	0.27279550942026987	0.36373067739961246
0.18159533788848148	0.09097370908032154	0.09093281539268583	0.2727965532373403	0.3637015844011706
0.18167208549088204	0.09090297546677702	0.09092699387513983	0.27278547785092855	0.3637124673162723
0.18161395111718678	0.09099413945843818	0.09093250653586193	0.27277814162169123	0.3636812612668217
0.18156770343308248	0.09101321015834309	0.09091743044737176	0.27279745209662926	0.36370420386457325
0.18163420327861496	0.0909777749925109	0.09092922664686527	0.2727702931397232	0.36368850194228547
0.181550059743285	0.09099843367695523	0.09093213981840145	0.2727589147930093	0.36376045196834883
0.18169361972864	0.09090634494973171	0.09092355676915276	0.272783801681892	0.3636926768705834
0.18156434610615863	0.09099698942374405	0.09092891647045367	0.2727615641108704	0.363748183888773
0.1815682906275417	0.09100264831723559	0.0909351959638302	0.2727929049537514	0.3637009601376408
0.18157808976721945	0.09097742844568824	0.09093118773337656	0.27278642672694037	0.36372686732677517
0.181578924102633	0.09095248124984137	0.09093502979890561	0.2728098040545138	0.36372376079410607
0.18173011904254738	0.0908980039420324	0.09092245046003392	0.27276206171707346	0.36368736483831265
0.18162045963951545	0.09090161501285982	0.0909201992710679	0.2728050784566952	0.3637526476198614
0.1816367061055214	0.0909062283581401	0.09092715168992627	0.2727727746514868	0.3637571391949252
0.18170981603852374	0.09089545357169226	0.090918746203634	0.2727778195364746	0.36369816464967525
0.18155813779840463	0.09099811926676747	0.09091978875921414	0.27281859176752926	0.36370536240808427
0.1815539893274195	0.0909656375936399	0.09093707158000963	0.27279611092495243	0.3637471905739783
0.18165651589940718	0.09090485415094984	0.09092368765840103	0.27277052539894653	0.3637444168922952
0.1815881185308329	0.09097125454100738	0.09092098572753168	0.2727954019422012	0.3637242392584266
0.18154710056146267	0.0909864454210451	0.09092388002774977	0.27277873867315006	0.3637638353165921
0.18165963545765385	0.09094908301562393	0.0909204458322597	0.27277701798524323	0.36369381770921905
0.18160308220317684	0.09098161485213935	0.09093692816432511	0.2727655211847838	0.3637128535955747
0.18163965062158086	0.09098854698529826	0.09091806571411892	0.27277225301740105	0.3636814836616007
0.1816471368006622	0.09095140938033429	0.09092121120688805	0.27277871872906256	0.36370152388305277
0.18166398862430655	0.0909473516146275	0.09092507340131561	0.2727762919198523	0.3636872944398979
0.18160790505275956	0.09091028564036166	0.09092406036934382	0.2727963257140104	0.3637614232235243
0.18159002356299864	0.09093816181929519	0.09092086906000493	0.2728108337953786	0.36374011176232235
0.1815866056711702	0.09094233813846461	0.0909249212183426	0.27280554198715784	0.36374059298486455
0.18154715689956544	0.09099810831054841	0.09091858744446754	0.27277340994272936	0.36376273740268905
0.1815770221414189	0.09099277019684536	0.09091755566762315	0.2727615839848104	0.363751068009302
0.1816246253615704	0.09096781647946252	0.09093404335601149	0.2727743949316449	0.36369911987131043
0.1815802950934515	0.09099038356682444	0.09092316111525019	0.27279509091802484	0.3637110693064488
0.18158853746185977	0.09095651052894876	0.09093245162205964	0.2727622227348715	0.36376027765226004
0.1816115180542164	0.09096264802655013	0.09093588213747184	0.27275962145508276	0.3637303303266787
0.18166257045699613	0.09088999934456914	0.09093744164095567	0.2727903133450462	0.3637196752124326
0.18163042644632876	0.0909368852293369	0.09091743899634536	0.2728188372048629	0.36369641212312587
0.18160174804631385	0.09099492962909893	0.09092474020606961	0.27279301253427257	0.3636855695842448
0.18155257954912796	0.09096261244974935	0.09092710781422754	0.27281619347527586	0.3637415067116191
0.18164325979482812	0.09089650195524596	0.09092817344089607	0.2728054660764129	0.3637265987326168
0.1815671985441241	0.09094616101451503	0.09092702613996101	0.27279998580716	0.3637596284942397
0.18163228589717037	0.09089569054654675	0.09092476338362968	0.2727846024263454	0.3637626577463076
0.1815712046217209	0.09097392495247864	0.09093716668708926	0.27279775276095797	0.363719950977753
0.18159127928495047	0.09093092987065451	0.09093288230472393	0.27279015995118483	0.36375474858848605
0.18157443944732488	0.09098229608579675	0.09093473998188598	0.2728187816470456	0.36368974283794664
0.18158629159094242	0.09097836078616803	0.09092420033268298	0.2727854818031579	0.3637256654870485
0.1816321208785626	0.09089999130053754	0.0909260065064696	0.27279585845977655	0.3637460228546535
0.1816260198009242	0.09101007312088745	0.09091771855158844	0.27275967655568445	0.3636865119709153
0.18165360446386683	0.09093738106942767	0.09093073460913666	0.27278443824966925	0.36369384160789936
0.1816057534731792	0.09094974683955016	0.09093309887946573	0.2727939492014263	0.36371745160637836
0.18163590413917668	0.0909359307158645	0.09092485006207329	0.27280127429040707	0.3637020407924782
0.18166243353450176	0.09089529290931093	0.09092183817733657	0.2727951181380859	0.3637253172407646
0.1815955450148998	0.09093993697413788	0.09092008004308186	0.27279338090090605	0.3637510570669742
0.18165170099636868	0.09090155088247039	0.09092593363662518	0.2728107685631314	0.3637100459214041
0.18169072065833367	0.09090966696062247	0.090922327073062	0.27279243160173894	0.3636848537062427
0.18156055590304465	0.09097258167114086	0.09093277595426856	0.2728092996720814	0.3637247867994643
0.18161703785426914	0.09095803980818314	0.09092375964732999	0.27279677734922514	0.36370438534099236
0.18157720938647615	0.09094434513623884	0.09092149631323188	0.27281631269183515	0.36374063647221777
0.1816349922813254	0.09093987106149673	0.0909370301165189	0.27279426549759667	0.36369384104306207
0.18164696470760777	0.09088937312325851	0.09093308854117275	0.272799320303172	0.36373125332478873
0.18158149686526845	0.09093307978955814	0.09091935763460432	0.27280787805146156	0.3637581876591073
0.18158073022875723	0.0909430699108025	0.09093792496782072	0.27278499740150536	0.36375327749111397
0.18166884862346397	0.0909195628054909	0.09093574205529936	0.2727952730062111	0.3636805735095344
0.18161893028573728	0.09100105674933918	0.09093146801045494	0.2727617450902211	0.36368679986424735
0.18160370327434203	0.0909410429423029	0.09092269352792677	0.2727979684441461	0.363734591811282
0.18165646399850183	0.0909009198453929	0.0909220848322281	0.2727665962044143	0.36375393511946263
0.18159670356007265	0.09100857975399565	0.0909272559910638	0.27276850315702805	0.3636989575378396
0.18162650846680212	0.09091841755568594	0.09092754557898508	0.27281341336376475	0.3637141150347619
0.1816428119665486	0.09093431154468457	0.09092372962151754	0.27276055394908494	0.3637385929181642
0.1816589661192134	0.09092631099949797	0.09092428789991513	0.2727760762495699	0.36371435873180336
0.1815795985286363	0.09098669018364733	0.09092891954699306	0.27277880092372225	0.36372599081700085
0.18163598260057948	0.09091165303983442	0.09093009185337418	0.2727829918548291	0.3637392806513826
0.18162283628596032	0.09090282099231778	0.09092233537725525	0.2727884465458636	0.36376356079860284
0.18155233318376196	0.0909960935075642	0.09092442897949458	0.2728154116042784	0.36371173272490065
0.18162988023667398	0.09091398028461171	0.09093238489619566	0.2728021643971505	0.3637215901853679
0.18164609460790965	0.09089494243815227	0.0909263908098017	0.2728118483975336	0.3637207237466025
0.1815795886650169	0.09096757242794212	0.09093356555445106	0.27279039483033135	0.3637288785222583
0.1815702951798101	0.09100712266125967	0.0909225413822912	0.27279672243548364	0.3637033183411552
0.1816067615178374	0.09093017896186517	0.09093530640476738	0.2727951294165235	0.36373262369900633
0.18161590307312037	0.09092605951906078	0.09093517131212042	0.27281063340223244	0.36371223269346575
0.18158538577017813	0.09096304853369801	0.09092413846063384	0.2727725584803282	0.3637548687551616
0.18163907153597833	0.09090747716055306	0.09092945988649219	0.27279831057427145	0.36372568084270473
0.181556876033256	0.09096293220731165	0.09092690873126943	0.27279897320701163	0.3637543098211511
0.18159258612023133	0.09098790806386965	0.09092622053160675	0.27280997765829373	0.3636833076259983
0.18158544642985458	0.09094466057699122	0.09093003707627707	0.2728108217639158	0.3637290341529611
0.18164798460222165	0.09092557289367129	0.09093688860916693	0.2727719233858491	0.3637176305090908
0.1816765441893279	0.09089117325574274	0.09092905675950862	0.27279234434739846	0.3637108814480221
0.18160451165649064	0.09097624747613334	0.09092231290672267	0.2727998123675229	0.3636971155931302
0.18164773559361538	0.0909528081803675	0.09093444727692698	0.2727848523886178	0.36368015656047215
0.18158954673502997	0.0909937327667695	0.09092960103059114	0.2727925393164417	0.3636945801511675
0.18160093600099486	0.09097979212908563	0.09092742498496412	0.27277265891241204	0.3637191879725431
0.18166137112853148	0.09091724259338092	0.09093084276633444	0.27279045214577946	0.36370009136597353
0.1816257321955384	0.09092566230937268	0.09092970012855765	0.272810021395981	0.3637088839705501
0.18171741332909674	0.09090580303833291	0.09092459046866624	0.2727613145796611	0.36369087858424276
0.181631421497184	0.09092685661713101	0.0909225858619836	0.27277503009655113	0.36374410592715
0.18159488533992707	0.0909693394923398	0.0909243900011448	0.2727626531927076	0.3637487319738805
0.1815583608412668	0.09101647204148683	0.09092226968936609	0.2728132603678497	0.3636896370600304
0.18160416464813703	0.09098760458852209	0.09092788893475282	0.2727875573401677	0.36369278448842013
0.18160207124495228	0.09090661609943856	0.0909279677446466	0.2728138529359566	0.3637494919750057
0.1816017918478729	0.09095181249439892	0.0909313836255288	0.27280633892250505	0.3637086731096941
0.18159856544373668	0.09101054146513499	0.0909348679343878	0.2727667870400896	0.3636892381166507
0.1815501719316836	0.09101222869558748	0.09092212095421433	0.2727613918781512	0.36375408654036323
0.18156760668890815	0.09097326920173554	0.09092172121164749	0.27280751947541854	0.36372988342229007
0.18162703770795574	0.09098458619705174	0.09093490655195668	0.27276332628523875	0.3636901432577969
0.1816750847515438	0.0909414660372774	0.09093176476069041	0.27275800173150877	0.3636936827189794
0.1816276408214877	0.09093861513667512	0.09092772365849261	0.27279036546878843	0.36371565491455593
0.1815843188827301	0.09095185213192254	0.09092932178776982	0.2727718093237964	0.3637626978737809
0.18160290003367668	0.09093289915584668	0.0909312488231698	0.2727915791791529	0.36374137280815366
0.1816148570792994	0.09092816096333366	0.09093304798050023	0.27277026594303844	0.363753668033828
0.18160361860387483	0.0909737773456155	0.09092258140239227	0.2727676667830988	0.3637323558650184
0.18165356030205812	0.09092601895237304	0.09092302357766927	0.2727605651866408	0.3637368319812585
0.18159781367319297	0.09098450986414647	0.09091953858333146	0.2727655283963002	0.3637326094830287
0.18164448823669752	0.09091649922041033	0.09092881813413828	0.2727916463819111	0.36371854802684256
0.1816057055833349	0.09098689292161152	0.09092855850037523	0.27276405103162293	0.3637147919630552
0.1816589374921613	0.09090262577900259	0.09093745056905127	0.27281029223000436	0.36369069392978026
0.18159044822553733	0.09098501188676811	0.09092465665309374	0.27276681197791885	0.36373307125668175
0.18157492242997275	0.0909754477607693	0.09092355392994925	0.2727886668942381	0.36373740898507045
0.18168719266157424	0.09092383977462445	0.09092268088305915	0.2727685552223955	0.3636977314583464
0.1815520308521325	0.0909532442819444	0.09093585322126634	0.27280847754748516	0.36375039409717136
0.18155047895152382	0.09100091551352685	0.09093380634742207	0.2728151642721369	0.36369963491539015
0.1816358879275985	0.0909381803239252	0.09093197670987471	0.2727672180636659	0.36372673697493546
0.18169949287656442	0.09090620655543816	0.09092350996189966	0.27276232842129816	0.36370846218479935
0.18168148247024124	0.0909313435632729	0.09093236859893851	0.27277327116751454	0.3636815342000326
0.18169738587956424	0.09090477053147536	0.09093205418006299	0.27276975227131917	0.36369603713757803
0.18165523840705916	0.09091083930104635	0.09093514102844202	0.2728044457773591	0.36369433548609315
0.18159868446277094	0.09098653197683375	0.09092923712529916	0.27278645498380044	0.3636990914512955
0.1815872093477508	0.09093890651497002	0.09093808641933229	0.27279856905698535	0.3637372286609613
0.18162000290754504	0.09093687414626857	0.09092615207413049	0.27280484697736773	0.36371212389468793
0.18163058241422123	0.09094783378074045	0.09091924823972022	0.27279754956384267	0.3637047860014752
0.1816430270694912	0.09090931505643082	0.09093139597275729	0.27277183441195546	0.36374442748936503
0.18163591883002367	0.09090270303599537	0.09092012750871409	0.2727810602922335	0.3637601903330332
0.18165454704666933	0.09090571568299176	0.0909216787379774	0.2727640342019428	0.3637540243304185
0.18158006540068994	0.090954295381297	0.09093683997708461	0.27281175815916464	0.3637170410817636
0.18163362594600327	0.09089446785269867	0.0909249995039386	0.2727894707665204	0.3637574359308388
0.18163167355385326	0.09095728709856774	0.09092593161975698	0.2727841659499191	0.3637009417779027
0.18164800315004687	0.09091076859192547	0.09092989575877071	0.27277436611942363	0.36373696637983316
0.1816668636830908	0.09091996966485719	0.09091864138340011	0.27275882989579836	0.36373569537285333
0.18157369522256095	0.09096197214041936	0.0909270468876968	0.272785025672016	0.3637522600773067
0.18156635274342825	0.09100846396843021	0.09092938963764506	0.2728115866971323	0.363684206953364
0.18155166554043875	0.09101106465007963	0.09092021810105169	0.2727740307707359	0.3637430209376938
0.1815673285963248	0.0910131057466663	0.09093668499661431	0.2727659481040822	0.3637169325563122
0.18167312256723142	0.09089678642551069	0.09092722445843554	0.2727821514982723	0.3637207150505498
0.18168443175638138	0.09091633683162166	0.09093427391144686	0.27276089893435973	0.3637040585661902
0.18164313881570776	0.09097595497159626	0.09091749763544843	0.2727746537594116	0.3636887548178357
0.1816040722504392	0.09094546599054214	0.09093406534428766	0.27280132466721824	0.3637150717475125
0.18157002648213513	0.09097497031426506	0.09091809356610235	0.2728071845547906	0.3637297250827067
0.18161277866396902	0.09093227980555002	0.09092380036872821	0.2727734177367658	0.36375772342498675
0.18163683373477602	0.09096474774946556	0.09093618582892696	0.2727807591985747	0.3636814734882565
0.18164563439960418	0.09092477494975126	0.09092595520372465	0.2728128287263979	0.3636908067205218
0.1817068034689058	0.09090157632662733	0.0909184317429971	0.27277532637410395	0.36369786208736554
0.18160160271667786	0.0909455196137763	0.09092956393444482	0.2728006411997407	0.36372267253536006
0.1816546850633846	0.09095828508316647	0.09092059773788208	0.2727713103393332	0.3636951217762334
0.18155245022398386	0.09100338941050991	0.09093721582430712	0.27278665752965625	0.3637202870115426
0.18162641319323045	0.09092140660373685	0.09093618651284727	0.27280696621278777	0.3637090274773975
0.18161621497592473	0.09096005082611917	0.09093751364563565	0.2727877259681785	0.3636984945841417
0.1815627022928748	0.09098627120548897	0.09093722360142567	0.27280638017960623	0.3637074227206041
0.18155387084870145	0.09100123107428337	0.09091835115202501	0.2728052744521105	0.36372127247287944
0.1817039579729073	0.09089528789420548	0.09092110114511853	0.27277249257014285	0.36370716041762563
0.18161697998866477	0.09098510672386917	0.09092877276817365	0.2727845874283297	0.36368455309096254
0.18165310399436652	0.09096206834448475	0.09092749245587113	0.2727594059400649	0.3636979292652125
0.18158721524093627	0.09101373714881392	0.09092406966443228	0.2727774434249653	0.363697534520852
0.18155926685749027	0.09095022600242698	0.09092629882514368	0.2728015727847085	0.36376263553023036
0.18161559150233147	0.09098180504235792	0.09092334051521463	0.2727681314880586	0.36371113145203715
0.18159783487121028	0.09094381537213737	0.09093694302663317	0.2727978392131587	0.3637235675168603
0.18157768563360224	0.09094816219535617	0.09091844257704744	0.27281885185399407	0.36373685773999986
0.18159702004755054	0.09097482697371113	0.09092462407864092	0.2728134413539625	0.36369008754613463
0.18158442262875546	0.09098033757927787	0.09092469766535027	0.2728161459678454	0.36369439615877075
0.1816571876392532	0.09092976279863285	0.09093782286878277	0.27276406906182493	0.3637111576315061
0.18162746027936635	0.09097779778834358	0.09091757201372277	0.2727829025270305	0.36369426739153654
0.18173021318959592	0.0909069137779206	0.09091945995447892	0.2727607468962835	0.3636826661817209
0.18171627127186707	0.0909106540023931	0.0909287708324568	0.27275974765852884	0.36368455623475404
0.1816792650034031	0.09090466643544615	0.09092252963600958	0.27276746357622517	0.36372607534891577
0.18163169529896095	0.09092678750727709	0.09091911369837388	0.27276734695741045	0.36375505653797746
0.18166805811935047	0.09093157402737725	0.09093537773997956	0.272758577628879	0.3637064124844135
0.18156544641246	0.0909788215197641	0.09092464063802717	0.27279776680290774	0.3637333246268408
0.18160322759666708	0.09097406960405152	0.0909196736238034	0.27276068140297793	0.3637423477724998
0.18155027438204896	0.09095401729910846	0.09093638419500513	0.2728089887656242	0.3637503353582131
0.1816177718750192	0.09092519270139315	0.09092610117727351	0.27279626151259373	0.36373467273372023
0.18165338463017064	0.09090541858925709	0.09093009872929411	0.2727596266813114	0.36375147136996655
0.18168663494252313	0.09090635743575856	0.09092892527337212	0.27276438581769386	0.3637136965306521
0.18158577551015248	0.09098329041831166	0.0909183110450057	0.27277582108967136	0.36373680193685864
0.18155564048703576	0.09100445904613388	0.0909229435950798	0.27276053333727124	0.3637564235344791
0.18154722787451266	0.09100640892318895	0.09093321185672917	0.27277563145512224	0.3637375198904467
0.18155430680337253	0.09092863224790962	0.09093811095387175	0.27281788176817423	0.36376106822667165
0.18160118088605695	0.09101532539264068	0.09092167645884676	0.27276690265680553	0.36369491460564984
0.18157087187931797	0.09097705682176307	0.09092425610152707	0.2728081894051234	0.3637196257922683
0.18154768888882034	0.09099787756016124	0.09092364871884773	0.2727891679746215	0.363741616857549
0.1816186838484321	0.0909454174750709	0.09092896085165732	0.27276008065792434	0.36374685716691507
0.18155350789645752	0.09100257363697573	0.09092017016950707	0.27281693644316285	0.36370681185389664
0.18157877127578836	0.09100683268390268	0.09092776624974899	0.2727704403534258	0.36371618943713396
0.18157219834356692	0.09097495277340556	0.09092387142469167	0.27280257153612747	0.3637264059222081
0.18158683747630558	0.09097002999142159	0.0909340780447822	0.27281151628727585	0.3636975382002145
0.18160865738848636	0.09090923252389528	0.09093360206909035	0.2728171030347865	0.3637314049837413
0.18159642836313084	0.09094649570648201	0.0909240594137911	0.27279124336954735	0.3637417731470485
0.1816049937319524	0.09099334191456396	0.09093230204058982	0.27277081265941666	0.3636985496534769
0.18164201688367893	0.09092032525743196	0.09093696721549821	0.2727913387137354	0.3637093519296553
0.18167195157585742	0.09090095415747167	0.09092861583294426	0.27276493059790785	0.36373354783581857
0.18164535782772587	0.09091807684881631	0.09091740504435854	0.27281447299949324	0.3637046872796058
0.18157013393674212	0.09099734537918502	0.09092478402241558	0.272802111015898	0.36370562564575903
0.18156650897022183	0.09100000323588381	0.09092488980184738	0.272792795384489	0.36371580260755787
0.18163424171051074	0.09094052528218291	0.09093646154451732	0.2727642074005539	0.3637245640622349
0.18166771023187267	0.09093782584402847	0.09091859230402669	0.27276956091315563	0.36370631070691634
0.181601299199346	0.0909985673162222	0.09093394277893956	0.27277569908509414	0.3636904916203979
0.18169673797642735	0.0908957668259221	0.09092520839496712	0.27277475015760444	0.3637075366450787
0.18157948347948918	0.09092248056282166	0.09092972307515731	0.27280549721703146	0.36376281566550017
0.1816777593545698	0.09088981268283539	0.09092454984931912	0.2727597295641674	0.3637481485491081
0.18160600564611118	0.09089471389292043	0.090936167820984	0.2728129627344993	0.3637501499054848
0.181585300855077	0.09097108529297712	0.09092733834850376	0.272795292105095	0.3637209833983469
0.18160879918362643	0.09097464234952285	0.09093450797166108	0.2728011390019063	0.36368091149328313
0.1815535053977859	0.090959670606172	0.0909354436493531	0.27280800844070996	0.36374337190597883
0.18161811744236192	0.09099794479952233	0.09093455421259553	0.27276760151341006	0.36368178203211
0.18166402561512277	0.09091379586578524	0.09092737732938169	0.2727790898060838	0.3637157113836263
0.18160312506982934	0.09094700062162964	0.0909225557522619	0.2728007921273872	0.3637265264288917
0.18166174339744584	0.09091240821954075	0.09092682198837973	0.27277343971048074	0.3637255866841527
0.18167092284741915	0.09089045315310249	0.0909290416734833	0.27278405563495045	0.3637255266910444
0.18165542761546702	0.09091882399434657	0.09092281136209521	0.2728137625698485	0.36368917445824256
0.18166098267826913	0.09089245023627236	0.09092287968349021	0.27277523960005606	0.363748447801912
0.18159716444167306	0.09096596614457811	0.09092129525696904	0.272803850796341	0.36371172336043855
0.18159117094231614	0.0909560463454368	0.09093632068190517	0.2728029858252654	0.36371347620507627
0.18168157846123834	0.09091299744137085	0.09091810986912985	0.27276953235378465	0.36371778187447606
0.18158507060339113	0.0909871897204454	0.09092763528802153	0.2727605671094229	0.36373953727871877
0.18170549205824396	0.09092228812467759	0.09092945738714199	0.2727623591883046	0.36368040324163164
0.18157102612145176	0.09097453132360647	0.090928750980798	0.2727640099150011	0.3637616816591424
0.18161661751664052	0.09096910536727816	0.09093122271414861	0.27278356413891425	0.36369949026301823
0.18163927191249135	0.09092519641340316	0.09093678365616498	0.2727731205158274	0.3637256275021129
0.18165414080205838	0.09093900266800128	0.09093707916234571	0.272766827020107	0.36370295034748745
0.18163742609887162	0.09091800138399816	0.09092750250094278	0.2727845966608669	0.36373247335532033
0.18158336520324064	0.0909875390332377	0.09093286214587226	0.27278347854649754	0.36371275507115164
0.1816800176290835	0.09089333924814058	0.09091911115395432	0.2728078842092651	0.36369964775955627
0.18163252576341454	0.09091016262300516	0.09093000006394077	0.2727919229705595	0.36373538857907983
0.1816443838129964	0.09093437240889826	0.09093361683480955	0.2727901799724311	0.3636974469708644
0.18165874602940105	0.09091488768611972	0.09091896659977913	0.272793440960777	0.3637139587239229
0.1815753312488794	0.09099029099397796	0.090930100410996	0.27276488678833666	0.3637393905578098
0.1816158669553008	0.09100730182985385	0.09091797395986125	0.27277018953690185	0.36368866771808206
0.18158229948179627	0.09095971258532473	0.09093659033579886	0.2728142112004233	0.36370718639665656
0.18156966907144537	0.09100071023361901	0.09092275310616509	0.2727778983445655	0.36372896924420484
0.18162452755522485	0.09091182795582918	0.09092588278256375	0.2727899565739413	0.3637478051324407
0.18158971751122763	0.09098983868490976	0.09091806765124145	0.27279596937080564	0.3637064067818153
0.1816678322707575	0.09094938529597696	0.0909199428916079	0.2727588631337857	0.3637039764078717
0.18162759020107783	0.0909121239813652	0.09091976394783688	0.27277641852222834	0.36376410334749154
0.18156072546574842	0.09093650498963615	0.09093308390470248	0.272808423456404	0.3637612621835088
0.18168871879967505	0.09093074286634971	0.09092240035637003	0.2727589829933136	0.3636991549842914
0.18165563615251515	0.09090422046481653	0.09093288856547722	0.2727860897031832	0.36372116511400765
0.1816193954387104	0.09096333932119996	0.09092259660618138	0.272762582138131	0.36373208649577704
0.18163574167927035	0.09091745749508802	0.09092740861732762	0.27277625075787537	0.3637431414504384
0.18169881409708355	0.09089987171097388	0.09092782103180438	0.2727898489954418	0.3636836441646962
0.18159704165260715	0.09096278052560235	0.09092337477453472	0.2728056617746714	0.3637111412725842
0.18161754556373977	0.09095722062293339	0.09092455801728663	0.27276373355179073	0.36373694224424924
0.18161791781492317	0.09098088687940652	0.09092790844261903	0.2727585427738549	0.3637147440891962
0.18159684980345756	0.09097319237879233	0.09093695151945316	0.27276135882265845	0.3637316474756383
0.18157011813559956	0.09100059860283463	0.09091770176711264	0.2727803659312671	0.3637312155631859
0.18158532988473924	0.09094810688888753	0.09092518979937213	0.2728152700608764	0.36372610336612443
0.18161878754137145	0.09092003101004321	0.09091816714046329	0.27278722676576644	0.3637557875423554
0.18167581084404172	0.09094558402689527	0.09091952473540806	0.2727648564319897	0.36369422396166506
0.18165913818480728	0.09089407812145962	0.09093746587718396	0.27280668884312415	0.36370262897342476
0.18160631826934343	0.09094633454422917	0.09092584107332048	0.27279355189357185	0.36372795421953485
0.1815956847240001	0.09094308529253618	0.0909252799594419	0.2727919138261287	0.3637440361978929
0.18165135391681245	0.09091420997721844	0.0909337407549618	0.27281039870558466	0.3636902966454224
0.18163663125733664	0.09094145247821452	0.09092055579208295	0.2727642457715629	0.36373711470080283
0.1816469211792092	0.09092512022243851	0.0909248822456462	0.2727681496175056	0.3637349267352003
0.1816453752965824	0.09090872030364736	0.09091862785907096	0.2728049691525335	0.36372230738816563
0.18161076612696442	0.09097800935020811	0.09092092502361453	0.2728086493969686	0.3636816501022441
0.1816817315040931	0.0909173874814127	0.09093289503528924	0.2727786938853267	0.363689292093878
0.1816262254713454	0.09091991804068765	0.09092680747700639	0.2727663717098852	0.36376067730107514
0.18164996052143878	0.09097406226634247	0.09092192170928848	0.27276035945067034	0.36369369605225976
0.18161695948140683	0.09097418584354912	0.0909232793499354	0.27279483355717316	0.36369074176793525
0.18160616222738685	0.09098207595162183	0.09092088895302033	0.2727609454427835	0.3637299274251873
0.181632349045673	0.09094648508773312	0.09092101888467259	0.27278078704841624	0.36371935993350485
0.18163131326348592	0.09090584235384447	0.09092731379442082	0.2728136756830184	0.3637218549052302
0.18166622731412502	0.0909026696154579	0.09091761490539473	0.2727754197785109	0.36373806838651124
0.18156728059214014	0.09100311455137414	0.09092123416561122	0.2728077058307344	0.3637006648601399
0.1815884552020799	0.0909738348244178	0.090931929357446	0.27278472968105905	0.36372105093499707
0.181601771143512	0.0909307696018854	0.09093138744282511	0.27277344111883506	0.36376263069294223
0.18163741301231162	0.09091356160136967	0.09092582439450109	0.27279690209157764	0.3637262989002398
0.18161056379890717	0.09099076785175779	0.09091744995819037	0.27275933639926614	0.3637218819918783
0.18158963815618126	0.09092716470696324	0.09093510517706868	0.27280071938813905	0.3637473725716476
0.18159454168107855	0.09093103208170689	0.09092598392245729	0.27278376890308775	0.3637646734116693
0.18157701684515026	0.0909602227559462	0.09092688475374601	0.272798082380992	0.36373779326416533
0.18157712712901605	0.09099388614726288	0.09092121459860156	0.2727961455357485	0.36371162658937084
0.1816267123516624	0.09093647639348054	0.09093084860410737	0.2728142383482575	0.36369172430249197
0.1816411744607792	0.090924199710886	0.09093295380566967	0.27279817729854877	0.3637034947241161
0.18157112784454726	0.09100504776524641	0.09092126573382008	0.2727606095328917	0.36374194912349433
0.1816031887667772	0.09093027441452843	0.09092955530914805	0.27280214928743673	0.3637348322221094
0.1816349357479089	0.09091802307141547	0.09093591520770267	0.2727759513440318	0.3637351746289409
0.18159943599587702	0.09093963744587714	0.09092499674004334	0.27281101533232477	0.3637249144858775
0.18160831824255508	0.0909205995775397	0.09092207073768516	0.2727962678338239	0.363752743608396
0.18155507196109766	0.09097523910987008	0.09093579448554132	0.2727923528622024	0.36374154158128824
0.18164113445745744	0.09093689324974574	0.0909215976235535	0.27279272907335317	0.36370764559589
0.18162071756206075	0.09094167325477717	0.09093560170254458	0.272759750245	0.36374225723561726
0.18156165167623212	0.0909562964388893	0.09092370017803919	0.2728103031250956	0.36374804858174364
0.18168351075022637	0.0909141273440571	0.09091998164824668	0.27277996442493657	0.3637024158325331
0.18167125119196725	0.09088958003618276	0.09093565634412196	0.2727965313346057	0.3637069810931221
0.1816633154882845	0.09089749805880092	0.09091960655381684	0.27277114877588826	0.36374843112320926
0.18158083772460298	0.09095254903537064	0.09092118142059409	0.2727916205444646	0.36375381127496753
0.18160091407390594	0.09097905575026197	0.09092148529533614	0.27279381720506213	0.3637047276754336
0.18161321121995894	0.09091274133866017	0.09093424520023322	0.27281773361052897	0.36372206863061846
0.1815873838916897	0.09098593412659453	0.09092691249350278	0.2727869743124565	0.3637127951757562
0.1815866281428822	0.09094214815214878	0.09093609143272934	0.2728080661751059	0.36372706609713357
0.18165822873979595	0.09091138119399109	0.09092983382669623	0.2727635551079804	0.3637370011315361
0.1816445927487011	0.09090875554220786	0.09092622338886326	0.2728119530418524	0.36370847527837513
0.1815853595798395	0.09099288687799731	0.09092722277327939	0.2727634991430857	0.36373103162579795
0.1815618647634572	0.09100765100513122	0.09092856494056231	0.2727822253521672	0.36371969393868187
0.18170399312212154	0.09089129487455794	0.09092727612766326	0.27276772216436795	0.36370971371128913
0.18167997932227362	0.09093993951511216	0.09092009681011008	0.27277377420201193	0.3636862101504921
0.18156835200407137	0.09098107762005614	0.09093286893887714	0.2727842617177787	0.36373343971921646
0.18165323128761715	0.09094760831200853	0.09092555318642066	0.2727885247443107	0.3636850824696428
0.18159109833462247	0.09100156773696987	0.09092402263750803	0.2727703462139773	0.36371296507692213
0.18160204488817597	0.09096321707806236	0.09093307303497578	0.2728113158239589	0.3636903491748268
0.1816109113587544	0.09090013251075114	0.09093384222931793	0.2728106663545394	0.363744447546637
0.18158259970164475	0.09100824287659799	0.09093102245539636	0.2727909852374949	0.36368714972886584
0.18156537897116332	0.09101635343954861	0.09093801668926815	0.2727721429372925	0.3637081079627272
0.18160494662066348	0.09094220890580659	0.09092119660834205	0.2727959814637647	0.3637356664014229
0.18162863531859944	0.09092236962263252	0.09093750588049243	0.2727863672821767	0.36372512189609874
0.18168516797982742	0.09089373734205658	0.09091909350157537	0.2728057648057437	0.3636962363707967
0.18164049164677482	0.09090745996344705	0.09093137325650467	0.272768580507929	0.3637520946253442
0.18159401660700708	0.09094377146235348	0.09092215028515162	0.27279864075711235	0.36374142088837524
0.18164454461002721	0.09093904180476672	0.09093477852899656	0.27279101071927025	0.36369062433693905
0.18159533162272173	0.09093902209395152	0.09092963339740684	0.2728150704943971	0.3637209423915226
0.18167239378235073	0.09091765793972323	0.09091925606221876	0.2728050983670964	0.36368559384861077
0.18166975839083066	0.09088880790502557	0.0909370984274926	0.2727876989052346	0.3637166363714163
0.1815856693908092	0.09098895599900086	0.09092268110006974	0.272759972423798	0.363742721086322
0.1816016791424307	0.09097307204254934	0.0909265222148766	0.2727998401076594	0.3636988864924837
0.18155677967272282	0.09101057557888319	0.09093677565322779	0.2727667530387733	0.36372911605639274
0.18163273585682183	0.09092161332670319	0.090934128698809	0.2728136493674411	0.3636978727502247
0.18158252678344053	0.09100094056469973	0.09092334324983783	0.27277216621198097	0.3637210231900407
0.18157482436313782	0.0909180632852295	0.09093483268276908	0.27281754953061194	0.36375473013825144
0.18167175495992996	0.09094885909732554	0.09093121212572236	0.2727612221406914	0.3636869516763306
0.18163025757738538	0.09090576043469284	0.09093519097685226	0.27278991540240416	0.36373887560866514
0.18158900205004208	0.09100980284762553	0.09092578858961844	0.27277940795085054	0.3636959985618632
0.18158496796090806	0.09096517979370886	0.09093135296745275	0.27276915155293296	0.3637493477249971
0.18155846980412277	0.0909378573082874	0.09093247850915709	0.2728152242152653	0.3637559701631673
0.18154877991550852	0.09097994320047931	0.09092699076351259	0.2727862722815267	0.36375801383897266
0.18160307904912354	0.09098062803395787	0.09091891440311346	0.27279549062258635	0.36370188789121854
0.18159405150706676	0.0910027063842733	0.09093549317670038	0.2727870029363112	0.36368074599564815
0.18154842601700194	0.09100507235728361	0.09093029045039255	0.2727796532694877	0.3637365579058339
0.18156029905781296	0.09100286490853966	0.09093165690589554	0.27280475290167394	0.36370042622607773
0.18159418354579968	0.09099730543628139	0.09092371988985966	0.2727861190284975	0.3636986720995616
0.18167627964119573	0.0909365132737039	0.0909200613111579	0.27276517657837596	0.3637019691955663
0.18165732673295854	0.09089388395646296	0.0909234229810958	0.2727701478749025	0.36375521845458003
0.18162306023647465	0.09089223289477937	0.09093337303899045	0.27279570910260276	0.3637556247271526
0.18162129889571782	0.0909039092778972	0.09093547113380955	0.2727779888944193	0.36376133179815595
0.1815659542324704	0.09100601933544512	0.09093663014231701	0.272787840717714	0.3637035555720532
0.18163410378419437	0.09096627293235407	0.09092234429828389	0.27277149832891573	0.36370578065625175
0.1816256519955011	0.09094791678711447	0.09092658255332087	0.2728124870774224	0.36368736158664094
0.181632437677893	0.09096999353001813	0.09093544903542713	0.2727688445105366	0.3636932752461249
0.18156627036319112	0.09101262868433432	0.09091736146847854	0.2728031253222648	0.36370061416173105
0.18159236257575445	0.09101407809659735	0.09091934652264819	0.2727777852449882	0.3636964275600116
0.181598594288823	0.09097172644576035	0.09091942519903465	0.2728141505078348	0.363696103558547
0.18155484140398484	0.09098826929040174	0.09092147305388876	0.2728104317511584	0.36372498450056606
0.18165017102896977	0.0909619108019829	0.09091989718327527	0.2727756442736966	0.3636923767120752
0.18160059126868103	0.09095022204348541	0.09092484646111211	0.27281265540594474	0.36371168482077654
0.18159166309427333	0.09098036321328251	0.0909302923691375	0.2727822930171647	0.3637153883061417
0.18159556414698208	0.09097684233265949	0.0909193623570185	0.2727822237063172	0.3637260074570225
0.18160226145514066	0.09096339374875391	0.09093651967415459	0.2727701001296828	0.3637277249922678
0.18157712434518666	0.0909735125077896	0.09093117978506882	0.2727734138882508	0.3637447694737039
0.1815996631626189	0.09100321870147375	0.09092345141924138	0.27278143286714696	0.36369223384951876
0.18163747453310064	0.09090043804819009	0.09092677802430701	0.27277609068345066	0.36375921871095135
0.18166701132243354	0.09091635910213648	0.09092498497377438	0.2727996477875623	0.36369199681409303
0.18160775157232856	0.09098798803874353	0.09091812536280128	0.27278483973298256	0.3637012952931439
0.18168234262863928	0.09089464216102966	0.09092571172122957	0.2727743814547495	0.3637229220343518
0.18162095135613487	0.0909682337545879	0.09091818085397231	0.27281188584916855	0.36368074818613616
0.18167620772005716	0.09094142735973747	0.09091948822524866	0.27278085613099246	0.36368202056396404
0.18166986174230745	0.09093160327520315	0.09092584545633296	0.27275970115077397	0.3637129883753823
0.18162288198434462	0.0909422889227369	0.09093159510500398	0.2727688468200681	0.36373438716784623
0.18157872776345818	0.09098729354225267	0.0909329841530609	0.2727636326582731	0.36373736188295497
0.18162486119058385	0.090980211900339	0.09091970617698053	0.2727810475052216	0.3636941732268748
0.18160101755269503	0.0909545612939534	0.09093399415513871	0.2727792028134936	0.363731224184719
0.181653362007214	0.0908921287649282	0.0909289379882735	0.27281860677372355	0.3637069644658606
0.18155100649429345	0.09099659891339926	0.09092389540419844	0.27276812080451585	0.36376037838359276
0.1816380675067363	0.09094345680290679	0.09092246629425471	0.2728112739133483	0.36368473548275365
0.18167865537971664	0.0909514948377173	0.09092344584268594	0.27276230997419	0.3636840939656899
0.18161051238773304	0.090947804365546	0.09092273639801503	0.2727928499686212	0.36372609688008456
0.18162827830224615	0.09098669587134775	0.0909274570765505	0.27277247549191497	0.3636850932579404
0.1816029762155703	0.09098615062397582	0.09093114070696214	0.27276831428318055	0.36371141817031094
0.181641800154219	0.09094411140964836	0.09092776048646241	0.27280119542765635	0.3636851325220136
0.18163392899611003	0.09094649162613608	0.09093081359642119	0.27279820088199724	0.36369056489933527
0.18166637508536065	0.09090694812198766	0.09092341330635871	0.27278237459592175	0.363720888890371
0.18162145493212029	0.0909543296628855	0.09093413605851236	0.2727845054884304	0.36370557385805125
0.1816184189875616	0.09099478363724554	0.0909313825877888	0.27276861741829783	0.36368679736910603
0.18167550968596735	0.09089354564481344	0.09093371724829365	0.27279375618115526	0.3637034712397701
0.18168287505263644	0.09089076657736864	0.09091921509453195	0.2728072665724959	0.3636998767029669
0.18162260695034238	0.09094241035847982	0.0909319232941586	0.2727732430573703	0.36372981633964874
0.1815777901929447	0.0909809119649223	0.09093664985309591	0.27281345119497474	0.36369119679406214
0.18161234320035524	0.09092809550168059	0.0909228005165617	0.2728093027197279	0.3637274580616744
0.1816232319624994	0.09095405892533953	0.09092772154564419	0.27280641561873853	0.36368857194777815
0.18155949482140143	0.09097544199075189	0.09092715293113236	0.27278583142746954	0.3637520788292446
0.18168085413072868	0.09091291422229984	0.09092773756723897	0.2727636265255377	0.3637148675541946
0.18160931775225891	0.09092750196738919	0.09093347970450308	0.27278871601448607	0.3637409845613626
0.18156421009535195	0.09096889017337506	0.09091921774923716	0.27281160506518415	0.3637360769168515
0.18163749333921603	0.09093298213558064	0.09092836961622629	0.27278268232589475	0.36371847258308204
0.18163917376788824	0.09089032256190199	0.0909257751410667	0.2727982642427401	0.3637464642864027
0.18171684075896857	0.09090115733896259	0.09091912050987869	0.27276765939486214	0.36369522199732773
0.18167092246490912	0.09088942702897627	0.09092021327414641	0.2727893599205682	0.36373007731139984
0.18162624132761165	0.09090657565455681	0.09093309817554648	0.2728075540705394	0.36372653077174544
0.18164146896212263	0.09094066483782853	0.09093539558204075	0.27278677949421104	0.36369569112379685
0.18156602150959164	0.0909497854466257	0.09092385769365448	0.2728140150080499	0.36374632034207804
0.1816127191658575	0.09094034029410245	0.09091928250265427	0.27277089379127145	0.36375676424611414
0.18167767445172744	0.09090363689469536	0.09091738274691308	0.272804987380575	0.36369631852608886
0.18161081097045867	0.09093615980378983	0.09092586161755056	0.27279816317638184	0.3637290044318189
0.18159890788966906	0.09098547177665928	0.09093213700850054	0.2727653415440005	0.36371814178117046
0.18158146217420007	0.09099777993964325	0.09093088357677945	0.27279085548305115	0.3636990188263258
0.1816402275010286	0.0909220523119961	0.09092309843308541	0.2727824348618353	0.36373218689205444
0.18154736803513757	0.09099501394460706	0.09092758484290242	0.2728003323862238	0.3637297007911289
0.18169461159398628	0.09090492270491919	0.09092862451785712	0.27279074141863124	0.36368109976460594
0.1815955738946214	0.09097701122649207	0.09092478008711703	0.2728026872963446	0.36369994749542467
0.18163220185160667	0.0909468248943405	0.09092164884012195	0.27276545790090734	0.3637338665130233
0.18162749542642198	0.09095409597064613	0.09092407945211524	0.27280241956020446	0.363691909590612
0.18161879256795374	0.0909590608084035	0.0909289053670429	0.27276147790226435	0.3637317633543353
0.18157611811050284	0.09096591259466012	0.09092169834926879	0.2728059278814129	0.3637303430641551
0.18156487334211668	0.09100004920842189	0.09092630446475566	0.2728087597432986	0.36370001324140694
0.1815989978200607	0.09093345014228063	0.0909192876174715	0.272791314986622	0.3637569494335649
0.18168027563776165	0.0909029015624329	0.09092487352270792	0.2727861755030403	0.363705773774057
0.18164784585359584	0.0909084210234094	0.09093103408507242	0.27277252627313847	0.3637401727647837
0.18165555575296075	0.09091817456394212	0.0909328300973461	0.272766011583776	0.36372742800197483
0.18160735901155758	0.09095291376412043	0.09092636320376536	0.27281409978595694	0.3636992642345994
0.1816999397283805	0.09090841268934113	0.09092382124366638	0.2727866419141377	0.36368118442447406
0.18166514962795177	0.0909189249936013	0.09092919235168254	0.2727885299559903	0.36369820307077394
0.1816040065047918	0.09094026582989284	0.09093492317632028	0.2727908889858537	0.3637299155031412
0.18162624540898534	0.09094097603390526	0.0909220285544578	0.2727829260404904	0.36372782396216097
0.18160641524434573	0.09100135902752693	0.09093104521845974	0.27276909150377676	0.3636920890058907
0.18166429098590833	0.09089603955085297	0.09091828293996224	0.27279443715770746	0.3637269493655688
0.1815875619988028	0.09097840775767706	0.09093088860961752	0.2727987733405729	0.3637043682933295
0.18167673626480257	0.09090616195553942	0.09093469254461346	0.2727961252731788	0.36368628396186553
0.18163634704501475	0.09090228374131107	0.09093486385732841	0.2727768728809377	0.3637496324754078
0.18161210386237503	0.09097412057519397	0.09092239578799077	0.2728112976295896	0.36368008214485037
0.18158680837146707	0.09091779627730666	0.09092297175686494	0.27281715305140725	0.3637552705429539
0.18164559993749504	0.09095272803049034	0.09092389082302424	0.2727884046040905	0.3636893766048997
0.18157728480059926	0.09100338442921277	0.09092415551629074	0.27280389919808307	0.3636912760558139
0.18159575957641189	0.09094744071989777	0.09092381837340696	0.27277544966358147	0.3637575316667017
0.18161456829710748	0.09093014380706597	0.09092160619491696	0.27280026191565615	0.3637334197852532
0.18161222187952986	0.0909713574460373	0.09092161028347392	0.2727919089930284	0.3637029013979303
0.18168983745895692	0.090924085616616	0.09092089747654172	0.2727695533730976	0.36369562607478756
0.1815679499779762	0.09099580547562017	0.09092574799980707	0.27278917851267437	0.363721318033922
0.18161124794554123	0.09093242482972307	0.09092036686085521	0.27280031297411766	0.36373564738976266
0.1815932488931341	0.09096494775225498	0.09092126560434993	0.27281233107809144	0.3637082066721693
0.18162493861202048	0.09095815256912482	0.09092549053450802	0.2727973550540319	0.3636940632303145
0.18157885510446656	0.09095385672756444	0.09093428327743863	0.27279381705304	0.36373918783749015
0.1816867366130946	0.0909066626727508	0.09092893873105459	0.27277301946711785	0.3637046425159819
0.1816368541826222	0.09094854848151956	0.09092483931911235	0.27275967034135373	0.36373008767539194
0.18162589173681776	0.09092856247628534	0.09091842020053933	0.27277541171045383	0.36375171387590355
0.1816146978714853	0.09090107344513886	0.09092814105674475	0.2728166800414257	0.3637394075852052
0.18161679075533388	0.09091558997158093	0.09093565865157102	0.2728155207474276	0.36371643987408636
0.18164271842978294	0.09093680616302066	0.09093364994105554	0.27276005266575476	0.3637267728003859
0.18155925884761814	0.09095884005284921	0.0909310642724881	0.2727990093114154	0.36375182751562896
0.1815764976642099	0.09101534630610988	0.09093306580734467	0.27278916486052185	0.3636859253618135
0.18160661124499386	0.0909684127878751	0.0909330453200579	0.27278858936144496	0.36370334128562803
0.18163099896470297	0.09097188036267868	0.09092355120097577	0.2727841573441435	0.36368941212749883
0.18171691270857104	0.09090358745090926	0.09093189627676837	0.2727606932675165	0.36368691029623457
0.18164986283605883	0.09095862766215451	0.09092975553896004	0.2727714114368157	0.3636903425260106
0.18167266546017852	0.09096721955949474	0.09091836831186975	0.27276111734698494	0.3636806293214718
0.1816305335412519	0.09093265568143633	0.09093610260864107	0.2727929688479077	0.3637077393207627
0.1816614942924301	0.09094935131298644	0.09092736584513908	0.2727786360140508	0.3636831525353934
0.18160448782536492	0.090985789005734	0.09091847148823844	0.27280257226310434	0.3636886794175581
0.18155545606538903	0.09100424503954047	0.09092765843644962	0.2727821686172702	0.36373047184135043
0.18167263087004867	0.09091433535754723	0.09093327605513052	0.27276335810945407	0.36371639960781926
0.181666967646443	0.09093527996718138	0.09093142261196853	0.27278492198088455	0.3636814077935223
0.18155067369643263	0.09100704076093835	0.0909205119506859	0.27281300669705466	0.36370876689488824
0.18162274074446416	0.09092023224559236	0.09091918275600237	0.27279279169595283	0.36374505255798806
0.18163714748875975	0.09095772288421894	0.09092257228780802	0.2727758571831963	0.3637067001560168
0.1815636804456413	0.09099086789977968	0.0909285046813436	0.272812796154933	0.3637041508183022
0.1816061707877594	0.09096396523884451	0.09092396386738193	0.2727631660987507	0.3637427340072633
0.18157627148045807	0.0909687425156166	0.09093277929455976	0.2727827444265544	0.36373946228281095
0.18164419724237788	0.09094687979737041	0.09093266313485977	0.2727953124988572	0.36368094732653455
0.1816136656824711	0.09098294147057387	0.0909291740784855	0.2727789586120634	0.3636952601564059
0.18162982718411025	0.09091808073994334	0.09091759051914211	0.2727906097283119	0.3637438918284922
0.18155813748129732	0.090999654038373	0.09093680378445895	0.2727893234808439	0.36371608121502663
0.18164451210944604	0.09091879161545044	0.09091909710741752	0.2728011412995328	0.363716457868153
0.18161136103812298	0.09092309712949354	0.09093561743679063	0.27278429716757563	0.36374562722801707
0.18170465065198954	0.09092019153849978	0.09092451323351483	0.2727593943343566	0.36369125024163906
0.18161893579296892	0.09092687551213943	0.0909346378342398	0.2727596669807554	0.36375988387989633
0.18165072321083092	0.09095406439078599	0.09091780541360686	0.27279181567223343	0.3636855913125426
0.18156651655004294	0.09098530689309718	0.09092142819876436	0.27277837444319647	0.36374837391489884
0.18160487579633613	0.09097047786491287	0.09091774471762111	0.2727680359124818	0.3637388657086479
0.1816215470358526	0.09089775315148951	0.09091982345227777	0.27280345492565716	0.3637574214347228
0.18168770481359023	0.09090365363431888	0.09092635207551464	0.2727665011696384	0.3637157883069376
0.18164606522268784	0.09092796607302882	0.09093714998251977	0.27278995065114503	0.36369886807061835
0.18156963052374145	0.09095649520116711	0.09093489135242538	0.27278693723771075	0.3637520456849551
0.18158405163821567	0.09095931351935073	0.0909242263461943	0.27279160005416153	0.36374080844207757
0.18161746641517362	0.09091654168397972	0.09092013612259797	0.2728078751611734	0.3637379806170751
0.1816187935035626	0.09094361273477612	0.0909313476433296	0.2727795721238293	0.3637266739945021
0.18156056381026303	0.0909754325783901	0.09092581409433088	0.27281300152771115	0.36372518798930464
0.18170361671836882	0.09089525570259208	0.09092198320358881	0.27278230463355174	0.3636968397418983
0.18158267173932424	0.09097242022906409	0.09092746605093568	0.2727588496427319	0.36375859233794383
0.18164809383758773	0.0908898523542579	0.09093418467213832	0.27281801309736387	0.363709856038652
0.1816820550057855	0.09094708772156981	0.09091963971518101	0.2727617020350763	0.36368951552238715
0.18158598507898546	0.09099038533745171	0.09092759428291396	0.27279743958325636	0.36369859571739227
0.18162446069153915	0.09096507694127587	0.09092701203780942	0.2727649678029942	0.3637184825263811
0.1815877090021334	0.09095744923190026	0.09092025117079901	0.27278757355524297	0.3637470170399242
0.1815861510129346	0.0910125154992389	0.09093759693132189	0.27276832769586845	0.36369540886063595
0.18163108845564743	0.09093321784012447	0.09092550666845699	0.27280629833729936	0.3637038886984716
0.18168499861959686	0.09089058047107873	0.09092486455910341	0.2728012093947353	0.36369834695548553
0.18160949969605328	0.09096432285591434	0.09091911815479413	0.27281240957039454	0.3636946497228435
0.1815967334427811	0.09099543825739553	0.09092082702264473	0.2727740887845401	0.3637129124926383
0.1815977313962651	0.0909762490776198	0.09092945742870294	0.2728089964470588	0.36368756565035315
0.1816273777914697	0.0909261751093006	0.0909344614919777	0.27276462463199036	0.3637473609752615
0.1816527286228644	0.09089336861711529	0.09092357305550196	0.27281185327018337	0.36371847643433475
0.1817055179628168	0.09090876096816825	0.09093541420204844	0.2727623564022872	0.3636879504646791
0.18167529348178024	0.09094897497627603	0.09091939764173364	0.27277526584728395	0.3636810680529259
0.18160647306154157	0.09092693719878356	0.0909344111465678	0.2728181339218373	0.36371404467126955
0.18167841336112833	0.09093053357843522	0.09092162642750465	0.27277322113749547	0.36369620549543613
0.18158350233282589	0.0909875162345504	0.09091935172384322	0.2727890935348033	0.36372053617397704
0.18157018108945522	0.09099404903949922	0.0909237998796756	0.2727729749788569	0.36373899501251283
0.18157702214098725	0.09099393362658667	0.09092841772369067	0.2727852972123761	0.3637153292963591
0.18162726057705697	0.09094009559207306	0.09092427836396126	0.2727862102925074	0.3637221551744011
0.18159166801950347	0.09098991834079827	0.09092949161127413	0.2727769121512964	0.3637120098771275
0.18156937133574358	0.09095025792038657	0.09091971800245922	0.2728155873573254	0.363745065384085
0.18155900123719756	0.09101506914652913	0.09092797413797946	0.27281674605052425	0.3636812094277694
0.1815924064306454	0.09093902178971285	0.09093336410940492	0.2727824800052509	0.36375272766498573
0.18165956114338705	0.09090231226442559	0.09092813993258342	0.27279574089199643	0.36371424576760725
0.1815996329705249	0.09099592654128895	0.09093382827160282	0.2727713828932294	0.3636992293233538
0.1816043592479236	0.09093443754922732	0.09092425652475379	0.2727994559834294	0.36373749069466565
0.18156995171675278	0.09096566324723339	0.0909330315561982	0.2727866167473295	0.3637447367324859
0.181599067571299	0.09097356716796522	0.09092806943427584	0.2727657479026255	0.3637335479238342
0.18155745177141885	0.09095628622111925	0.09092701732775693	0.2728138453408625	0.36374539933884226
0.18168709557434148	0.09092973439927929	0.09091997565615237	0.27278173749578716	0.3636814568744395
0.1816850242477222	0.09090727128268006	0.09091863046796847	0.27277797634351125	0.3637110976581178
0.18157768829384385	0.0909980440997335	0.09092468947259345	0.2727641778634696	0.36373540027035933
0.1816464151503775	0.09090767567909155	0.09092087649785699	0.27276047335971987	0.3637645593129539
0.1816088400339603	0.09099880817928153	0.09092373173980509	0.2727835087415412	0.3636851113054116
0.18158674417217413	0.09093408209820156	0.09093446597091573	0.2727935537414133	0.36375115401729513
0.18168419407718264	0.09090642624244921	0.09092626277092167	0.27277817824838213	0.36370493866106407
0.1816574598294316	0.09091695002386002	0.09091748099761708	0.27278865969934285	0.3637194494497482
0.18171413520018587	0.09091603101462863	0.09092482291332847	0.2727616785147896	0.3636833323570672
0.18159183242318067	0.09096374831840809	0.09091975829831755	0.2727839705828917	0.3637406903772018
0.18161315933885253	0.09095686607099238	0.09091985759953536	0.2728039095421771	0.36370620744844245
0.18160757830055402	0.09098575817858631	0.09093322669638886	0.2727770616386808	0.3636963751857898
0.18167002928018852	0.09089113707172279	0.09093326871728057	0.272759239942876	0.3637463249879319
0.18160953402259394	0.09094279664438305	0.09093415100775225	0.27276993823508283	0.3637435800901877
0.18156200374257173	0.09099548232301355	0.09092862228452236	0.27277266908311626	0.3637412225667758
0.18166154057903688	0.09092570006871521	0.0909324648573874	0.27276673057120415	0.36371356392365617
0.18164804621092018	0.09095078157561542	0.09091956533642895	0.2727821546079916	0.3636994522690436
0.18161599619595648	0.09092463612269108	0.09093453469370961	0.27277540452207216	0.36374942846557046
0.1816023720534865	0.09095476331029764	0.09092625838383891	0.27278466877481305	0.3637319374775636
0.18162039805763672	0.09093732534107654	0.09093175445687332	0.2727912639248628	0.36371925821955037
0.1816648178424059	0.09089312772419277	0.09093390999726123	0.2727633084229701	0.3637448360131698
0.18169466506379245	0.09089503626799804	0.09093648478074821	0.27276853419515745	0.36370527969230365
0.18163376461059802	0.09094447097488736	0.09093324270484382	0.2728083216866596	0.36368020002301105
0.1816205119939301	0.09089348148304412	0.09091963257492648	0.2728057521644734	0.36376062178362567
0.1816314756665678	0.09090330669577956	0.09091905478748188	0.2727991325271658	0.3637470303230048
0.18163971441939436	0.09092089968864005	0.09092508909773095	0.272789094772747	0.36372520202148745
0.1815603588643535	0.0909511410922814	0.0909258881828769	0.2728146981618474	0.36374791369864057
0.18159172138484106	0.09095556649720699	0.090927269180818	0.27281467396486686	0.3637107689722669
0.18163064863744227	0.09098231471316215	0.09092303169351834	0.2727597395581936	0.36370426539768347
0.18163524727246436	0.0909728076306108	0.09092570126444383	0.2727785604197959	0.36368768341268487
0.18157966233400089	0.0909613109311922	0.09093731512012093	0.2727966473172341	0.3637250642974517
0.18165836962858586	0.09094238754223342	0.09093661557493131	0.27277411406923624	0.363688513185013
0.1816087819548167	0.09093624029041159	0.0909217991154325	0.2727819594392695	0.3637512192000696
0.18161536037899403	0.09093636372040272	0.09093137446778679	0.27278567113479596	0.36373123029802024
0.18158479240417627	0.0909945384793623	0.09093652525746636	0.2727609170130778	0.36372322684591707
0.18164321746491113	0.0909262087030065	0.09093501565867484	0.272784882605861	0.3637106755675463
0.1816151594147525	0.09093596177678467	0.09092041888334525	0.27280438440640764	0.3637240755187098
0.18163473718848652	0.09089671350822777	0.09092748166739573	0.2728110207635219	0.3637300468723679
0.1816020990520873	0.0909927799062492	0.09092382410100554	0.2727880626534009	0.36369323428725686
0.18157458984806213	0.09099106267390693	0.09092607688277464	0.27279170833241917	0.3637165622628369
0.18155239877217058	0.09096961685971261	0.09093209215556255	0.2727865780129589	0.3637593141995952
0.18156820350474534	0.09098982062323326	0.09092998598606326	0.27277014634904867	0.36374184353690925
0.18155333269247506	0.09100319415051689	0.09092162230973747	0.2727917377251315	0.3637301131221389
0.18157516725892806	0.09098327225130752	0.09092894431510005	0.27281452247513377	0.3636980936995304
0.18164563189804778	0.09094782238918178	0.09092635613987454	0.2727972116013674	0.3636829779715283
0.18156835105223512	0.09095044462772688	0.09093066964397878	0.27280647741509045	0.36374405726096865
0.18163787299859097	0.09091588651928004	0.09093600625464171	0.2727927794163938	0.3637174548110933
0.1816090263095902	0.09091189901408023	0.09091844447366951	0.2728103232852971	0.36375030691736276
0.18157482123909777	0.09096413933241117	0.0909237248453597	0.27279583200364765	0.3637414825794836
0.18165761021573212	0.09089169850584781	0.09093635852524784	0.27279035608141833	0.3637239766717537
0.1815946099551283	0.09095366466759035	0.09093251324530864	0.2727793630462576	0.3637398490857149
0.1815677563323072	0.09097847479705978	0.09092241684261879	0.2727919532154246	0.36373939881258943
0.18160609032734268	0.0909032357799919	0.09092657132179825	0.27281383667411907	0.36375026589674786
0.18157242970279294	0.090991097745162	0.09092937132533867	0.2727806150286496	0.3637264861980566
0.18164174056130994	0.09089358445098812	0.09092202452234507	0.2728075965022256	0.36373505396313105
0.1816802323376622	0.09092796342703909	0.09091968550210712	0.27275869361829386	0.36371342511489746
0.1817052097091742	0.09090968678237185	0.09092876576363906	0.2727683474286642	0.3636879903161505
0.1816262739200205	0.09090246670602808	0.09092472808320379	0.2727843034469417	0.3637622278438057
0.18168765781287172	0.09090363567126852	0.09091743128670117	0.27276788938450736	0.3637233858446511
0.18163483286524734	0.09089405263500785	0.09091917491949958	0.27280550721050645	0.3637464323697386
0.18164293006428414	0.0909000850416812	0.09092330348130452	0.2727772758991627	0.36375640551356725
0.1816423146184621	0.09090728723485483	0.09093454531865544	0.2727934831590713	0.3637223696689561
0.1815764788949543	0.09092994771709764	0.09093199936364454	0.2728090363227586	0.3637525377015447
0.1816144264285482	0.0909108346895045	0.09093067367452037	0.2727945275350778	0.3637495376723488
0.1815631140761068	0.09099927975845301	0.09092560436401166	0.2728095900247898	0.3637024117766384
0.18159304459091985	0.09093458569308999	0.09092892228170033	0.27280871161502507	0.3637347358192645
0.18160759178876532	0.09096566329441182	0.09092713291437839	0.27276600941366724	0.36373360258877696
0.18168870573145385	0.09090707919008234	0.09093159801834899	0.27278672332362924	0.36368589373648536
0.18156333374154365	0.09096294648375314	0.09093110889085808	0.2728080451198881	0.3637345657639568
0.18157069105502263	0.09094075965638379	0.09093145430317023	0.27281421582155585	0.36374287916386727
0.18163548781905717	0.09090899111329052	0.09092848214208682	0.272778778586087	0.36374826033947827
0.1816840203842728	0.0909151557567494	0.09091742008695573	0.27276054844620967	0.36372285532581217
0.18168394173943678	0.09089429340498115	0.09092508257321558	0.2727885492040988	0.36370813307826755
0.1816316848997275	0.0909182315555974	0.09091978497563677	0.2727684079774684	0.3637618905915697
0.18159974899495632	0.09094783407009743	0.09092019702623388	0.2727878718627875	0.36374434804592465
0.1816006472242558	0.09093283919512593	0.0909352296509465	0.2728147169987617	0.36371656693090987
0.18156822820234822	0.09095415425834921	0.09093527188782002	0.2727987427917729	0.36374360285970947
0.1815706034171573	0.09100828404973749	0.09091971363048082	0.2728184347752662	0.363682964127358
0.1816766124516945	0.0908994291731588	0.09091859615794634	0.2727678110880317	0.36373755112916845
0.18157083465058543	0.0910040705512506	0.0909330917363018	0.2728004377602017	0.3636915653016603
0.18164397412204714	0.09096148784757829	0.09092251053172606	0.2727630666821516	0.36370896081649673
0.18161749893068502	0.0909304239038911	0.09092840070098396	0.27278781214964143	0.3637358643147983
0.18155776114678446	0.09096136813082929	0.09093486617296491	0.27278207786049763	0.3637639266889235
0.1816093680236215	0.09092879864253281	0.09091865054075063	0.2728074920123522	0.3637356907807427
0.181620742649039	0.09099146886194902	0.09093066305577854	0.2727675534670396	0.3636895719661936
0.18157352596291634	0.09099815863002553	0.09092166723597306	0.27277373172172137	0.3637329164493635
0.181571396859242	0.09094680255261577	0.0909352179794068	0.27278263655410473	0.36376394605463047
0.18160902631695014	0.09095303318069928	0.09093596543623436	0.2728085124743716	0.3636934625917444
0.18161170200087198	0.09094257953987789	0.09093500257742115	0.27278675407370184	0.363723961808127
0.18162422087719793	0.0909589355454285	0.09092825494815865	0.272760887756593	0.36372770087262174
0.1816769180373644	0.09092903951362734	0.09093582788158207	0.2727707427685142	0.36368747179891175
0.1816293016121802	0.09094252580042958	0.09092624230305243	0.2727714798460389	0.3637304504382987
0.18170875154075522	0.09089372493340574	0.09092674371383047	0.272782889820154	0.3636878899918544
0.18172475491910284	0.09089199326987686	0.09092806521516211	0.272772256455356	0.36368293014050196
0.18158805296092448	0.09096593300795332	0.09093176556521401	0.2728022781647889	0.36371197030111907
0.18158210893634855	0.0909544083090265	0.09093005588421489	0.2728084451108176	0.3637249817595922
0.18157234457893887	0.09093611353601072	0.0909377525048487	0.27278905824565647	0.3637647311345451
0.18165768525979026	0.090951681657822	0.09093367347880366	0.272769785785023	0.36368717381856086
0.1817070715943247	0.09090212024034774	0.09092840152649548	0.27276956578139816	0.3636928408574337
0.181652224699285	0.09090560757565341	0.09093674181376254	0.2727916865896453	0.3637137393216535
0.18169326578519268	0.09091428187114828	0.09092655239684921	0.2727819461283596	0.36368395381845
0.18161799545533752	0.09092919095808344	0.09092180842278519	0.2728067682828187	0.36372423688097494
0.1816340079630269	0.09097345246040536	0.09091880162899924	0.27276402147113243	0.3637097164764359
0.18160977314687277	0.09092009492477283	0.09092930453841308	0.2727888392452711	0.36375198814467
0.1815872314485697	0.09090545027702829	0.09093287896855742	0.2728153345674681	0.36375910473837625
0.18165610383412828	0.09089254745613803	0.09093056298625234	0.27278291962980167	0.3637378660936794
0.1816404466209646	0.09095432994563309	0.09092284417572778	0.272772714137133	0.3637096651205413
0.18170331437755635	0.0908916131736696	0.09092443106931833	0.2727999326379382	0.36368070874151726
0.1815645736272986	0.09097353155372856	0.0909292558116874	0.2727741046002703	0.3637585344070149
0.1815646494088476	0.09095361879134622	0.09093217770613023	0.2728171346151511	0.36373241947852464
0.1816167692625294	0.09092240429175136	0.09092114179888926	0.2727752529155135	0.36376443173131623
0.1816553081776683	0.09091352302650915	0.09093225507625469	0.27278429038987023	0.3637146233296974
0.18169909839946022	0.09089436220424962	0.09093157683287786	0.2727807416543005	0.3636942209091116
0.18163527537132845	0.09089148575701543	0.09093371797422381	0.27280227470126606	0.3637372461961661
0.18159920039440494	0.09100989887219278	0.09093396777659193	0.272769649731332	0.36368728322547816
0.18163787850034926	0.09091059084914234	0.09092947184051008	0.2728173330498248	0.3637047257601733
0.1816433685007519	0.09093389441630664	0.09093292601356928	0.2727734271671734	0.3637163839021985
0.1816181752052522	0.09095210078668942	0.09093657481686826	0.27277506721777356	0.3637180819734163
0.18162303681350161	0.09095235525788167	0.09093506269038573	0.2727905201692197	0.3636990250690111
0.18167781641453187	0.09090812863519741	0.09092958719616968	0.2727971174699761	0.36368735028412474
0.18158980895157203	0.09097280837715399	0.0909220585165768	0.27277097470952383	0.3637443494451732
0.1816014958535107	0.09097379080687838	0.09093326697531659	0.27276169053845384	0.3637297558258403
0.18163019600703614	0.09094385098737356	0.09092733279711535	0.27280407162891274	0.363694548579562
0.18167159096943775	0.0909051806899468	0.09093080995104263	0.27278558521233215	0.36370683317724045
0.1816182033011014	0.09089165149198304	0.09092277480729351	0.2728175108368743	0.36374985956274763
0.1816149977776666	0.09095967839314172	0.09092491965946599	0.27277679130795707	0.3637236128617684
0.18166781049396444	0.09095293912515381	0.0909266293197683	0.27276901168445833	0.3636836093766549
0.18167732542011014	0.09091778220649743	0.0909295860979223	0.27275949359293705	0.36371581268253284
0.18161419960996925	0.09099334441937029	0.0909194164688811	0.2727886750836346	0.36368436441814456
0.18163593834532082	0.09091856967822551	0.09092499095630574	0.2727741177715415	0.36374638324860614
0.18166838313858846	0.09089777540930108	0.09093585452928932	0.2727965445775484	0.36370144234527246
0.18159802529928398	0.09096002818385962	0.09093241306801847	0.27276656589014403	0.36374296755869373
0.1816136777531434	0.09091989495236333	0.09093071131164066	0.27279116108354906	0.36374455489930335
0.18161892423888612	0.0909930794612914	0.09092133615227524	0.2727764086119894	0.3636902515355577
0.18154940777094503	0.09101009194059376	0.0909291141616937	0.2728005136100784	0.3637108725166889
0.1816872409246543	0.09093397009099621	0.09091875852957645	0.2727621807082587	0.3636978497465141
0.18158134974411425	0.09093020256255471	0.090922981011824	0.2728174302227909	0.36374803645871595
0.18159287387618278	0.09096141187835653	0.09092922325126668	0.2728079107665247	0.36370858022766916
0.1816025303643036	0.0909386500576105	0.09093534663915928	0.272801589852753	0.36372188308617337
0.18157891998826323	0.09099049907148776	0.09091891031818858	0.2728067131050774	0.3637049575169828
0.18161985631297242	0.09094164569339622	0.09092154634407824	0.27278911538371087	0.36372783626584204
0.18160520684700904	0.09096794560926938	0.09092192533339015	0.2727692870791415	0.3637356351311897
0.18160014085671503	0.09092534567021601	0.09093340438875283	0.2727878178767794	0.3637532912075365
0.18157205274200527	0.09094580034322766	0.09092572147617839	0.27281736029957165	0.3637390651390168
0.1816263201406956	0.09094443390542428	0.09093462282417103	0.2727868087539417	0.3637078143757672
0.18167814983369834	0.0909436185578729	0.09092619934785916	0.27276782049632375	0.3636842117642457
0.18157858983435224	0.09098828590867432	0.090932831852174	0.27276890286627165	0.3637313895385276
0.18166201492265677	0.09089914672139396	0.09093735972683102	0.2727912569742331	0.36371022165488487
0.1816486752634297	0.09089389651627372	0.09092273178698496	0.27276995329790643	0.36376474313540497
0.18168748957085784	0.0909245499831916	0.09091766183145973	0.27276319748213484	0.3637071011323557
0.18160645723066354	0.09091660849549472	0.09093248667717609	0.2727953259842262	0.3637491216124392
0.1816344513295261	0.09091855902888016	0.09091947580544729	0.272785777232855	0.36374173660329123
0.18167077208353005	0.09091836564369872	0.09092160724922987	0.2727805325897016	0.36370872243383956
0.1816321586916818	0.09098906845311969	0.0909186277811588	0.27276695992887345	0.363693185145166
0.1816094520418805	0.09097484732033506	0.09092682299084764	0.2728000438489159	0.3636888337980207
0.18160309871342656	0.09099142999025822	0.09092068186898802	0.272769865409726	0.36371492401760097
0.18160334659656874	0.09099425342498321	0.09092718991562908	0.27278616798154653	0.3636890420812723
0.1816495365402433	0.09089735836788684	0.09092202481091416	0.27280000495636947	0.36373107532458604
0.1816356661659107	0.09098719027637052	0.090921292148321	0.2727657144130505	0.3636901369963471
0.18166761559184036	0.09090866851878604	0.09093682075266718	0.27280520681020953	0.36368168832649667
0.18164664079169332	0.09089866148095486	0.09093253138174057	0.27279281425436835	0.3637293520912427
0.18157244536262346	0.09096890588022054	0.09093244367596226	0.27280065129090164	0.3637255537902919
0.18159960323570587	0.0909182278822199	0.09093382061781269	0.2728170522992377	0.3637312959650236
0.1817205927473159	0.09091181505905495	0.09092357111884983	0.2727629764983409	0.36368104457643824
0.18162449180556728	0.09094777664678061	0.09092899977660632	0.27281274029889113	0.36368599147215447
0.18158199723206386	0.09100229114125435	0.09092355534880903	0.2727883259456976	0.363703830332175
0.1815863472579497	0.09096213403122386	0.09093795255391729	0.27276513776954875	0.3637484283873602
0.18161140128956274	0.09092512744488411	0.09093381280358796	0.2727853836863817	0.36374427477558324
0.18158956247673008	0.09097922162519521	0.09092070376080467	0.27280174627021714	0.3637087658670527
0.181568924852466	0.09098622132634285	0.09093184313756816	0.27280881001100943	0.36370420067261333
0.1815752761924196	0.09095408885091187	0.09092275976568776	0.2727955364122537	0.3637523387787268
0.18160538598256026	0.0909610053850135	0.09093076829315805	0.27277409228319466	0.3637287480560733
0.18160094486872483	0.09094622569156029	0.09092422277593189	0.27281576721115114	0.36371283945263166
0.18164953201751913	0.09089064602806651	0.09093731390035989	0.2727940440883845	0.36372846396566977
0.18164312903617935	0.09094884810335777	0.09092310577083057	0.27279546186764664	0.3636894552219855
0.18164420314005034	0.09090782875853465	0.0909358692683991	0.27276788567333454	0.3637442131596812
0.18156705032767959	0.0909650416451459	0.09091847274303885	0.2728055053093686	0.3637439299747669
0.18165024590045187	0.09094486378697542	0.09092718081011311	0.2727642480142428	0.3637134614882166
0.1816860187627754	0.09090395634843454	0.09093171424254999	0.2727838000822702	0.3636945105639696
0.1816273784240385	0.09097239362082661	0.09092033837215234	0.27278111420437645	0.3636987753786059
0.18162137372728332	0.09097406512429938	0.09092682264661997	0.2727610523512649	0.3637166861505322
0.18163649343525445	0.09092954109893751	0.0909350278331185	0.2727981284104223	0.36370080922226705
0.18164663808255485	0.09093709543333285	0.09093344688033152	0.2727696188321992	0.3637132007715814
0.18165473347789216	0.09088881231074927	0.0909292440636418	0.27280135973980596	0.3637258504079106
0.18155308101038034	0.09099198983996218	0.09093577878307607	0.2727953389067735	0.3637238114598077
0.18158867541792723	0.09097512080121338	0.09093585566234492	0.27280705303667785	0.36369329508183634
0.18163548005603175	0.09090741827766283	0.09093157001249105	0.27276798486038606	0.3637575467934281
0.18161518916943098	0.09092053344064116	0.09092682156675207	0.27281271996238626	0.3637247358607893
0.181668074852318	0.09093968384740984	0.09093762919251773	0.27277438044614394	0.36368023166161023
0.18164358349742393	0.09093843019752718	0.09092578101901233	0.2727994507721856	0.36369275451385075
0.18158439189660208	0.09098653763548198	0.09092652651824212	0.2727615241686168	0.3637410197810568
0.18158008354618435	0.09097894633398595	0.09092633650585719	0.2727672099693644	0.36374742364460794
0.18158100471968483	0.09095251623200672	0.09092630095289143	0.2727988484651996	0.36374132963021727
0.18167886520197563	0.0908942990665471	0.09092047830576928	0.27278920999979617	0.36371714742591166
0.18164394429334144	0.09094569670715844	0.09093362176935771	0.272778817978081	0.3636979192520612
0.18167748832350955	0.0909081526674138	0.09091976622311647	0.27278493748697497	0.36370965529898497
0.18157209870073576	0.09095281555220647	0.09093221019699671	0.27281057088403377	0.363732304666027
0.18159747033567464	0.09099167068047534	0.09092979745624927	0.2727742847872965	0.3637067767403041
0.18159307168439273	0.09097102300823312	0.09092106337605357	0.272786660171758	0.3637281817595624
0.18163953395924487	0.09094703516600734	0.09093325753707887	0.2727791282473815	0.3637010450902872
0.18162781021340874	0.09096077280555799	0.09092372879538883	0.272801923539309	0.36368576464633523
0.18162230115141453	0.0909852943556387	0.09092050669455166	0.2727796155111716	0.3636922822872233
0.18156521080155077	0.09095604515813033	0.09092758041175963	0.2727981692624456	0.36375299436611347
0.1815700440326038	0.09098014575765082	0.09093042847940003	0.27280088514721473	0.3637184965831304
0.18160164623149383	0.09097337162288943	0.09093515892369118	0.27280005533475005	0.3636897678871753
0.18165352405757196	0.09092858423678735	0.0909288089283187	0.27279279501605014	0.36369628776127166
0.18156236386351654	0.09100642447823833	0.09092976997662261	0.2727994906756701	0.3637019510059522
0.18154798039304543	0.0910126031731911	0.09093352803661774	0.27278955509996206	0.36371633329718356
0.18165841242658834	0.09090748583434365	0.09093338417277212	0.2728013565374785	0.36369936102881717
0.18156878077013103	0.09097390994613971	0.09093768713280839	0.2727847426996574	0.36373487945126326
0.181629515452097	0.09093613025234654	0.09091934207295399	0.2728163520534914	0.3636986601691108
0.18158352956281898	0.09098284775011521	0.09092692373482154	0.27275945901232934	0.36374723993991465
0.18161029007449378	0.09095539247007932	0.09093588045918798	0.27276517206197565	0.36373326493426306
0.18167179630991037	0.09093232362015354	0.09092698679438861	0.2727625153937744	0.36370637788177285
0.18156079605394024	0.09101248154992168	0.0909212326354771	0.27276545059630647	0.36374003916435427
0.1816542587206929	0.09091844021103343	0.09093368004471197	0.27276546773143867	0.3637281532921228
0.18165146703885177	0.09089892268166923	0.0909297281830041	0.2727856636983137	0.363734218398161
0.18159660964878682	0.09093990007739058	0.0909311583046089	0.2727682774959641	0.36376405447324944
0.18157132906525744	0.09100921389528374	0.09093058578467758	0.2727669320488585	0.3637219392059225
0.1815829542278997	0.09097703074066232	0.09092220653971689	0.272758090821551	0.3637597176701699
0.18169225279631077	0.09089215833005661	0.09093039255465132	0.27277362715166087	0.3637115691673202
0.18161689356837715	0.09092146855044675	0.09093125103487737	0.2727714337597035	0.363758953086595
0.18166127722619987	0.09092926204296964	0.09093075745040607	0.2727740534654758	0.36370464981494843
0.18161569314934428	0.09096275244323995	0.09092586589959321	0.2728035147438669	0.3636921737639555
0.1815510288936268	0.09100108902179306	0.09093445698801625	0.2727769662608616	0.3637364588357021
0.18155478980343978	0.09097573867000558	0.0909264723902488	0.27280009527765064	0.363742903858655
0.18169337836404523	0.09090728611773362	0.09092073549166067	0.27278147009622145	0.36369712993033887
0.18169835614990934	0.09090033793718894	0.09092110113637936	0.272759146189134	0.3637210585873881
0.1816851310144098	0.09089987176566093	0.09092064459886173	0.27281386157101695	0.36368049105005035
0.18160764889514264	0.09100976016201849	0.0909182864700692	0.2727608358590658	0.36370346861370373
0.18171023717576135	0.09088891193359398	0.09092048838812074	0.2727866460598277	0.363693716442696
0.18167565883583622	0.09089053738375619	0.09093795876052754	0.2727604014789876	0.3637354435408922
0.18164783124156955	0.09091878229705125	0.09092111957129274	0.27277012939838496	0.36374213749170126
0.18161843663587712	0.09089947278078281	0.09092538552696999	0.27281172041818846	0.3637449846381814
0.18162522415817328	0.09091119614117284	0.09093566898350863	0.2727734121005218	0.36375449861662323
0.1816103304545744	0.09094158562219144	0.09092571006009749	0.2727871967901947	0.3637351770729418
0.1815611550242982	0.0909847159254287	0.09092078716528851	0.27279034380756195	0.3637429980774224
0.18157590124381576	0.09101156575115069	0.0909329295653524	0.27279557532060517	0.36368402811907574
0.18160997078743396	0.09095948952331588	0.0909380610595175	0.2728038392955567	0.3636886393341757
0.1816057980048404	0.09093361959568388	0.09093511734357128	0.2727680387261895	0.36375742632971475
0.18162714871474156	0.09089631246533764	0.09092561654302594	0.2727953776799596	0.36375554459693504
0.18163096464938225	0.0909300584289069	0.0909360943314007	0.272775251077262	0.3637276315130479
0.1815929169300728	0.09097720196288084	0.09092874428857657	0.2728107257627857	0.3636904110556839
0.18157727925226425	0.09096526000810351	0.09093302585223614	0.27276538757545105	0.3637590473119448
0.18158745320087788	0.09100806962225665	0.0909267744915853	0.2727604654236141	0.36371723726166594
0.18164385518925572	0.09088840890467259	0.09092476498930949	0.272803130536875	0.36373984037988694
0.18159648443197826	0.09098008958627855	0.0909313777300345	0.27277319194657385	0.3637188563051347
0.18155063088007292	0.09099235825168828	0.09093234820954539	0.27276359781516774	0.36376106484352555
0.18160324675980336	0.09094400902187469	0.09093322536035076	0.2727931940840963	0.3637263247738747
0.18167056486568778	0.09089566794745668	0.09093530355626603	0.2727585743842659	0.3637398892463235
0.18167617654743493	0.09091765171514687	0.09093609817039958	0.27277932286391504	0.36369075070310336
0.1815917579342722	0.09091113160144783	0.09093258064537554	0.2728176407905427	0.3637468890283615
0.18163344600318895	0.09089862830163063	0.09093003878490889	0.272800818720495	0.3637370681897763
0.18154701188618977	0.09100402251082641	0.09092718940980478	0.2727703344478946	0.3637514417452842
0.1816335946944646	0.09092851299935484	0.09092551870123451	0.2727638517006955	0.36374852190425033
0.1816517164667954	0.09092489519934902	0.09093307258308009	0.27280200372836033	0.3636883120224149
0.18166483273737966	0.09090808520854728	0.09093181016794044	0.2727673899028009	0.36372788198333156
0.1816381935507922	0.09093700037596776	0.09093389583888047	0.27278408541764443	0.36370682481671496
0.1816762689810868	0.09091878640833961	0.0909238636925957	0.27278643657768253	0.3636946443402952
0.18162726427919404	0.0909504589960719	0.09092554952519144	0.2728057363428433	0.3636909908566991
0.18163278219373488	0.09088966743353413	0.09092297305294945	0.27280221935666316	0.3637523579631182
0.18156410919361718	0.09098795626778013	0.09092566596480188	0.27279652822355505	0.3637257403502455
0.18160108987524104	0.09097433101107294	0.0909338899687332	0.27281029343169627	0.36368039571325633
0.18163829550861046	0.09091268374552851	0.09093307331233247	0.27278533568537433	0.36373061174815396
0.18165418815076573	0.09091067915763723	0.0909245825043754	0.2727611611657637	0.3637493890214577
0.18170509257946937	0.09090964555872702	0.09091934910358371	0.27277837597649024	0.3636875367817295
0.1816287674659013	0.09094892107741735	0.09093370894414401	0.272803671738097	0.36368493077444014
0.18161916175617632	0.09091060839629941	0.09092392398265257	0.27280774519909023	0.3637385606657812
0.18164733545781173	0.09093518664951179	0.09092447711805765	0.27277230877541325	0.36372069199920537
0.1816988409184815	0.09090250161985908	0.09093235916851417	0.27277057069313965	0.36369572760000546
0.18164857866539533	0.0908912974747473	0.09092243875993095	0.272812233172816	0.36372545192711025
0.18162682828960722	0.0909342597452141	0.09091737961647722	0.27281482728186107	0.3637067050668402
0.18162283010719346	0.09094126851871986	0.09093250488306877	0.27276128106563685	0.3637421154253809
0.18158054476610186	0.09097391656414902	0.09092586695223565	0.272771335622206	0.3637483360953073
0.18162326711772353	0.09088876433248186	0.09093176478566137	0.27280097063425707	0.36375523312987595
0.18164261300515416	0.09096001224120975	0.09092771985686274	0.2727814326287471	0.3636882222680261
0.181560785233389	0.09100935260741777	0.09093729936445274	0.272764210574571	0.3637283522201692
0.1815864008281053	0.09097629431474497	0.09093326042649426	0.27278037425837115	0.36372367017228413
0.1816178112643574	0.09094699617503935	0.09092039606688293	0.2727732737538846	0.36374152273983557
0.18159433004083636	0.09097406424458881	0.09092335201232145	0.27279742247968164	0.36371083122257153
0.18163353782616187	0.09089835450462004	0.09092793859026381	0.2727952801646537	0.36374488891430035
0.1815718729290472	0.09100248928573959	0.09093669949527933	0.2727776739596177	0.3637112643303159
0.18162939972820408	0.09090243070108456	0.09093598936391266	0.2727739070716356	0.36375827313516285
0.1816354197592761	0.09097376571801775	0.09091801976998472	0.27278033927430756	0.3636924554784136
0.18157106538828582	0.09097578056804578	0.09093219074773373	0.2728162740389654	0.363704689256969
0.18170698196259474	0.09092501420134202	0.09092047688974672	0.27276096840259073	0.36368655854372556
0.1816303980446077	0.09095172201249346	0.09092681771166594	0.27278829270369603	0.36370276952753666
0.18167158333973815	0.09092878634289706	0.09092829218253645	0.272776011145803	0.36369532698902507
0.18165802182267948	0.09092437240558471	0.0909313173280665	0.2728012340602054	0.36368505438346366
0.18166463734117969	0.09092415069142953	0.09093253510855391	0.27276553918826973	0.3637131376705669
0.18166710895400434	0.09091225411871165	0.09093448939700592	0.27280028826170066	0.36368585926857716
0.18161505544080514	0.09095744366249606	0.09093733561214501	0.2727937061365967	0.3636964591479569
0.18157923520301844	0.09100850418126752	0.09092686824454982	0.2727581411204896	0.3637272512506744
0.1815661833589279	0.09098559776502585	0.09092235992387263	0.27279509286414483	0.36373076608802857
0.18158122689688813	0.09098291457242214	0.09093228746509427	0.2727585871461791	0.3637449839194161
0.18167537399126177	0.0909043821719551	0.09092173629411318	0.2727703111218843	0.36372819642078547
0.18162313660453916	0.09098051749001743	0.09092700904277562	0.27276765993439955	0.36370167692826805
0.18164709499699536	0.09090150015394226	0.09093188321652135	0.27279928089406946	0.36372024073847137
0.1816665441501844	0.09090161022501606	0.09092112481549494	0.27281188392028877	0.3636988368890156
0.1816352566619112	0.09093094558560195	0.09091945716552155	0.27279988449845766	0.36371445608850744
0.1816573891906851	0.09091010154307091	0.09093160680158566	0.27278926587295727	0.36371163659170086
0.1815806345266324	0.09101418112099541	0.09092099776500351	0.27279527144855165	0.36368891513881685
0.18161360654810163	0.09092708230907244	0.09093520859242298	0.2728061468312192	0.3637179557191835
0.18157984227692092	0.09095696566169752	0.09092970055673408	0.2727694832405651	0.3637640082640822
0.18163297525053718	0.09095153636694323	0.09092433836854247	0.27277732913457337	0.36371382087940357
0.18157297980889675	0.09094369981386156	0.09092571781840146	0.2728010925500641	0.36375651000877596
0.18158775320992446	0.09096713271233192	0.09092452122211699	0.2728065765714557	0.3637140162841707
0.18159979842243507	0.09097319504390379	0.0909207195220244	0.2727912253525638	0.36371506165907275
0.18163754131376197	0.09089765537047478	0.09092585946789275	0.27281127998396904	0.3637276638639012
0.18155294538003997	0.09099553295161843	0.09093169057570154	0.2727825412758147	0.3637372898168252
0.18158749044467998	0.0909889844614471	0.09093061639539168	0.272802315866558	0.36369059283192307
0.18154748433260154	0.09100881608769532	0.09093516715620242	0.2728104898575649	0.36369804256593563
0.1816388634260054	0.09092506824157083	0.09092879115108621	0.27280394089397464	0.36370333628736273
0.18168487739185646	0.09090105177527183	0.09091997661829618	0.2727670263142936	0.3637270679002817
0.1816141062444942	0.09095815055227192	0.09091925738368999	0.2727894459971677	0.36371903982237597
0.18156724037824995	0.09098749699556544	0.090932281223024	0.2728040893654837	0.36370889203767665
0.1815673462303751	0.09099101594752645	0.0909292035990488	0.27278602500055327	0.36372640922249616
0.18157857004695407	0.09100201010568156	0.09092815533044485	0.27278251944596155	0.36370874507095774
0.18166731537445835	0.09089116399364906	0.09093610678257015	0.27279778975122243	0.3637076240980998
0.18166932972860017	0.090919388038301	0.09093676097908591	0.2727886736977236	0.36368584755628913
0.18161623736867932	0.09095826719498654	0.09091816855950818	0.2727984096053379	0.3637089172714878
