0.18646024741389225	0.5822397656951602	0.23129998689094763
0.18227705372277894	0.5964569868221754	0.22126595945504582
0.176856145987939	0.6007932404418985	0.2223506135701626
0.18351493810293062	0.5938975407675167	0.2225875211295529
0.17729093569317936	0.5948951529461011	0.2278139113607197
0.17628054923421804	0.6046975910836583	0.21902185968212382
0.1790376132054442	0.5919295775870779	0.2290328092074781
0.18246118018052007	0.5912477898560958	0.22629102996338424
0.18235025811582709	0.5806198102893853	0.23702993159478775
0.17720371654438807	0.5962159835560585	0.22658029989955347
0.18593806694359916	0.5881442194565578	0.2259177135998432
0.18448759989395824	0.5841300805065253	0.23138231959951666
0.17619219066584613	0.593924300907432	0.22988350842672206
0.17709030619425756	0.5935494277831236	0.22936026602261897
0.18211172140683657	0.5864095601312322	0.23147871846193124
0.1801215931964433	0.5811576844865664	0.23872072231699049
0.1795524192592851	0.5931574341543707	0.22729014658634422
0.18540989669861901	0.5806112190776811	0.23397888422370006
0.17701658208262397	0.5916598665441404	0.23132355137323582
0.1757738073247608	0.5934254272137702	0.23080076546146913
0.17807450132245825	0.5983580472778427	0.2235674513996992
0.1837022913645023	0.5909569303713931	0.22534077826410476
0.18811268890561636	0.5829195032140797	0.22896780788030408
0.18600900419001973	0.5911242243449575	0.22286677146502293
0.178143369830433	0.5897006530325604	0.2321559771370067
0.17905015815294376	0.5909958963093564	0.2299539455377
0.18457626409295977	0.5827647804511262	0.23265895545591414
0.17416042133872045	0.5927232818645969	0.23311629679668278
0.1744715348948915	0.589536562639835	0.23599190246527363
0.17571754712193505	0.59948046386966	0.2248019890084051
0.1741939686586815	0.6040014009498813	0.22180463039143736
0.1886948632098563	0.5916043930318732	0.21970074375827067
0.1814263513326182	0.590886776958119	0.22768687170926294
0.17516537570834873	0.6061028908850215	0.21873173340662996
0.18349773554079934	0.5825107847761125	0.23399147968308825
0.1778591920696238	0.6030006235623422	0.21914018436803417
0.18301477031251337	0.5942316131088382	0.22275361657864853
0.17590233638701608	0.5916955534877529	0.23240211012523107
0.18834640503175834	0.5876243789554529	0.2240292160127888
0.18811101110420528	0.5838882374003256	0.22800075149546922
0.1841156565196842	0.5969690954816436	0.21891524799867232
0.1872088225288722	0.5786121279076708	0.23417904956345717
0.17848868249346841	0.6030024655409185	0.21850885196561315
0.18499013865336628	0.5786315106819072	0.23637835066472668
0.18708525502077605	0.5800772663979755	0.23283747858124854
0.18676853907788074	0.5864157975095592	0.2268156634125602
0.1796644060186339	0.587097117382422	0.23323847659894417
0.17610095152196295	0.5859721392680335	0.23792690921000373
0.17734990584011787	0.5911775327434977	0.2314725614163845
0.18426154943374262	0.5829044551991317	0.2328339953671258
0.18023385656896435	0.5933271988166904	0.2264389446143454
0.18686230955510524	0.5802956750837999	0.232842015361095
0.18420836192186482	0.5822507983412406	0.23354083973689477
0.18736526457624056	0.592669900935762	0.2199648344879976
0.18363353195552806	0.5820400754413502	0.23432639260312182
0.18584814801250746	0.5910958333968258	0.22305601859066684
0.17714885532318994	0.5892966346139501	0.23355451006286007
0.18032379851920816	0.5972474715782946	0.22242872990249735
0.17492150399524597	0.5871385538398888	0.23793994216486541
0.1746884147707536	0.6057010302413246	0.21961055498792192
0.18244618790505715	0.5836378853093404	0.23391592678560263
0.18282645868910544	0.5828764274301665	0.23429711388072819
0.18324468665674226	0.5885536486001427	0.22820166474311518
0.18559741426099963	0.5765729033973555	0.2378296823416451
0.177294105211999	0.5962203125782946	0.2264855822097066
0.18088559713032343	0.5827560737473798	0.23635832912229682
0.17482327299041867	0.5947107867226816	0.23046594028689982
0.17475801692605877	0.5930590800977771	0.23218290297616423
0.1750519272112089	0.596383037580168	0.2285650352086233
0.17890840237630473	0.5971071845890874	0.22398441303460798
0.18320124598579562	0.598178208711526	0.21862054530267847
0.18734534331770084	0.5936966269057335	0.2189580297765657
0.1808219626151719	0.5902046257485037	0.2289734116363245
0.18369283154611557	0.5776262115330502	0.2386809569208344
0.18454978609976336	0.5797147645713595	0.23573544932887724
0.17458092541375825	0.5899807019192598	0.23543837266698212
0.1854958165382772	0.5920184165751716	0.22248576688655136
0.1819914718269459	0.5859797934038938	0.2320287347691604
0.17954754677019868	0.5946802430100118	0.22577221021978958
0.17994499328792926	0.5896459853676181	0.23040902134445276
0.18255570587848344	0.5909522238441878	0.22649207027732893
0.18291645058151	0.5985103666233771	0.21857318279511304
0.1843914071907918	0.5908547676899176	0.2247538251192907
0.17489203511400622	0.6052339163861153	0.2198740484998786
0.17671658492763542	0.5989590334841586	0.22432438158820608
0.18293342125206086	0.5910995869501214	0.22596699179781787
0.1800492434946815	0.5906323118795447	0.2293184446257739
0.18227831639413966	0.5827428813496216	0.2349788022562389
0.18739617781843904	0.5941319980906765	0.21847182409088461
0.18579650180082172	0.582271835013119	0.23193166318605937
0.17516190918251964	0.6029853756993	0.22185271511818047
0.17717001272301985	0.5853483617633384	0.23748162551364188
0.17952834421109998	0.6012415204192643	0.21923013536963584
0.18637466647470902	0.5921625284813987	0.22146280504389232
0.17925430155300293	0.5869713998455641	0.23377429860143306
0.17745325127649703	0.5884277765956873	0.23411897212781582
0.18168005715911356	0.588088783896151	0.23023115894473545
0.178342723422102	0.594106553635784	0.22755072294211418
0.1743257264683409	0.5947060318481652	0.23096824168349397
0.1837303386826604	0.5858517940631092	0.2304178672542306
0.1775534107282195	0.6013251387867419	0.22112145048503878
0.1747653943036267	0.5999579515648689	0.22527665413150458
0.18114788267272003	0.5955309776301696	0.22332113969711057
0.1837561220558278	0.5782065430461604	0.23803733489801193
0.18031633705198896	0.5886256378419515	0.23105802510605958
0.18383282387555122	0.5783799461885477	0.23778722993590115
0.1742888941528434	0.5959647877962542	0.22974631805090245
0.17624256538372843	0.5936309858727685	0.23012644874350316
0.18660754634013055	0.5798418431320501	0.23355061052781945
0.1775455235588916	0.5973964773614657	0.22505799907964275
0.17556809681856478	0.5953584723321266	0.2290734308493088
0.18763732651725476	0.5860873286511159	0.2262753448316294
0.18473860711572887	0.5861807171471652	0.22908067573710594
0.18773349233226938	0.5934030638175528	0.21886344385017786
0.18356240485825437	0.5954378331185328	0.22099976202321303
0.1778835602007993	0.5921752728703957	0.2299411669288051
0.1867481526889911	0.5816299261383306	0.23162192117267832
0.18589586627650317	0.591313500266665	0.22279063345683198
0.1780411462570739	0.5934692386574472	0.228489615085479
0.18865557402849525	0.580719080852186	0.23062534511931876
0.18633077883035942	0.5866659552798392	0.2270032658898015
0.18698244873817002	0.5749380486232897	0.23807950263854044
0.1795267725971005	0.5975305533367451	0.22294267406615453
0.17619140023913574	0.592437201129971	0.23137139863089334
0.1801278207712307	0.5834517763196214	0.23642040290914798
0.17739055744553486	0.5958472663820743	0.22676217617239097
0.17766499979588973	0.5906958119973157	0.23163918820679474
0.18299307798831888	0.5872194949390739	0.22978742707260735
0.17405359712739193	0.6026212164808942	0.223325186391714
0.1740711644468897	0.5931147762548468	0.23281405929826357
0.18714012584242248	0.5918102587438989	0.22104961541367876
0.1831840930205278	0.592627943957146	0.22418796302232624
0.17942641048805377	0.5878734501593513	0.232700139352595
0.1786896163971205	0.6025362636081532	0.21877411999472646
0.1851158432644316	0.5937222574559653	0.22116189927960322
0.18171635856271176	0.5971061517090651	0.22117748972822326
0.18179929448519866	0.5948901522520796	0.2233105532627218
0.17893310286096495	0.6019982837619481	0.21906861337708708
0.17775979743436737	0.6007554097943228	0.22148479277130992
0.18795649749665325	0.5865901566928	0.22545334581054688
0.18106155156760656	0.5915924425408128	0.22734600589158074
0.17746341774449273	0.5929708037463919	0.22956577850911558
0.1765761778416034	0.5925741803238249	0.23084964183457177
0.1802489358444531	0.5823979271693416	0.23735313698620542
0.18382718947015514	0.596193477671681	0.21997933285816398
0.18640348686999014	0.5950924791857866	0.21850403394422352
0.18407028112189974	0.5792521426847161	0.23667757619338423
0.18803952790403622	0.5755291867440854	0.23643128535187852
0.1886798543266658	0.5896148165611678	0.22170532911216653
0.1762868875565292	0.587381221489633	0.236331890953838
0.17656960828782936	0.5863112157897068	0.23711917592246398
0.18529667233227196	0.5851051292621555	0.22959819840557266
0.1885863390183245	0.5909152116482831	0.2204984493333925
0.18141846084845806	0.5976953394842295	0.22088619966731263
0.18420677119776188	0.5930987231704619	0.2226945056317764
0.17484612108006098	0.586589756566034	0.23856412235390517
0.174729255936531	0.597889358446957	0.2273813856165121
0.18060090080804175	0.5804864795883998	0.23891261960355856
0.18656277357879414	0.5799760115262628	0.23346121489494323
0.18195520601065407	0.5915155815329294	0.2265292124564166
0.17396820910661345	0.5943556481791119	0.23167614271427475
0.1743035565637143	0.6022961123857498	0.22340033105053614
0.1740456767551922	0.5973850966049699	0.22856922663983797
0.17785741185944826	0.5999327670725114	0.22220982106804038
0.17637078920309568	0.5942556335469612	0.2293735772499432
0.18073689627991207	0.5982812896740006	0.22098181404608735
0.17944422500154003	0.5901756606678474	0.23038011433061267
0.18817536372111293	0.5750772160436693	0.23674742023521786
0.17764302974173107	0.5913015017007064	0.23105546855756265
0.1812838756384417	0.598312795175007	0.2204033291865514
0.18172080476236882	0.5898007523290154	0.22847844290861585
0.18839478260895612	0.5744785906605273	0.23712662673051668
0.17607980598554684	0.598091269024165	0.22582892499028825
0.18764496533423833	0.5759081352291906	0.2364468994365712
0.1817131456813506	0.5843457149564977	0.23394113936215177
0.1836420639827101	0.580540640306287	0.23581729571100293
0.1848618782825186	0.577339443840935	0.23779867787654646
0.18474542582189182	0.5947615926159682	0.22049298156214017
0.18050656483487118	0.5879439180674255	0.2315495170977034
0.1845814545463025	0.5783877034119618	0.23703084204173586
0.18044881992773742	0.5954565096206998	0.22409467045156284
0.1875223553215282	0.5929193591837212	0.21955828549475076
0.1833841605797928	0.5977957729904575	0.21882006642974983
0.1827014560661492	0.598740125057345	0.21855841887650596
0.1808199589215708	0.582865139482238	0.2363149015961913
0.1862569365662844	0.5751608669632542	0.23858219647046153
0.18628696258932548	0.5754335639863286	0.23827947342434602
0.18676296378758062	0.5927469625947126	0.22049007361770684
0.1886651240717185	0.5897287467381866	0.22160612919009504
0.1834058478078686	0.5907268462960358	0.22586730589609572
0.17370482566652137	0.5902285226854875	0.2360666516479913
0.18575296531853008	0.588557794117005	0.22568924056446504
0.18783559016658644	0.5852400815050479	0.22692432832836573
0.18267041077301638	0.5822161674260458	0.23511342180093803
0.17922964190505258	0.6001321002865978	0.22063825780834978
0.1737184768912229	0.5939814620346964	0.23230006107408077
0.17954083270564375	0.6003487719881646	0.22011039530619173
0.18702091265392307	0.591235338180533	0.22174374916554407
0.1850249715114503	0.5920835158229901	0.2228915126655597
0.17992437167049874	0.5954676844189246	0.2246079439105768
0.18541592120817485	0.5953911016864258	0.21919297710539945
0.1877677996090484	0.5912452578188596	0.22098694257209214
0.1872934268035182	0.5785542925314611	0.2341522806650208
0.18742598024976856	0.5859197907181761	0.2266542290320554
0.18742287917897055	0.5908464638218291	0.22173065699920044
0.18487074726363167	0.5834260493841352	0.2317032033522332
0.1793577390907002	0.5822522544518298	0.23839000645747005
0.176789200224672	0.5949442919570436	0.22826650781828453
0.1884537077312598	0.5880808182921251	0.22346547397661523
0.18615165265968586	0.5843763730041476	0.22947197433616665
0.18132285813419777	0.5978362733166243	0.220840868549178
0.17826432815042934	0.59508848739149	0.22664718445808077
0.1834246974338217	0.5859542592849122	0.23062104328126626
0.17528871965957082	0.5979521177571463	0.22675916258328302
0.1889246762442109	0.5823391902189371	0.2287361335368521
0.17544017598322778	0.594501715681799	0.23005810833497337
0.18225143784311498	0.5806903975925948	0.23705816456429046
0.18235117803589096	0.5880621762239457	0.2295866457401635
0.17873936764530843	0.5932769931104153	0.2279836392442764
0.17800227298280402	0.5879222768651816	0.2340754501520145
0.17706121392298993	0.5988459327759531	0.22409285330105713
0.1882898525715356	0.5793410024076427	0.2323691450208218
0.18592994594912596	0.576171053641781	0.23789900040909315
0.17349010093308387	0.5999588469673058	0.2265510520996103
0.1774981638097025	0.6020131954120292	0.22048864077826835
0.18722833330475888	0.5921031146805363	0.22066855201470492
0.18562707037001852	0.5848953906904257	0.22947753893955583
0.18290188364297336	0.5952579062129381	0.2218402101440887
0.18346793247575754	0.5779215253255467	0.2386105421986958
0.18076728093797673	0.5837746407638562	0.23545807829816714
0.1826224997740378	0.5916070686776477	0.22577043154831464
0.18694656637160004	0.5868502355113896	0.22620319811701048
0.17620956470916035	0.5920130533689973	0.23177738192184236
0.1853195045856045	0.5852715179882577	0.2294089774261379
0.17351417646914924	0.5913605762841894	0.2351252472466616
0.1806359803567427	0.5847050320322542	0.2346589876110032
0.18262824721076687	0.5808960338365113	0.23647571895272188
0.18543299807624541	0.5939026984071272	0.2206643035166275
0.1801193226070926	0.6014016576719075	0.21847901972100012
0.18846304936543276	0.5914144863392005	0.22012246429536692
0.17482271416487125	0.5948074375471364	0.23036984828799248
0.18051186630931315	0.5865024151827454	0.23298571850794159
0.18026783113486275	0.5809553025762277	0.23877686628890965
0.17453398925089772	0.6051842623130432	0.2202817484360591
0.17510726817907848	0.6035354849373745	0.22135724688354713
0.18179264304031717	0.5865371486472021	0.23167020831248086
0.1819299929622003	0.5863442836924164	0.23172572334538333
0.1735215908452636	0.5896819423941281	0.23679646676060848
0.1795373614595629	0.5981239028845757	0.22233873565586154
0.18428698772991148	0.5804977786006286	0.23521523366946007
0.18423481174818154	0.5776155054388086	0.23814968281300997
0.17618420214998526	0.5852207525950733	0.23859504525494152
0.1876957068305429	0.5795595750631688	0.2327447181062884
0.188123938300059	0.5927104920882678	0.21916556961167338
0.18595272664842685	0.5912900828573404	0.2227571904942328
0.17919280082028044	0.5947152451303344	0.22609195404938534
0.18592935426500956	0.5875884557490565	0.226482189985934
0.17563057453804723	0.5915663445334227	0.23280308092853025
0.17765803372916572	0.5939593500205567	0.22838261625027778
0.17915990953334285	0.5928248760515625	0.22801521441509476
0.1837402792304593	0.5832941900452567	0.2329655307242841
0.17961824590078126	0.6017248558982637	0.21865689820095502
0.17414620393483873	0.6017204048328375	0.22413339123232384
0.1752197813906512	0.5949635638057162	0.2298166548036327
0.18731882269493094	0.58004342077043	0.23263775653463914
0.18569062357903698	0.5797739748332003	0.23453540158776287
0.1790137362754321	0.5875457866119671	0.2334404771126009
0.17394338486704075	0.5908479866909555	0.2352086284420039
0.18692239455704218	0.586345928847399	0.22673167659555896
0.1882763139244299	0.5815659935818127	0.23015769249375753
0.17633997607457003	0.6021983754050448	0.22146164852038533
0.182580668885926	0.5830843335996747	0.23433499751439946
0.18554207732672198	0.5908855921708744	0.22357233050240363
0.17598155311573205	0.5980899491939295	0.22592849769033846
0.1857660357851186	0.577675564812727	0.23655839940215456
0.18329715486487874	0.592701483429795	0.2240013617053263
0.18351921720117975	0.5936050089004596	0.2228757738983608
0.18123971590133955	0.5856452311367435	0.23311505296191715
0.18295934961974947	0.595005395653728	0.22203525472652255
0.17617524177468774	0.5887087556693616	0.23511600255595072
0.1836139389985642	0.5831986403906999	0.23318742061073597
0.17654958872049756	0.5938731795008554	0.2295772317786472
0.17371766326922863	0.5966214823394393	0.2296608543913321
0.18812424167537412	0.5746641328118732	0.23721162551275274
0.18584743654484268	0.5761929810477807	0.23795958240737675
0.1816472443017035	0.5838282135077963	0.23452454219050028
0.18303423736678126	0.5968211489905341	0.22014461364268478
0.18421276262933398	0.5965414801599953	0.21924575721067086
0.1814452150221885	0.5811912122022835	0.237363572775528
0.18025172071153903	0.5914378412010338	0.2283104380874273
0.17793742143113153	0.5975861819799433	0.2244763965889252
0.18033095771885155	0.5890890762895136	0.23057996599163508
0.1802526484033043	0.582352708461823	0.23739464313487285
0.18048601798622105	0.5833163683833679	0.23619761363041114
0.18812530278415676	0.583044052224417	0.22883064499142636
0.1747350525832047	0.5986301107557793	0.22663483666101614
0.17923001873489713	0.5894867348462729	0.23128324641883005
0.18866951360124312	0.5891068642194561	0.22222362217930094
0.18650475710301867	0.5757336758212506	0.23776156707573085
0.1811348394840774	0.5914392832142082	0.22742587730171446
0.18057143105362466	0.5845228559478131	0.23490571299856244
0.1754985931228585	0.5901214236244511	0.2343799832526905
0.1855977776543515	0.5807684508012678	0.2336337715443808
0.18022032929198734	0.5822975076945411	0.23748216301347164
0.1827462173741231	0.5834827743842581	0.23377100824161884
0.18124073788861725	0.5972263548049628	0.2215329073064202
0.17999735548455584	0.5917175030102014	0.22828514150524284
0.17814107278691577	0.5852008800601433	0.2366580471529411
0.17878259031833232	0.594963914045384	0.22625349563628394
0.1879743355688205	0.5803350912430301	0.2316905731881495
0.18522689378971272	0.5824240285537596	0.23234907765652774
0.18164407771337837	0.5798834252068096	0.23847249707981222
0.18385814468478556	0.5949186013871193	0.22122325392809533
0.1801945828416525	0.5888521011993952	0.2309533159589523
0.18324137115203185	0.5884253636773512	0.22833326517061706
0.17614396009586508	0.6025723237273686	0.2212837161767664
0.17505238475089735	0.5978922203678751	0.22705539488122767
0.18093050265385535	0.5921380509984779	0.22693144634766677
0.17641614923851995	0.5980612023509768	0.22552264841050335
0.18797630839999013	0.5810178904115575	0.23100580118845254
0.1837592376813544	0.5789240687295208	0.23731669358912488
0.1738399706894462	0.6024686104236281	0.22369141888692587
0.1762519311795301	0.5888027588557173	0.2349453099647527
0.1834839372770461	0.5844431950547128	0.23207286766824126
0.18335471793170022	0.5952329071100322	0.22141237495826774
0.18737049213388585	0.581131225515815	0.23149828235029934
0.17608081626485084	0.5874676040535629	0.23645157968158642
0.18220261733872	0.5989898501542967	0.21880753250698334
0.18014102509215418	0.5947738845515003	0.22508509035634572
0.17665795669920606	0.6032412536046736	0.22010078969612049
0.18088192526594654	0.5879101721364589	0.2312079025975947
0.17960820759018054	0.6015306634179349	0.21886112899188473
0.17520036587283322	0.603416390014844	0.22138324411232282
0.1814632542194242	0.5901815480173886	0.2283551977631873
0.18049288551380144	0.6001072467085691	0.21939986777762965
0.18093898688717636	0.5901063608737116	0.22895465223911218
0.18107429424788477	0.5995282230319867	0.21939748272012866
0.18763637700013264	0.5845821117878605	0.22778151121200704
0.1748473556929661	0.5974328459178926	0.22771979838914136
0.184689184204064	0.5921821855713008	0.22312863022463536
0.1846202541742778	0.5824741645020935	0.23290558132362874
0.18421406885673125	0.5829662967274867	0.23281963441578216
0.1868690164573156	0.5879003014182851	0.22523068212439937
0.1880590940542036	0.5777850764821718	0.23415582946362473
0.18630527255790003	0.5791927178061944	0.23450200963590567
0.17530995697763	0.5922158158217656	0.23247422720060446
0.18137142567448147	0.5904304728126358	0.22819810151288278
0.1749218895579083	0.5914716071655688	0.23360650327652305
0.17716590959771902	0.6039403409501165	0.2188937494521646
0.18129774584518357	0.5971210227508226	0.22158123140399394
0.18466275275189378	0.5857129056070975	0.2296243416410087
0.18223538844111575	0.5855194377166948	0.23224517384218962
0.1768249394349728	0.6013454293101552	0.22182963125487215
0.17522171971736666	0.5904076103455298	0.2343706699371037
0.1832651783600221	0.594119196776903	0.22261562486307507
0.18487180881429227	0.5930630067627325	0.22206518442297538
0.18181605945370932	0.5869955192147507	0.23118842133154013
0.1836975321353174	0.5830730917079343	0.23322937615674838
0.1824253070807905	0.5940569439569969	0.2235177489622127
0.1738000731294978	0.6011415524962088	0.22505837437429352
0.17669569592716705	0.5901535835893016	0.23315072048353147
0.18391287064060985	0.5859163347800722	0.23017079457931808
0.1737767864960922	0.5966309744445302	0.2295922390593778
0.18526619204743475	0.5851965405592221	0.22953726739334324
0.18357877966183728	0.5813041712494081	0.23511704908875472
0.18163956016179406	0.5935020288350661	0.22485841100314005
0.18826271715673018	0.5785708195368515	0.23316646330641838
0.1804479532339061	0.5824415825653684	0.2371104642007256
0.18551730567860594	0.594859575522219	0.2196231187991751
0.18557011417487482	0.5936390419415424	0.2207908438835829
0.18477743443538117	0.5949620469068434	0.2202605186577756
0.17623141744375195	0.600013511721403	0.2237550708348451
0.1783073589586996	0.6019487082803749	0.21974393276092558
0.17721096487850466	0.6026589515497264	0.22013008357176905
0.1819372796021683	0.5893368040846909	0.228725916313141
0.18431272393548856	0.5787262825945984	0.2369609934699132
0.176850300427532	0.5940839305612795	0.22906576901118864
0.1857493808129991	0.5769066374246304	0.23734398176237054
0.18812157566338752	0.5876947452877967	0.22418367904881575
0.1743645195852257	0.5904359620206883	0.23519951839408615
0.17695047912131387	0.594126176466764	0.22892334441192222
0.18596650927284797	0.5943056755048363	0.21972781522231588
0.18423055935886376	0.5933733579607675	0.22239608268036887
0.17610488397310575	0.6027648635795613	0.22113025244733311
0.18072340851064944	0.5927588452500571	0.2265177462392936
0.1790166261830212	0.5916637914174785	0.22931958239950037
0.18729281835263822	0.5902530309791915	0.22245415066817043
0.18547298437783538	0.5829509993135011	0.23157601630866365
0.18292255960920178	0.5908578248876821	0.22621961550311612
0.18371070610753223	0.5822828484383105	0.23400644545415739
0.1889246569968206	0.5826847617338957	0.2283905812692838
0.17859188175306004	0.5925573563181761	0.22885076192876397
0.17858007919867713	0.5954357920491047	0.22598412875221835
0.18648287732807917	0.5894329403252148	0.22408418234670618
0.173842840335367	0.5895108568240608	0.2366463028405724
0.18848523117343005	0.5773991765173994	0.23411559230917067
0.18720692737232875	0.5798942811706475	0.23289879145702394
0.1824730099995186	0.5985411760389376	0.21898581396154393
0.18457161269394096	0.589257178000393	0.22617120930566623
0.17951845850834877	0.5865397770746296	0.2339417644170218
0.17807643170419982	0.589530913780804	0.23239265451499633
0.18353492750243572	0.5954869245119709	0.22097814798559348
0.17855694707088587	0.593739233654172	0.22770381927494213
0.18784003252368886	0.5835251353276681	0.22863483214864316
0.1857177399333516	0.5808972469860727	0.2333850130805758
0.17972035428862898	0.5909488395184208	0.22933080619295035
0.1747128565243639	0.594699667279901	0.23058747619573516
0.18044632300487762	0.587361920565712	0.23219175642941053
0.18103004019390384	0.5800528451017868	0.23891711470430943
0.17409760503360505	0.6001098156085312	0.22579257935786395
0.18355250061311584	0.5891850467987644	0.2272624525881199
0.18641479514871176	0.5831958576299616	0.23038934722132678
0.1743378058586372	0.5936629207814217	0.23199927335994117
0.17513491415867233	0.5950353602570504	0.22982972558427744
0.1858411091756913	0.575452722022101	0.23870616880220788
0.18487613559167002	0.5966764691291335	0.21844739527919654
0.18418525569282287	0.5938791670527419	0.22193557725443525
0.18675702560047855	0.5911637970106287	0.22207917738889293
0.1816289768978889	0.5873572667895683	0.23101375631254295
0.1736059463368543	0.5981940250140139	0.22820002864913191
0.17788557882285905	0.5951643589009088	0.22695006227623218
0.17835132583605376	0.5931934835921067	0.22845519057183966
0.18517496232627456	0.5914245457219558	0.22340049195176973
0.17634195917455228	0.6039645157382056	0.2196935250872422
0.18778457018071723	0.579945389919933	0.23227003989934986
0.18419545835166434	0.5862389304376867	0.2295656112106491
0.1842256174315465	0.5786246367958481	0.2371497457726055
0.18621240412741363	0.5894668946489972	0.22432070122358938
0.17399785217407931	0.6012320683693775	0.22477007945654326
0.18310366278649118	0.5955555692913171	0.22134076792219176
0.1763069481329553	0.5888126211539235	0.23488043071312137
0.1871480845960519	0.5912808051530736	0.22157111025087456
0.1838210268673232	0.5825487001582508	0.23363027297442615
0.176268181548534	0.5912341870127096	0.23249763143875662
0.18735547408023903	0.5867988140469489	0.22584571187281216
0.18271803189506866	0.5885006813851034	0.22878128671982811
0.18535496871946905	0.5944970411662674	0.22014799011426364
0.1834529924819267	0.577958495189121	0.2385885123289524
0.17876807265449063	0.5967068826390367	0.2245250447064728
0.17411322814662936	0.5960894949878912	0.22979727686547965
0.17931738136930472	0.5886312075209947	0.23205141110970065
0.17474353809860232	0.5931541342856368	0.23210232761576102
0.17811073633592456	0.5876424261509039	0.23424683751317166
0.18828404943931373	0.5861756278471469	0.2255403227135395
0.18361226182452517	0.5812251060092762	0.23516263216619873
0.17854181235459518	0.5930611080056131	0.22839707963979186
0.1785284152110836	0.6026479101729656	0.2188236746159509
0.18382487834655015	0.5774490116738413	0.2387261099796086
0.18035363732854792	0.5971224059710025	0.22252395670044972
0.1869339695032383	0.5830937486438639	0.229972281852898
0.18618966786945534	0.5823184011216719	0.23149193100887286
0.18606673568695015	0.5825454511965045	0.23138781311654555
0.18837060461118424	0.5827882068474517	0.22884118854136418
0.18572171201871424	0.5858715570281542	0.2284067309531317
0.1759075660103022	0.5905545404061475	0.23353789358355043
0.1797677922478322	0.5901525898780167	0.23007961787415127
0.17563343427793332	0.5891350542857644	0.23523151143630242
0.1868061871860599	0.5878215993719715	0.22537221344196873
0.1782544246345965	0.5932374946545446	0.22850808071085907
0.1748931405950886	0.6055676962798147	0.2195391631250968
0.17501029297029602	0.5988834728171359	0.22610623421256815
0.18224696083200728	0.5942722585721603	0.2234807805958325
0.176823716375344	0.5858572661353016	0.23731901748935447
0.18498857590957088	0.594517189512734	0.22049423457769518
0.17449543815743246	0.5864822258794306	0.23902233596313716
0.18515451596036278	0.5929275795665115	0.2219179044731258
0.18557858673187477	0.590147248223582	0.22427416504454334
0.1842303264507389	0.5843191140028527	0.23145055954640856
0.175064874476388	0.6013093240905432	0.22362580143306895
0.17885734113193624	0.6023437401912362	0.21879891867682777
0.17415142778735804	0.5970725781872792	0.2287759940253629
0.18386694249602498	0.591678252667412	0.22445480483656313
0.1737248007628937	0.5994324604473851	0.2268427387897213
0.1736059058650385	0.598124805374405	0.22826928876055663
0.1840281748324134	0.588405967924259	0.22756585724332765
0.18721734137184806	0.5883173339194271	0.22446532470872493
0.17782842460877546	0.5876057096935843	0.23456586569764037
0.17904741146435402	0.593877581334341	0.22707500720130508
0.18469817687920626	0.5941383394606438	0.22116348366015012
0.17443427585028878	0.5921339278318778	0.23343179631783345
0.18308918612096564	0.5913257549798905	0.22558505889914401
0.17775963883190038	0.5889563068269212	0.23328405434117855
0.18879720381397588	0.582826552553774	0.22837624363225023
0.18691657303696535	0.592810801092594	0.2202726258704408
0.17572443748732644	0.6032870645230646	0.22098849798960907
0.18432416199748258	0.593701029764649	0.22197480823786855
0.1858593496645283	0.5829779137752518	0.23116273656022007
0.18274428355804515	0.5930524343415753	0.22420328210037974
0.1872218895453566	0.5837009402125904	0.22907717024205304
0.18679602679486662	0.5794752079129908	0.23372876529214262
0.18463659015354633	0.5850678470537884	0.2302955627926653
0.1875514313775962	0.5834467726633094	0.2290017959590946
0.17848765479853163	0.5915399940881677	0.22997235111330078
0.17361607617422073	0.5981549425668133	0.22822898125896607
0.1823715230648751	0.5837967870056644	0.23383168992946055
0.17413808642273187	0.5908687079961366	0.23499320558113174
0.18228487825290263	0.582725724460641	0.23498939728645651
0.18090633758041164	0.5887301982347449	0.23036346418484357
0.18089361094117296	0.585638479416533	0.23346790964229408
0.18787597063268008	0.5824505615333778	0.22967346783394219
0.1877384587497336	0.5853111091969145	0.22695043205335197
0.1874037640456925	0.5848785332861511	0.22771770266815644
0.18091537332084215	0.5918610411215336	0.22722358555762434
0.18013929598566458	0.5878608402186072	0.23199986379572832
0.18813560708576654	0.5845500776824586	0.22731431523177495
0.17456913528314114	0.6020232154969063	0.2234076492199527
0.17505741299169306	0.5896967709974774	0.23524581601082967
0.18668094608891342	0.5933234091599439	0.21999564475114286
0.1876577371957583	0.5878443447496847	0.22449791805455713
0.17754148397357328	0.5959918299895793	0.22646668603684747
0.18370310524686426	0.5822872299453333	0.23400966480780247
0.18513741744730272	0.5913282064136459	0.22353437613905147
0.18300310861716956	0.5923491551009392	0.22464773628189133
0.18839594495911427	0.577073753500905	0.23453030153998092
0.1880927745486132	0.57481147372094	0.23709575173044692
0.17693066222951276	0.5967750079529606	0.2262943298175268
0.18294640698403103	0.5960253614419329	0.2210282315740362
0.18787352421576842	0.5935314742997335	0.21859500148449826
0.179623901330251	0.6005836641255954	0.21979243454415368
0.17924501628120582	0.6008462306163691	0.21990875310242514
0.18765434853629837	0.5791754781417372	0.2331701733219646
0.18162116218991914	0.5928673462699863	0.22551149154009478
0.18546094939948948	0.5895737630232647	0.22496528757724593
0.18246767279489234	0.586191041523756	0.2313412856813518
0.18444860359642712	0.5866340648515203	0.2289173315520527
0.18486528054966914	0.5901001149230206	0.2250346045273104
0.18849388803636025	0.5818244419899075	0.22968166997373235
0.18032573278798678	0.5883737021471173	0.23130056506489605
0.18265249032263076	0.5795200657698456	0.23782744390752378
0.17547576883586263	0.5975962419609422	0.2269279892031953
0.1870568969231473	0.5900278485711767	0.22291525450567604
0.1780745039953987	0.5923347446056206	0.22959075139898072
0.18666435505524673	0.5882099443681992	0.22512570057655418
0.18551382093530408	0.580893930029581	0.23359224903511497
0.1794263386501891	0.600238635030572	0.22033502631923912
0.1759527899377887	0.6013024289146622	0.22274478114754914
0.18656092652559095	0.5770902668887843	0.23634880658562488
0.1759255331831132	0.6025277949783188	0.2215466718385682
0.17399750810785466	0.5957376527976628	0.2302648390944827
0.17789750990809514	0.5936678030466043	0.22843468704530073
0.17841076682554813	0.6003322669973601	0.22125696617709192
0.18041531624559437	0.584077956561001	0.23550672719340465
0.180583430574751	0.5882874496628766	0.2311291197623725
0.1818069683796046	0.590061460219929	0.22813157140046653
0.18050480884229816	0.5983356523366901	0.2211595388210119
0.1794212347452548	0.5995177538087972	0.22106101144594803
0.1739988680225361	0.5957389374430663	0.23026219453439775
0.18301509859883225	0.5979104395260193	0.21907446187514856
0.17735288731396381	0.5835911799980492	0.23905593268798708
0.1817132756943357	0.5884599365282976	0.22982678777736681
0.17696668024207562	0.59966905551091	0.22336426424701453
0.1842782726155094	0.5772027318603075	0.23851899552418326
0.18181290367911865	0.5906262950945944	0.22756080122628705
0.1826833528748117	0.5952427742310883	0.2220738728941001
0.18435444142853935	0.5823854282758614	0.2332601302955994
0.17354666490806242	0.5912964822102375	0.23515685288170027
0.17890207680276998	0.5902211268827545	0.23087679631447566
0.18185648871119228	0.5841496244657074	0.23399388682310043
0.17392146233255085	0.5928464948715638	0.23323204279588539
0.18649402702976992	0.5868364193709251	0.22666955359930507
0.17560369989628752	0.5858776525218249	0.23851864758188773
0.18417044576054897	0.5944911638472337	0.22133839039221742
0.17353352856634213	0.5996696325161703	0.22679683891748764
0.1845350258804985	0.5947208547033002	0.22074411941620142
0.18646560940120696	0.5875726579038568	0.22596173269493636
0.18823078648369784	0.5774030479970678	0.23436616551923453
0.17504840641131203	0.5872522540432692	0.23769933954541883
0.1773356805715309	0.5890251203681314	0.23363919906033787
0.17587374640680592	0.5897491481515363	0.23437710544165788
0.17562177769398873	0.6025416414600531	0.22183658084595842
0.17466052346100405	0.5963383608247073	0.2290011157142888
0.18328134768371057	0.586679637379792	0.23003901493649753
0.18322480257816032	0.5939888381461189	0.22278635927572094
0.1863350206294102	0.5877150284819632	0.22594995088862668
0.18415550788936375	0.5969676748422046	0.21887681726843178
0.18271437687980113	0.5910978597787088	0.22618776334149024
0.18084383766339085	0.5938304241599127	0.22532573817669654
0.18104237684087604	0.5813131473882444	0.23764447577087966
0.1751673443518599	0.5907487684455961	0.23408388720254408
0.1827471428421283	0.5936151838808064	0.22363767327706546
0.18676023428537966	0.5842234089535248	0.22901635676109564
0.1787734738217494	0.5821096794404821	0.23911684673776862
0.18593670632616252	0.5763206192405012	0.2377426744333364
0.17985116399676654	0.5907749117286553	0.22937392427457834
0.18663942451735352	0.5903417927513885	0.2230187827312581
0.18183951742759333	0.5930567544377561	0.22510372813465065
0.1746981386259463	0.5967493862976786	0.22855247507637522
0.17961508646644372	0.5884894479249404	0.231895465608616
0.17783479098254745	0.5884701745838385	0.23369503443361406
0.1813986828633109	0.5848290704866554	0.2337722466500337
0.18482699173900274	0.5849989176520773	0.23017409060892002
0.17821556939663932	0.5932598190022443	0.22852461160111645
0.17809075336575977	0.5861428903758348	0.2357663562584056
0.17583130813330797	0.6018634427072185	0.2223052491594737
0.1801974025099672	0.58545868917421	0.23434390831582297
0.18014381815043862	0.5993351050381615	0.2205210768114001
0.17493847427111953	0.5876676829902402	0.2373938427386404
0.18029914269807618	0.5923606385887881	0.22734021871313587
0.17701026350371526	0.5854179454355379	0.23757179106074697
0.17403826895907074	0.6021597089024711	0.22380202213845826
0.17968297768256017	0.592839556188151	0.22747746612928893
0.17864040712080206	0.5843074275450484	0.23705216533414977
0.18084109181287983	0.5884560394377227	0.23070286874939755
0.18244911451947374	0.5885108618524162	0.2290400236281102
0.18046476448178356	0.5922018200843299	0.2273334154338867
0.1784425184071084	0.6027564284859737	0.218801053106918
0.18632588613169598	0.5879874770722149	0.22568663679608933
0.18830662468811826	0.580245791794827	0.2314475835170548
0.18840769070152008	0.5824123002742835	0.2291800090241965
0.1885703479212276	0.5769414602406092	0.2344881918381633
0.17839840914522367	0.596039045828073	0.22556254502670345
0.18598658241705276	0.5803379771495187	0.2336754404334287
0.17562535661357792	0.6030596226503542	0.221315020736068
0.17364516450935202	0.5997256111921152	0.22662922429853277
0.17991557368304953	0.5880777593428743	0.23200666697407632
0.18726231752009814	0.5748213861828158	0.2379162962970863
0.1807134194247145	0.5874735824557179	0.23181299811956774
0.1888758388690155	0.5796462221915901	0.23147793893939453
0.18472393652768856	0.5766741839629423	0.23860187950936917
0.18703056093039952	0.5842005288752423	0.22876891019435824
0.17446837562166181	0.6060196147898185	0.21951200958851985
0.17838395134080398	0.5995694493327399	0.22204659932645626
0.18466971258121362	0.57931055163807	0.23601973578071653
0.1735042186840735	0.5877439100428976	0.23875187127302905
0.18207818156233185	0.5863478023401653	0.231574016097503
0.18815439133449777	0.5744130640704534	0.23743254459504898
0.18635715080015786	0.5827653181848332	0.23087753101500905
0.1772853382066833	0.5851185185986696	0.23759614319464717
0.17537848233824824	0.5920693946983311	0.23255212296342084
0.1860780439020997	0.5896166752755749	0.22430528082232554
0.18648048804220846	0.585009621345411	0.22850989061238064
0.18145639135910685	0.5867949196453883	0.23174868899550494
0.1781093056676193	0.5870829602683257	0.2348077340640551
0.18533189069277325	0.5833376631789491	0.2313304461282778
0.17597401199420803	0.5994112174426485	0.2246147705631436
0.17748224369558813	0.5852767147964326	0.23724104150797937
0.18232656383330242	0.5974520043246523	0.2202214318420454
0.18804912698119294	0.5800766173402144	0.23187425567859277
0.17849636643302225	0.5838575298023385	0.23764610376463935
0.1829729954069264	0.582358538656945	0.23466846593612875
0.17548768291589256	0.5911719195009946	0.23334039758311306
0.17446429210005437	0.6053329449492677	0.22020276295067803
0.18765435619466017	0.5839723644043087	0.22837327940103133
0.18285402207931536	0.5820043931698303	0.2351415847508544
0.17435941235064273	0.5879132791858264	0.237727308463531
0.18525458083499274	0.5765410281563749	0.2382043910086325
0.18434371662518495	0.5891925981374486	0.2264636852373665
0.18307525785101428	0.5967488089728645	0.2201759331761213
0.18214237692303453	0.5833758201258781	0.2344818029510875
0.18557885282422293	0.5832189751120043	0.23120217206377291
0.1815812547596104	0.594187027208614	0.22423171803177566
0.1834654508101875	0.5978757463168836	0.2186588028729291
0.17963776519924582	0.5948927376971547	0.2254694971035996
0.17486527704582452	0.595881086183294	0.2292536367708816
0.18867471896062105	0.5925588943178417	0.21876638672153736
0.1856276384045216	0.5773319650438008	0.23704039655167777
0.18366885509121927	0.5897021435708557	0.22662900133792507
0.18498529883482778	0.5933258243817567	0.22168887678341567
0.18119817702801033	0.5899411487707744	0.22886067420121536
0.1779194769063807	0.5989279864210294	0.22315253667259
0.18430760255628034	0.5909282928560913	0.22476410458762844
0.187589453776519	0.5802210307676596	0.23218951545582145
0.18155955158045958	0.5870623264534072	0.23137812196613328
0.1777942117346193	0.6012425944093098	0.220963193856071
0.1863665324388504	0.5827146123778394	0.23091885518331035
0.18145643881558068	0.5962463765385957	0.2222971846458237
0.17756129805824136	0.5985766935689523	0.2238620083728066
0.17564842658599866	0.5916278069318983	0.23272376648210308
0.1764375139072219	0.5852726361617699	0.23828984993100827
0.18322679385183338	0.5923884895147251	0.22438471663344162
0.1785180981774278	0.5956848457764368	0.22579705604613556
0.18284254630508642	0.5783461876795067	0.238811266015407
0.17745941915464541	0.5839146282281027	0.23862595261725203
0.18787740335769754	0.5815659953167691	0.2305566013255334
0.18577317604163224	0.5806111226245791	0.2336157013337887
0.17783716261617452	0.5921142027899728	0.23004863459385272
0.18749822470676153	0.5788053781170499	0.23369639717618865
0.1838863693479442	0.5939688935661618	0.22214473708589405
0.18124524952607424	0.5845108969324946	0.23424385354143135
0.17563174966874354	0.5989190035919716	0.22544924673928504
0.18833245600369408	0.5860549333225171	0.22561261067378896
0.18046445197700323	0.5884508313622259	0.23108471666077093
0.18207090836970427	0.5959208360791441	0.2220082555511516
0.17824174114669544	0.5910968917534716	0.23066136709983304
0.1782918063182078	0.6002312665911264	0.22147692709066596
0.18286719921437433	0.5793653980628004	0.2377674027228254
0.18622896179318701	0.5791134967684566	0.23465754143835654
0.18618794116545195	0.5819074635550083	0.23190459527953983
0.18088831464843394	0.582960628362246	0.23615105698932015
0.17376015148321786	0.5938067983497403	0.23243305016704202
0.18495377154009618	0.5823414851236753	0.23270474333622862
0.18614935809448527	0.5926804184907589	0.22117022341475592
0.1851254998175412	0.5844419712318469	0.23043252895061203
0.1863729417473184	0.5877865017506194	0.22584055650206242
0.1879712397386916	0.5816606406321891	0.2303681196291194
0.17810076547777987	0.5851422925580203	0.2367569419642
0.17906411048030765	0.5879639692395495	0.23297192028014296
0.1868610281270673	0.5902690039703515	0.22286996790258126
0.1750768492882849	0.6036445833260209	0.2212785673856943
0.1863145742043859	0.5934928451193224	0.22019258067629174
0.1879197845611047	0.5795249568683755	0.23255525857051992
0.18121186312647428	0.5965522506678371	0.22223588620568868
0.18625903857590756	0.5948461123116249	0.21889484911246773
0.18367039161497328	0.5915898361640237	0.22473977222100322
0.18290254003682438	0.5823617503315918	0.23473570963158397
0.18833784334613093	0.5752369371640881	0.23642521948978112
0.17586325706775915	0.5903988585223707	0.23373788440987026
0.175815885529306	0.5977088274108782	0.2264752870598159
0.17600799194401298	0.5897517364023401	0.23424027165364708
0.17489319570121187	0.5897130657955999	0.23539373850318834
0.18879957034085126	0.5880981054185068	0.22310232424064202
0.18163599255605242	0.5868841388652748	0.23147986857867292
0.18319042371075578	0.5845716611804878	0.23223791510875658
0.17702220146506806	0.586603594470509	0.236374204064423
0.18803033231107588	0.5873680445674456	0.2246016231214786
0.17556533455596637	0.5985824148507697	0.2258522505932641
0.18030766280448357	0.5965480745278007	0.22314426266771586
0.1746214935280292	0.5879491896194262	0.23742931685254468
0.1865874113618139	0.5919471866128145	0.22146540202537174
0.1758118926767677	0.6004424397725553	0.22374566755067715
0.1875698325998699	0.5814139244764103	0.23101624292371997
0.17902686626066108	0.5905375053159041	0.23043562842343496
0.1865929031061025	0.5837679901163344	0.22963910677756316
0.18252169697591347	0.5923168479659098	0.22516145505817686
0.1774780426389475	0.5903669293958334	0.2321550279652192
0.17679622852390986	0.6018191168978093	0.22138465457828105
0.17584793918063452	0.5967921152825746	0.22735994553679112
0.18748591905369297	0.5836142808572042	0.22889980008910285
0.1756438323733099	0.5866867663939932	0.23766940123269698
0.187076258118159	0.5808040641424301	0.23211967773941095
0.17547970884339406	0.6029506319830957	0.22156965917351026
0.18630919007377864	0.5876078612553997	0.22608294867082185
0.18295605552755412	0.5925263186167048	0.22451762585574125
0.183512294410431	0.5822745841993867	0.23421312139018244
0.18165372299788735	0.5926878037132616	0.2256584732888512
0.17708331048368156	0.5838915166936722	0.23902517282264635
0.18830083826040916	0.5852512626524531	0.22644789908713783
0.1861779024553719	0.5758593330626162	0.23796276448201203
0.18338144256493544	0.5962087687634278	0.2204097886716369
0.18807753959256865	0.5769005757627961	0.23502188464463541
0.17949350579613446	0.582833386078182	0.23767310812568368
0.1808134418028808	0.5995513991230321	0.2196351590740872
0.18340136654231104	0.5857614370926134	0.23083719636507571
0.17358403696321825	0.5963493744922879	0.23006658854449394
0.18731291990977325	0.5893288242908323	0.2233582557993945
0.17466573780720113	0.5945542405502275	0.23078002164257155
0.18845082143579392	0.5893635721326357	0.22218560643157054
0.18765522508965343	0.57811014403168	0.23423463087866658
0.1831412294824587	0.5839252633838705	0.23293350713367095
0.1860302378354117	0.5810185496458008	0.23295121251878767
0.1844947018789876	0.59085673509203	0.22464856302898253
0.1827202816176224	0.5942377407894334	0.2230419775929443
0.17447755369717605	0.5913558592617056	0.23416658704111834
0.1758270345458507	0.6050431474592755	0.2191298179948739
0.17872129139823473	0.5836037458875101	0.2376749627142554
0.17453973598980538	0.6018644324085356	0.2235958316016592
0.18870680697013809	0.5839639177862356	0.22732927524362645
0.18830715261250847	0.5899538180044192	0.2217390293830725
0.17515290694463645	0.6031310528457099	0.2217160402096538
0.1879099367157286	0.593360788566523	0.21872927471774856
0.1857323884139299	0.5837100827909585	0.23055752879511185
0.1839033418809926	0.593709387842551	0.22238727027645647
0.1885121249620493	0.5895044511635983	0.2219834238743526
0.18264141122233235	0.5878012709284974	0.2295573178491704
0.1762974460168208	0.5905477288011644	0.23315482518201497
0.17993462064295387	0.6002901801455626	0.21977519921148372
0.18185028798174918	0.5800741771258562	0.23807553489239475
0.17765133726342247	0.6038881209222773	0.21846054181430044
0.17775188229631833	0.5983006317857857	0.2239474859178961
0.17462721259069153	0.6024827414979135	0.22289004591139508
0.18155159145056038	0.5893353321589546	0.22911307639048512
0.17857595628260392	0.5844564387446634	0.2369676049727329
0.17398900341430135	0.6033806432335795	0.22263035335211928
0.17464162683665707	0.6053347331503648	0.22002364001297822
0.17596591298007844	0.5898707250310578	0.23416336198886398
0.18123901384298835	0.5934845148121188	0.22527647134489284
0.18824837456675578	0.5908518879081186	0.22089973752512568
0.17499533811552836	0.6056928285215972	0.2193118333628745
0.18352263844473624	0.5946136756482191	0.2218636859070448
0.18382984613411524	0.593478472729304	0.22269168113658086
0.18510401912026556	0.5876875586785256	0.2272084222012089
0.1743677203717241	0.5942539392756903	0.23137834035258575
0.18663302455684436	0.5817750595981726	0.23159191584498318
0.17735211106821808	0.5876964030712848	0.2349514858604972
0.18750037892940638	0.5939952233910029	0.21850439767959084
0.18168913885990423	0.5865266237620914	0.23178423737800444
0.18357862994491944	0.586795749011055	0.22962562104402562
0.1792754434065923	0.5979129242295882	0.22281163236381957
0.18067319985095498	0.5841572464566954	0.2351695536923497
0.18777369583605383	0.5806257677949487	0.2316005363689977
0.18846809805106313	0.5845137988710098	0.22701810307792708
0.18363623711686516	0.589919206831685	0.22644455605145003
0.17567985994801372	0.5907216731775022	0.2335984668744841
0.1829149708084762	0.5891700960640542	0.2279149331274697
0.18523389494983186	0.5771848794979864	0.2375812255521819
0.1788853078437355	0.5869413881837199	0.23417330397254474
0.17787853303430323	0.5910041575186161	0.23111730944708075
0.17801407001170558	0.5981482284697337	0.22383770151856086
0.17849022118655455	0.6000971944263451	0.22141258438710043
0.17837405768215933	0.5939096582307415	0.22771628408709926
0.17834433070647146	0.5915710307869801	0.23008463850654853
0.18708036840857847	0.5833419017289115	0.2295777298625101
0.17448271258440098	0.5979847219673888	0.22753256544821035
0.17640082765197654	0.5862459243823959	0.23735324796562768
0.17406115900415348	0.6012136228526227	0.224725218143224
0.18726931748669212	0.5894761183831885	0.22325456413011946
0.18349692006559584	0.5908319555269775	0.2256711244074267
0.1782791274213925	0.5828098041864023	0.23891106839220538
0.17806044795330753	0.5861514502341749	0.2357881018125177
0.18205895277541012	0.5990959898060848	0.21884505741850513
0.17360586180313664	0.6029799958157365	0.22341414238112703
0.18869369624513704	0.5844177418496089	0.22688856190525414
0.18647711184706195	0.5854803397284059	0.22804254842453228
0.183688082103482	0.5807876282901133	0.23552428960640476
0.18548962621651607	0.5816626733889128	0.23284770039457126
0.17719567202206957	0.5927090918995405	0.23009523607839003
0.18616760657544965	0.5953745414595446	0.21845785196500583
0.17575777168765114	0.6003771950358707	0.22386503327647828
0.17525132385571363	0.6019522114555262	0.22279646468876024
0.17753849521123216	0.5859800160670181	0.2364814887217499
0.18434042351897495	0.5848208297893187	0.2308387466917064
0.17440032905601255	0.5942510610442624	0.23134860989972514
0.17797277021492747	0.582991142399186	0.2390360873858867
0.18350625495132494	0.5829996558671451	0.23349408918153003
0.17380482594007665	0.5898591449454151	0.23633602911450835
0.17560067284081785	0.6001762095313254	0.22422311762785682
0.17903208572164658	0.594135563224826	0.22683235105352761
0.18136488782311216	0.595884385995809	0.22275072618107902
0.17676683617704575	0.5857104368025776	0.23752272702037683
0.18060152360159387	0.5908944210153777	0.22850405538302848
0.18291777259972797	0.5921645372965045	0.22491769010376764
0.17526432892795085	0.6019433278458779	0.22279234322617136
0.1781377900135194	0.588961114872459	0.23290109511402185
0.1811497012771808	0.5892124191950144	0.2296378795278049
0.18560200632796736	0.5754731524543095	0.23892484121772323
0.1849850110769443	0.5881405884750504	0.22687440044800541
0.18620381707211892	0.5802955123007325	0.2335006706271487
0.18454593263346553	0.5804194566941492	0.23503461067238546
0.18247272657609162	0.5856419687936308	0.23188530463027768
0.18893813520167632	0.5880001510981498	0.22306171370017394
0.18693553357373865	0.58401295003275	0.22905151639351148
0.17846952959545134	0.5914526223034652	0.23007784810108356
0.18480143316212005	0.5959237083632225	0.21927485847465752
0.18676891701823115	0.5853778584074122	0.22785322457435683
0.1748716861969663	0.5941703372025993	0.23095797660043454
0.18009295486958304	0.5995400873127781	0.22036695781763904
0.17432903521533133	0.5967374943655274	0.22893347041914147
0.17777707676366117	0.5961034494413644	0.22611947379497463
0.18306817530831382	0.5978028364572414	0.21912898823444488
0.18840864794385953	0.5884787107166853	0.22311264133945521
0.17800659459091123	0.5882087265600653	0.2337846788490236
0.1831378605639841	0.5869314603973426	0.22993067903867337
0.18845037379771562	0.5790026845859884	0.23254694161629605
0.18788757883138524	0.585295738263323	0.22681668290529175
0.18300489664867461	0.598249556980256	0.21874554637106963
0.18538128291867906	0.5859148841874776	0.22870383289384344
0.1828478800720741	0.5876600923380917	0.2294920275898344
0.18715325317158546	0.5746658091023726	0.23818093772604207
0.18460759013522082	0.578083559750546	0.23730885011423325
0.17744083946644307	0.5897421495803453	0.23281701095321175
0.18439829401913332	0.5899048964984437	0.2256968094824231
0.17395881809937863	0.5926744764509201	0.23336670544970142
0.1763311806235568	0.6007844758710716	0.22288434350537176
0.18183165943433416	0.5964158687983501	0.221752471767316
0.1850398758636218	0.5904868692145064	0.22447325492187184
0.18413512442069616	0.5889678304039416	0.22689704517536233
0.18524925147851443	0.5954488231742068	0.21930192534727885
0.18652170308318008	0.5899381457689659	0.22354015114785414
0.17665515905414375	0.5916205888521104	0.23172425209374597
0.17583041849096234	0.5853952845533609	0.23877429695567692
0.17879027762737243	0.6025525753735398	0.21865714699908786
0.18860684602878655	0.5852889649430634	0.22610418902815013
0.1798359524838821	0.5906599917305455	0.22950405578557248
0.18354837341756036	0.5932086280171052	0.22324299856533453
0.18149927522012213	0.5967313341733786	0.22176939060649936
0.17553582047440927	0.5875734352690307	0.2368907442565602
0.1806871957554607	0.5840944336993414	0.23521837054519792
0.18518181052696375	0.5940373598701494	0.22078082960288703
0.17799266934374824	0.5889630935062128	0.23304423715003908
0.18014931667475886	0.5844426304737211	0.2354080528515201
0.17589296147766437	0.6002488888941697	0.22385814962816594
0.17379086688880738	0.6040456056109135	0.2221635275002793
0.18033441518252402	0.5960842855080151	0.22358129930946102
0.18764316788732194	0.5804544490676891	0.2319023830449891
0.1798577132206118	0.5856091444289604	0.234533142350428
0.18842753604210485	0.5808190070032966	0.23075345695459873
0.18724125515539422	0.5807161029349037	0.2320426419097022
0.183302757907489	0.5792016793866953	0.23749556270581582
0.1816483737142798	0.5843000738936142	0.23405155239210618
0.1806375845410506	0.5876039630623027	0.23175845239664675
0.17806709138219556	0.5891495361509289	0.23278337246687564
0.1844402764686741	0.5857026473699464	0.22985707616137968
0.18226598294435034	0.5849554981186094	0.23277851893704032
0.18414058990391796	0.580490925645351	0.23536848445073114
0.17364888356984634	0.6056034265238917	0.2207476899062621
0.1842747446251207	0.5778753240980894	0.23784993127679002
0.18849454583715966	0.5896026830972283	0.22190277106561207
0.17501062339308712	0.5906701016807743	0.23431927492613872
0.18592132964216437	0.59216895804538	0.2219097123124558
0.17741374606571914	0.6035916457320365	0.21899460820224456
0.17932146096671503	0.5887516906900248	0.23192684834326033
0.17936689598374161	0.5927310955986631	0.22790200841759542
0.1830804767671178	0.5980770906961937	0.21884243253668856
0.1767478783848757	0.5904637785013933	0.2327883431137311
0.18341894091353608	0.5821098843973795	0.23447117468908452
0.18346112738643683	0.5880788464943207	0.22846002611924252
0.1824713818790583	0.5946871189576435	0.22284149916329837
0.17889684372583184	0.5851539549009753	0.23594920137319295
0.18786562319811953	0.5890829738741734	0.22305140292770717
0.18890244679309204	0.5813018392984508	0.22979571390845732
0.18338257700442578	0.5887091351347902	0.2279082878607841
0.1757310993421827	0.5957956533065233	0.2284732473512941
0.17489707420966388	0.6041610829746671	0.2209418428156691
0.18680944588595233	0.5921855330208166	0.22100502109323128
0.18581206601233854	0.5864697749905294	0.22771815899713216
0.18603491659195126	0.5778802277153674	0.2360848556926815
0.18840372828972768	0.5762450274391897	0.23535124427108278
0.18393867192614966	0.5935761532948474	0.2224851747790031
0.18494100508361694	0.5763277795364248	0.23873121537995842
0.1755854155604509	0.5916568475528617	0.2327577368866875
0.18213342688354756	0.5926198019123514	0.22524677120410114
0.1832440366926604	0.5820585423039267	0.234697421003413
0.18267635714909458	0.5949660344685783	0.22235760838232718
0.1877078456204053	0.5802575469365605	0.23203460744303434
0.17502385011451255	0.5900612300966662	0.23491491978882134
0.18093644790064126	0.5906337777231145	0.22842977437624434
0.18878141167597004	0.578773921149627	0.23244466717440315
0.17888168293046547	0.5996128342068967	0.2215054828626379
0.18603322497350078	0.5819988730313912	0.23196790199510822
0.18569297407656626	0.5914569360435076	0.22285008987992622
0.18824471090453634	0.589391499108504	0.22236378998695983
0.17788742870513863	0.6036424100827328	0.21847016121212864
0.17422556694737304	0.5978117309973128	0.22796270205531421
0.1772771287362735	0.60309998692473	0.21962288433899657
0.17426291447750847	0.5888878797282813	0.23684920579421032
0.18731818833143377	0.5941967592294601	0.21848505243910624
0.1870351169067534	0.5876346341780401	0.22533024891520662
0.18824099209449485	0.5841920687615524	0.22756693914395287
0.17376242316229146	0.5918595344553537	0.23437804238235493
0.18048433122055746	0.5855100533677369	0.23400561541170575
0.17659178928113875	0.589963830462414	0.23344438025644748
0.18584951148829748	0.5937134408214777	0.22043704769022487
0.18759846901050087	0.5784783263423954	0.23392320464710392
0.1880473579192711	0.5779904034040293	0.2339622386766998
0.17755105137162464	0.5892271351502181	0.23322181347815735
0.18125330264235762	0.581773469956874	0.23697322740076854
0.17730694752445925	0.5958679108055054	0.22682514167003556
0.18214608062050808	0.5859467455638003	0.23190717381569181
0.18186165565946638	0.589698741271922	0.22843960306861172
0.18686035244643498	0.5794750013887695	0.23366464616479563
0.18246765513611984	0.5969721080622277	0.22056023680165257
0.1857503323090382	0.5846255852678	0.22962408242316207
0.1863345256138135	0.592884235293366	0.2207812390928206
0.1840532832949181	0.5960457767790575	0.2199009399260246
0.17978783988772593	0.5893907427037968	0.2308214174084774
0.1744452565083443	0.5939624510339941	0.23159229245766166
0.18074868460240606	0.5853435476565656	0.2339077677410285
0.17623790029131137	0.595595282260387	0.22816681744830175
0.17637217539227248	0.5892403865165005	0.2343874380912272
0.18111906691731855	0.5965663894780069	0.22231454360467462
0.18222890238306363	0.5805864717224667	0.23718462589446973
0.17376492651250733	0.5879308699083002	0.23830420357919258
0.18753863398453413	0.5882532574587049	0.224208108556761
0.17424035864473586	0.5933700489983695	0.2323895923568947
0.18252322491476897	0.5885134023009531	0.22896337278427806
0.17891906339113994	0.5869766248571614	0.23410431175169877
0.1790546319611626	0.5994536346072422	0.22149173343159528
0.17364179483834546	0.6061301864989155	0.22022801866273917
0.18668593801360325	0.5936614634044478	0.21965259858194908
0.1847492551867168	0.5795744671682275	0.23567627764505583
0.1832817550305665	0.5891913161237128	0.2275269288457208
0.18026032490530025	0.6003877084667995	0.2193519666279004
0.17987273594019224	0.5854774088875243	0.23464985517228354
0.1856839425779956	0.5888948394139824	0.22542121800802226
0.18693464965185827	0.5774859008506512	0.23557944949749057
0.18441645259407835	0.5784194776118863	0.23716406979403543
0.17592559057955426	0.589333588924557	0.23474082049588893
0.1753164217722367	0.5909870048960746	0.23369657333168878
0.18436697628147336	0.5857310945821634	0.22990192913636331
0.18035747449289294	0.5980291918898711	0.22161333361723604
0.18710287318529462	0.5760425840021203	0.2368545428125852
0.18748618513846682	0.5911856552733895	0.22132815958814384
0.1844777811463771	0.5815091960209472	0.23401302283267578
0.1809682226666005	0.5833079924732579	0.23572378486014167
0.1854850281081399	0.587419387285075	0.22709558460678508
0.18420431942348478	0.5805085197856011	0.23528716079091425
0.17662415446688004	0.5965268204190737	0.22684902511404645
0.1802353676347189	0.5859001482724318	0.23386448409284954
0.18855608469564983	0.5896145116856761	0.22182940361867426
0.1841106669224637	0.593138881787141	0.22275045129039536
0.18090284219742972	0.5951086173396714	0.223988540462899
0.18700083047838004	0.5846224983955093	0.2283766711261109
0.17576525586521508	0.5961474476376012	0.22808729649718384
0.1803844894718158	0.5960238259728032	0.22359168455538114
0.17947451478834608	0.5939382790936375	0.22658720611801653
0.18018983282716083	0.5857246983520269	0.23408546882081238
0.1775178340976588	0.6020804703391518	0.22040169556318942
0.1800372976651101	0.601226936907625	0.21873576542726514
0.18607123923272506	0.5932905884921327	0.22063817227514237
0.18191549459076123	0.5909683988288126	0.22711610658042636
