0.4178810188162316	0.5821189811837681
0.41830878970672497	0.5816912102932746
0.4179317202871962	0.5820682797128035
0.41770662816279225	0.5822933718372074
0.41796690379067103	0.5820330962093286
0.41768825113410524	0.5823117488658944
0.4175313608334198	0.5824686391665799
0.4175794287928837	0.582420571207116
0.41832646311432486	0.5816735368856748
0.4184572139305188	0.5815427860694808
0.4173635989643856	0.5826364010356141
0.4177161134253746	0.582283886574625
0.4176377694405695	0.5823622305594301
0.41820243610399077	0.5817975638960089
0.41823745136976104	0.5817625486302387
0.4174196735777497	0.58258032642225
0.41726593372677245	0.5827340662732272
0.4182881282934822	0.5817118717065175
0.41782006036814695	0.5821799396318527
0.41795216430407267	0.582047835695927
0.4180367878567405	0.5819632121432592
0.4178360496623426	0.5821639503376571
0.4184608074053258	0.5815391925946738
0.4180522309912411	0.5819477690087586
0.4182034369919783	0.5817965630080214
0.41835131971842643	0.5816486802815732
0.417392156871053	0.5826078431289466
0.41812776973776905	0.5818722302622306
0.4184683048490423	0.5815316951509574
0.41814989908155664	0.581850100918443
0.41789708552902943	0.5821029144709702
0.4175908157073161	0.5824091842926835
0.41820607991848074	0.581793920081519
0.4174583043044815	0.5825416956955182
0.41776107058371403	0.5822389294162856
0.4173863114122819	0.5826136885877178
0.41765854115471834	0.5823414588452813
0.41812152692505905	0.5818784730749407
0.41734885010637796	0.5826511498936218
0.41794022283131255	0.5820597771686871
0.4174937525603969	0.5825062474396028
0.41803564341277666	0.581964356587223
0.4175572069566018	0.5824427930433979
0.41806790237103797	0.5819320976289617
0.4173169127247717	0.582683087275228
0.4182559567232469	0.5817440432767528
0.41806095017700795	0.5819390498229917
0.4183817122387781	0.5816182877612215
0.41801994548586213	0.5819800545141375
0.4173039929842156	0.5826960070157841
0.4177827088231834	0.5822172911768162
0.4174750661932554	0.5825249338067442
0.4173843079913834	0.5826156920086163
0.4176926243101988	0.5823073756898008
0.4173304378620312	0.5826695621379685
0.4178453344967934	0.5821546655032063
0.417827856253086	0.5821721437469137
0.4181330366184021	0.5818669633815975
0.4182397274189311	0.5817602725810685
0.41824170996872684	0.5817582900312728
0.4173556768621872	0.5826443231378124
0.41799871971743197	0.5820012802825677
0.4178344723729236	0.5821655276270761
0.41826828415804457	0.5817317158419552
0.41739644260637054	0.5826035573936291
0.4178418448409215	0.5821581551590782
0.41799992621570903	0.5820000737842906
0.4183219388547563	0.5816780611452433
0.4176383380925906	0.582361661907409
0.41768823966238205	0.5823117603376176
0.41777974209755264	0.582220257902447
0.4177897944129403	0.5822102055870594
0.41761343505385506	0.5823865649461446
0.4176754724876379	0.5823245275123617
0.4183738762688817	0.581626123731118
0.4177731389572406	0.582226861042759
0.418448294598402	0.5815517054015976
0.4175787051880948	0.5824212948119049
0.4179620144087368	0.5820379855912629
0.4178322129303498	0.5821677870696499
0.41774142392381136	0.5822585760761883
0.41793536953359967	0.5820646304664
0.4173739006983712	0.5826260993016285
0.4183573383467582	0.5816426616532414
0.4173504313343768	0.5826495686656228
0.41752469400358605	0.5824753059964136
0.41842701159173507	0.5815729884082647
0.41746718024998597	0.5825328197500137
0.41755990767200735	0.5824400923279923
0.4180194210964249	0.5819805789035748
0.41736285641626414	0.5826371435837355
0.4179057444687069	0.5820942555312928
0.41765607893742246	0.5823439210625772
0.41773140624289534	0.5822685937571044
0.4174801681183951	0.5825198318816045
0.4181039191219158	0.5818960808780839
0.41814471086027477	0.5818552891397248
0.41798909143257906	0.5820109085674207
0.4182998718377185	0.5817001281622811
0.4176518257028023	0.5823481742971974
0.4178361946690853	0.5821638053309144
0.4181606343650833	0.5818393656349164
0.418394293944499	0.5816057060555007
0.4174670765434832	0.5825329234565164
0.4184094063503184	0.5815905936496812
0.4178565323020643	0.5821434676979353
0.417470586494712	0.5825294135052876
0.41834053031932494	0.5816594696806747
0.4182397884422511	0.5817602115577485
0.41828453055460807	0.5817154694453917
0.4175925561035274	0.5824074438964723
0.418198099023389	0.5818019009766107
0.41832117529974694	0.5816788247002528
0.4183036287907345	0.5816963712092651
0.41833458287234865	0.5816654171276511
0.41806437932407575	0.581935620675924
0.41735120640885803	0.5826487935911416
0.41821921959099817	0.5817807804090015
0.41814839794026903	0.5818516020597306
0.41772907688583966	0.58227092311416
0.4176434850405396	0.5823565149594601
0.4183504125952479	0.5816495874047517
0.41804352529955585	0.5819564747004438
0.41840927606124817	0.5815907239387516
0.41785494501857834	0.5821450549814213
0.41738679908555554	0.5826132009144441
0.41824713276758363	0.581752867232416
0.4174237621966733	0.5825762378033263
0.4177284200104321	0.5822715799895676
0.41837369723143214	0.5816263027685675
0.41787112475411914	0.5821288752458805
0.4181391246874271	0.5818608753125726
0.41820373281677586	0.5817962671832237
0.4184746150194608	0.5815253849805389
0.417306140545706	0.5826938594542936
0.4177926690832726	0.582207330916727
0.41740957708588	0.5825904229141197
0.4183822532685471	0.5816177467314525
0.41795717765010776	0.5820428223498919
0.41767287585088114	0.5823271241491186
0.4182376651832349	0.5817623348167648
0.41825782091643243	0.5817421790835673
0.41825440602833613	0.5817455939716636
0.4177059976091122	0.5822940023908875
0.41739959633031665	0.582600403669683
0.41801242133460126	0.5819875786653984
0.41731186933260983	0.5826881306673899
0.4175095091932624	0.5824904908067372
0.417931212350035	0.5820687876499646
0.41788938235272655	0.5821106176472731
0.4177521076673988	0.5822478923326009
0.4175568046939448	0.5824431953060548
0.4176100840573982	0.5823899159426015
0.4183977772324241	0.5816022227675756
0.4173147895545092	0.5826852104454905
0.4179608071025934	0.5820391928974062
0.4182311940267525	0.5817688059732472
0.4181871093418277	0.581812890658172
0.41763983249860415	0.5823601675013955
0.41811117710089596	0.5818888228991037
0.4182904515204957	0.581709548479504
0.41834607335380886	0.5816539266461909
0.4181096165290112	0.5818903834709885
0.41774446555660716	0.5822555344433925
0.4176610727522799	0.5823389272477197
0.41736138305913123	0.5826386169408684
0.4181734489432271	0.5818265510567726
0.4184555680921698	0.5815444319078299
0.4177558711377781	0.5822441288622215
0.4181382812846119	0.5818617187153877
0.41806473272880784	0.5819352672711918
0.4176752436537419	0.5823247563462578
0.4172946701767754	0.5827053298232243
0.4173751936022921	0.5826248063977075
0.4180097485157149	0.5819902514842847
0.41746733436140154	0.5825326656385981
0.4178490911665953	0.5821509088334044
0.41827325180598884	0.5817267481940108
0.4175314583737292	0.5824685416262705
0.41731836082393736	0.5826816391760623
0.41784622012868367	0.582153779871316
0.4174461636016188	0.5825538363983809
0.417821363714341	0.5821786362856587
0.41735656593497	0.5826434340650297
0.41726572121654565	0.5827342787834541
0.4178437705117977	0.5821562294882019
0.41811986672826873	0.5818801332717309
0.41764784828928614	0.5823521517107135
0.4173033649200492	0.5826966350799505
0.4180800149034853	0.5819199850965143
0.4178492346978494	0.5821507653021503
0.4174481924624139	0.5825518075375857
0.41800705904087665	0.581992940959123
0.4181116254143844	0.5818883745856153
0.4178168016041393	0.5821831983958603
0.4182214939130474	0.5817785060869523
0.4181834006524183	0.5818165993475813
0.41824000469085343	0.5817599953091462
0.417434185236786	0.5825658147632137
0.4182330307738539	0.5817669692261458
0.4173801044625062	0.5826198955374935
0.41741723608847203	0.5825827639115276
0.41755234930356505	0.5824476506964347
0.4177021221932025	0.5822978778067971
0.4181762021153939	0.5818237978846057
0.41840432063934546	0.5815956793606541
0.4182238710391375	0.5817761289608622
0.41747189562547116	0.5825281043745285
0.41791373683555255	0.5820862631644471
0.41842706088840714	0.5815729391115925
0.417375979321406	0.5826240206785936
0.4179140221159966	0.5820859778840031
0.41765062522065693	0.5823493747793428
0.41774179374219567	0.582258206257804
0.41734813690094885	0.5826518630990508
0.4182366616305265	0.5817633383694732
0.41802310550229554	0.5819768944977042
0.4183725732236945	0.5816274267763052
0.41792439990402985	0.5820756000959698
0.4182947702835659	0.5817052297164338
0.41816441609371763	0.581835583906282
0.4178676036687209	0.5821323963312788
0.417640657754617	0.5823593422453827
0.4182535422428193	0.5817464577571804
0.41748328917317856	0.5825167108268211
0.417280823960744	0.5827191760392557
0.4183048638856074	0.5816951361143923
0.4173948114228352	0.5826051885771645
0.41742625101115693	0.5825737489888427
0.418266587767138	0.5817334122328617
0.4179586240770085	0.5820413759229912
0.41835272169343596	0.5816472783065637
0.41831097654922644	0.5816890234507732
0.4181529959859095	0.5818470040140902
0.41754600519608365	0.582453994803916
0.4177426698576987	0.582257330142301
0.4173408020048598	0.5826591979951399
0.41826802956907383	0.5817319704309258
0.41829944886912973	0.5817005511308699
0.41802779551186114	0.5819722044881385
0.4180297560079883	0.5819702439920114
0.4173842968861661	0.5826157031138336
0.4182944648749653	0.5817055351250343
0.4181602630229312	0.5818397369770685
0.4174233760855976	0.5825766239144021
0.41801772288738714	0.5819822771126125
0.41802509130286386	0.5819749086971358
0.4172729027656021	0.5827270972343975
0.41785351040659496	0.5821464895934048
0.4172881020851849	0.5827118979148147
0.41817021785640995	0.5818297821435897
0.41769716420926567	0.582302835790734
0.4175599703479032	0.5824400296520964
0.417369802244565	0.5826301977554347
0.4181401665793508	0.5818598334206488
0.4180053869337297	0.58199461306627
0.41845081724319527	0.5815491827568045
0.4181454381783301	0.5818545618216695
0.4180653766278956	0.581934623372104
0.4182829826464127	0.5817170173535869
0.41830523858395013	0.5816947614160495
0.4179284569137628	0.5820715430862369
0.417989048785577	0.5820109512144227
0.41736127595214445	0.5826387240478552
0.418383174810949	0.5816168251890507
0.41807718766988694	0.5819228123301128
0.41800305571531016	0.5819969442846895
0.41802840062131597	0.5819715993786837
0.4182304367275461	0.5817695632724535
0.4182893000882603	0.5817106999117393
0.4183933077970369	0.5816066922029628
0.41845485174303954	0.5815451482569601
0.4173645318511871	0.5826354681488125
0.41840391372891883	0.5815960862710808
0.4177805747660179	0.5822194252339817
0.417432499544943	0.5825675004550567
0.4182503182082159	0.5817496817917838
0.41813009848190397	0.5818699015180957
0.41837503813299104	0.5816249618670086
0.41791705194337897	0.5820829480566208
0.417345738142413	0.5826542618575867
0.4180054974801768	0.5819945025198229
0.4183942503140622	0.5816057496859375
0.41758997128322195	0.5824100287167777
0.4179049734121094	0.5820950265878903
0.4180189643975695	0.5819810356024302
0.41808036869504334	0.5819196313049564
0.4176344439944871	0.5823655560055125
0.417391885192648	0.5826081148073516
0.41832255625140724	0.5816774437485924
0.4177404014371104	0.5822595985628892
0.41771098682444346	0.5822890131755561
0.4175357353954744	0.5824642646045253
0.41814733287048467	0.581852667129515
0.41843578009346283	0.5815642199065368
0.4178463572368488	0.5821536427631508
0.4182278649435368	0.5817721350564629
0.4184436670184435	0.5815563329815562
0.41746380793643845	0.5825361920635612
0.4175231490954376	0.5824768509045621
0.41795449356863623	0.5820455064313634
0.4181941848442974	0.5818058151557023
0.41735829537289104	0.5826417046271086
0.4181063337606236	0.5818936662393761
0.4181838447054447	0.581816155294555
0.41795828248537115	0.5820417175146285
0.4180730154502438	0.5819269845497559
0.41748920479183127	0.5825107952081684
0.41788151098531817	0.5821184890146816
0.41831024271739214	0.5816897572826075
0.41815948184240054	0.5818405181575992
0.41763039343088404	0.5823696065691156
0.41826730116205146	0.5817326988379482
0.4175221327506082	0.5824778672493914
0.41742953379236813	0.5825704662076315
0.4180088476284721	0.5819911523715275
0.41768579440292297	0.5823142055970767
0.41738531357327535	0.5826146864267243
0.41759084050028444	0.5824091594997152
0.4176676506022986	0.5823323493977011
0.4180418999640001	0.5819581000359996
0.4175328912131978	0.5824671087868019
0.4173095918084606	0.582690408191539
0.417527694876095	0.5824723051239047
0.41845331123761786	0.5815466887623818
0.4173406747082856	0.582659325291714
0.4172711348429939	0.5827288651570057
0.4176928029408125	0.5823071970591872
0.4179656007140326	0.5820343992859671
0.4182977186803748	0.5817022813196249
0.4174763596601055	0.5825236403398942
0.41765340669802653	0.5823465933019731
0.4182871390663806	0.5817128609336191
0.4179665871610142	0.5820334128389855
0.4174843762970797	0.58251562370292
0.41727415912080423	0.5827258408791954
0.4183143538807268	0.5816856461192729
0.417566601957538	0.5824333980424616
0.4184145109441328	0.5815854890558669
0.4181191594648994	0.5818808405351003
0.4174288861295075	0.5825711138704921
0.41829767448850785	0.5817023255114918
0.41814181996285055	0.5818581800371491
0.41779128103591595	0.5822087189640837
0.4176918287159961	0.5823081712840036
0.4183037408073683	0.5816962591926313
0.41772812488093314	0.5822718751190665
0.4174078563260729	0.5825921436739268
0.4176822065473753	0.5823177934526244
0.4177464208096553	0.5822535791903444
0.4181259936770435	0.5818740063229562
0.4181704777763279	0.5818295222236718
0.41829901598019953	0.5817009840198002
0.4184358067159526	0.5815641932840471
0.4182633473330569	0.5817366526669427
0.4178234280914486	0.5821765719085511
0.4172908194892046	0.5827091805107951
0.41782598393496184	0.5821740160650378
0.4175016915318492	0.5824983084681505
0.41740329945228655	0.5825967005477131
0.41797461137166436	0.5820253886283353
0.41788412884318815	0.5821158711568115
0.4181106068580525	0.5818893931419471
0.41845686007788907	0.5815431399221106
0.4182883233167322	0.5817116766832675
0.4173268239927802	0.5826731760072195
0.4172717678186725	0.5827282321813272
0.4173154725351095	0.5826845274648902
0.41792932297106933	0.5820706770289303
0.41846698189687126	0.5815330181031284
0.4181900351643678	0.5818099648356319
0.4177145281457716	0.5822854718542281
0.4183907759123075	0.5816092240876922
0.4181524335794794	0.5818475664205203
0.41789900649825673	0.5821009935017429
0.41780869799409825	0.5821913020059014
0.4178005674990057	0.582199432500994
0.4178476086704158	0.5821523913295839
0.41796631509127563	0.582033684908724
0.41801755565177784	0.5819824443482218
0.418338099051603	0.5816619009483966
0.41759655609463675	0.5824034439053629
0.4182728456942491	0.5817271543057505
0.41738023822137227	0.5826197617786274
0.41742523019014477	0.5825747698098549
0.4175658590969562	0.5824341409030435
0.41827133508335	0.5817286649166497
0.41743753984460863	0.582562460155391
0.4174645946649067	0.582535405335093
0.41807246802632114	0.5819275319736785
0.417504541253934	0.5824954587460657
0.41771677544060043	0.5822832245593993
0.4184461744857592	0.5815538255142405
0.41756715306176356	0.582432846938236
0.41798631897931265	0.5820136810206871
0.41811155428788876	0.581888445712111
0.41832787720794434	0.5816721227920553
0.41816151708563487	0.5818384829143648
0.4174419106458832	0.5825580893541165
0.41735781455335563	0.582642185446644
0.4182917679554109	0.5817082320445888
0.4180380962779317	0.5819619037220679
0.4180749585511749	0.5819250414488247
0.4182331415486048	0.5817668584513949
0.4179202865651487	0.582079713434851
0.4178070035867313	0.5821929964132684
0.4178561518730264	0.5821438481269733
0.4177168022230509	0.5822831977769487
0.41823944344308706	0.5817605565569126
0.41821198855291186	0.5817880114470878
0.4173406834564917	0.5826593165435079
0.4184717908698835	0.5815282091301162
0.41752471741171415	0.5824752825882855
0.4176565300469657	0.582343469953034
0.4182318107223527	0.581768189277647
0.417397514901904	0.5826024850980956
0.41827472132591464	0.581725278674085
0.4177105089291091	0.5822894910708906
0.4178789532808118	0.5821210467191879
0.4184565290179106	0.581543470982089
0.41732183594834793	0.5826781640516517
0.4172796109273373	0.5827203890726623
0.4180909617431843	0.5819090382568154
0.41844434767815564	0.581555652321844
0.41769188912114474	0.5823081108788549
0.41841409829801346	0.5815859017019862
0.4180254368426503	0.5819745631573494
0.4180781662823609	0.5819218337176387
0.4180742059406389	0.5819257940593607
0.41794296699086964	0.58205703300913
0.41753962823485324	0.5824603717651464
0.4173513218426853	0.5826486781573144
0.4177779990717256	0.582222000928274
0.41778355537377465	0.582216444626225
0.418461030202397	0.5815389697976027
0.4183073581713857	0.581692641828614
0.4182444818499542	0.5817555181500454
0.4175150751903321	0.5824849248096675
0.4176468100902756	0.5823531899097241
0.4177923894244703	0.5822076105755294
0.41823337904150765	0.581766620958492
0.4182764617279379	0.5817235382720617
0.4172830993615694	0.5827169006384303
0.41836501162840956	0.5816349883715901
0.41763183141375076	0.582368168586249
0.41783774241827765	0.582162257581722
0.41782362100951953	0.5821763789904801
0.41837282551912314	0.5816271744808765
0.41782533301235153	0.5821746669876482
0.41807678086392097	0.5819232191360787
0.41740711081925674	0.5825928891807429
0.4181449231502372	0.5818550768497625
0.41756988383188914	0.5824301161681105
0.4175938407344063	0.5824061592655934
0.4183260006344044	0.5816739993655953
0.41833694469461846	0.5816630553053812
0.4179464086909732	0.5820535913090265
0.41804450918245295	0.5819554908175467
0.4175471706099568	0.582452829390043
0.4180515651540779	0.5819484348459217
0.41762096299024787	0.5823790370097518
0.41788425345922176	0.5821157465407779
0.4180033276462189	0.5819966723537808
0.41825323316307034	0.5817467668369294
0.4181159996621676	0.581884000337832
0.41824883744481917	0.5817511625551806
0.4181769870356965	0.5818230129643032
0.4174979781804761	0.5825020218195236
0.41739769741025334	0.5826023025897463
0.41803662052068286	0.5819633794793169
0.41828870224149944	0.5817112977585002
0.4178031878482806	0.5821968121517191
0.4177696131650789	0.5822303868349208
0.4177062208971025	0.5822937791028971
0.4177245339647394	0.5822754660352603
0.4182782233070424	0.5817217766929573
0.41816842862854453	0.5818315713714551
0.4182674200212503	0.5817325799787494
0.4178575764336867	0.582142423566313
0.4181338897074188	0.5818661102925808
0.4182576099468876	0.581742390053112
0.41807484149168866	0.5819251585083111
0.4177032122568281	0.5822967877431715
0.4174074578729736	0.582592542127026
0.41782970291951715	0.5821702970804825
0.418361912246843	0.5816380877531567
0.4177266975442723	0.5822733024557274
0.4178376480972271	0.5821623519027725
0.4180054382414461	0.5819945617585536
0.4179647072434157	0.5820352927565839
0.41735945643595806	0.5826405435640416
0.41741251786946887	0.5825874821305308
0.4184623046878545	0.5815376953121452
0.41807215941201253	0.5819278405879871
0.4183150637003076	0.5816849362996921
0.4175319825646439	0.5824680174353558
0.41800138734101483	0.5819986126589849
0.41778012183921776	0.5822198781607819
0.4176625079395883	0.5823374920604113
0.41792456076468076	0.5820754392353189
0.4183632481981932	0.5816367518018065
0.4183086208441865	0.5816913791558131
0.417859578857406	0.5821404211425937
0.4180067843726873	0.5819932156273124
0.41813185770279004	0.5818681422972096
0.418224111734052	0.5817758882659477
0.41761432590134934	0.5823856740986503
0.4180024150581152	0.5819975849418845
0.4174545660981332	0.5825454339018664
0.41751661851091615	0.5824833814890835
0.417803437671159	0.5821965623288406
0.4180526830683899	0.5819473169316098
0.4179894098436321	0.5820105901563676
0.41776594873583534	0.5822340512641643
0.4181426054085616	0.581857394591438
0.41762307923611985	0.5823769207638798
0.418120274668566	0.5818797253314337
0.41772102148450446	0.5822789785154951
0.4178538328957967	0.582146167104203
0.4181240242615668	0.5818759757384329
0.41770324239335854	0.5822967576066411
0.41784014500409017	0.5821598549959095
0.417485973842533	0.5825140261574667
0.4181284430194464	0.5818715569805533
0.417809827553064	0.5821901724469356
0.4173593120573637	0.5826406879426359
0.4181872394655019	0.5818127605344978
0.41728406009976576	0.582715939900234
0.4184600195613471	0.5815399804386525
0.4174471116209588	0.5825528883790408
0.41730221343539264	0.582697786564607
0.4177902152502956	0.5822097847497041
0.4176502807620791	0.5823497192379206
0.4183462239928836	0.581653776007116
0.41750366676078193	0.5824963332392178
0.4178432154803979	0.5821567845196018
0.41741572600939647	0.5825842739906032
0.41777125397627146	0.5822287460237282
0.4181783311949423	0.5818216688050574
0.41797036779873936	0.5820296322012604
0.4179749493771178	0.5820250506228818
0.41819268375263624	0.5818073162473634
0.4176529579683375	0.5823470420316621
0.41745062976895025	0.5825493702310494
0.4172670326666153	0.5827329673333844
0.418315355746992	0.5816846442530077
0.41783771638759837	0.5821622836124013
0.4180648639882161	0.5819351360117836
0.4178779889020932	0.5821220110979065
0.4183480499989021	0.5816519500010975
0.417299557136096	0.5827004428639037
0.41804510433894454	0.5819548956610552
0.4173961181653136	0.5826038818346861
0.41787371160242465	0.582126288397575
0.41843056451439486	0.5815694354856048
0.41744248052524097	0.5825575194747588
0.4178812857595883	0.5821187142404114
0.41844333181724713	0.5815566681827525
0.41845644169927326	0.5815435583007265
0.4173989045382578	0.5826010954617419
0.4183409635660306	0.5816590364339691
0.41835745811899294	0.5816425418810067
0.41727067428537085	0.5827293257146289
0.4183915928725668	0.5816084071274329
0.41772450985350634	0.5822754901464933
0.41828734660770167	0.581712653392298
0.4181670183036812	0.5818329816963185
0.4178661056841306	0.5821338943158691
0.4174068760911158	0.5825931239088838
0.41772023111607376	0.5822797688839259
0.4173380178793276	0.5826619821206721
0.41807406748959464	0.581925932510405
0.41826712218263884	0.5817328778173608
0.41812478726648244	0.5818752127335172
0.4173432966298153	0.5826567033701844
0.41779434831723405	0.5822056516827656
0.4174849574628301	0.5825150425371696
0.4180762270694051	0.5819237729305945
0.41755686534146463	0.582443134658535
0.4174434040778715	0.5825565959221282
0.41759246814584805	0.5824075318541516
0.41751267265406333	0.5824873273459363
0.41801820303657605	0.5819817969634236
0.4179314833194614	0.5820685166805383
0.41778804781484297	0.5822119521851568
0.4174944095927519	0.5825055904072478
0.4173729846474783	0.5826270153525214
0.41778621855599923	0.5822137814440005
0.4178649802006894	0.5821350197993103
0.41802586395308716	0.5819741360469125
0.41834080834464543	0.5816591916553543
0.4180359887993239	0.5819640112006758
0.4183266643468117	0.5816733356531879
0.41788259216268697	0.5821174078373127
0.4176803842389297	0.5823196157610699
0.4177856260512587	0.582214373948741
0.41765511898187224	0.5823448810181274
0.41778715354860474	0.5822128464513949
0.4178689833223622	0.5821310166776374
0.4177611860019578	0.5822388139980419
0.41795067089031	0.5820493291096897
0.4183873163880343	0.5816126836119654
0.4174625278348327	0.582537472165167
0.41727212937150265	0.5827278706284971
0.41826146436804656	0.5817385356319531
0.41732261656899877	0.5826773834310008
0.4181523125773372	0.5818476874226625
0.41740516170414205	0.5825948382958577
0.4179650401541357	0.582034959845864
0.41755059011363427	0.5824494098863654
0.41794735203172384	0.5820526479682758
0.4180986186968719	0.5819013813031277
0.41736001106035786	0.5826399889396419
0.41845808844111276	0.5815419115588869
0.41739114714412084	0.5826088528558788
0.4175890937982746	0.5824109062017251
0.4184746517018956	0.5815253482981041
0.41768976779393074	0.5823102322060689
0.41778602384358976	0.5822139761564099
0.4184737993048044	0.5815262006951953
0.41829049049374967	0.58170950950625
0.4172822620032802	0.5827177379967194
0.41739562613068804	0.5826043738693116
0.41807294318075106	0.5819270568192486
0.4180053832631983	0.5819946167368013
0.4174701820504208	0.5825298179495789
0.4178535314620748	0.5821464685379248
0.4182516717000847	0.581748328299915
0.4177818120435091	0.5822181879564905
0.4177823307249527	0.582217669275047
0.4181990527967773	0.5818009472032223
0.41746012024924073	0.5825398797507589
0.4180643670030986	0.5819356329969011
0.41816722925714855	0.5818327707428511
0.4179671069695713	0.5820328930304284
0.4181616161501319	0.5818383838498677
0.41837507819909525	0.5816249218009044
0.41765115877411385	0.5823488412258858
0.41752128363277496	0.5824787163672247
0.4174619896146381	0.5825380103853616
0.41844980591249636	0.5815501940875033
0.4176677551796264	0.5823322448203733
0.4175280761147876	0.5824719238852121
0.41730282104377936	0.5826971789562203
0.4182826994116127	0.5817173005883869
0.41763411370095055	0.5823658862990491
0.41746736791357797	0.5825326320864217
0.4174174383217129	0.5825825616782868
0.41809505017399917	0.5819049498260005
0.4175871425549871	0.5824128574450126
0.4173914227904164	0.5826085772095833
0.4183766048236204	0.5816233951763793
0.41796177219784353	0.5820382278021562
0.41729081128734924	0.5827091887126504
0.4181749540661912	0.5818250459338085
0.41764843858329764	0.5823515614167021
0.4179498482697243	0.5820501517302754
0.41745762898920785	0.5825423710107918
0.41824236226967393	0.5817576377303257
0.41801776599024065	0.581982234009759
0.41780395173387663	0.582196048266123
0.4180544722670902	0.5819455277329095
0.41734467343384096	0.5826553265661587
0.4176544957813709	0.5823455042186287
0.4181377616156161	0.5818622383843836
0.4182119607817086	0.581788039218291
0.41731517537826524	0.5826848246217344
0.41810612746114273	0.5818938725388569
0.4182569159253192	0.5817430840746804
0.4177319361413888	0.5822680638586109
0.4179655722485749	0.5820344277514248
0.41760260486924106	0.5823973951307586
0.418416156774408	0.5815838432255916
0.41831352328983884	0.5816864767101608
0.41776143000547344	0.5822385699945262
0.41767628485396	0.5823237151460396
0.41753812370420623	0.5824618762957934
0.4178387728853663	0.5821612271146334
0.41737298797244243	0.5826270120275573
0.41769663877108343	0.5823033612289162
0.4184248497302219	0.5815751502697777
0.4172731163008202	0.5827268836991795
0.41741586526422647	0.5825841347357732
0.4177809208761474	0.5822190791238523
0.41809885128429286	0.5819011487157069
0.41769377727445894	0.5823062227255408
0.4184410720786207	0.581558927921379
0.4175461358815458	0.5824538641184538
0.41746714358838044	0.5825328564116192
0.41844292264567223	0.5815570773543274
0.41772736681306466	0.582272633186935
0.417647930888855	0.5823520691111447
0.41798712915624514	0.5820128708437545
0.4174430993724302	0.5825569006275695
0.4179497153877514	0.5820502846122483
0.4172756238478945	0.5827243761521052
0.4181255796298269	0.5818744203701728
0.41781887326967243	0.5821811267303272
0.417955719619193	0.5820442803808067
0.41823941091254513	0.5817605890874545
0.41807633805509126	0.5819236619449084
0.4178287028783927	0.582171297121607
0.41783053450769586	0.5821694654923038
0.4180001356109856	0.5819998643890141
0.4181931516508369	0.5818068483491627
0.4183601417024345	0.5816398582975651
0.4184353054467391	0.5815646945532605
0.4184164019375419	0.5815835980624577
0.4174377859623483	0.5825622140376514
0.41805707967108	0.5819429203289197
0.4181348399357302	0.5818651600642695
0.41832877975787375	0.5816712202421259
0.4183662457229874	0.5816337542770122
0.4176323851350426	0.582367614864957
0.4178225888852613	0.5821774111147384
0.4175926526896988	0.5824073473103009
0.4176357322048596	0.5823642677951401
0.4181680579328444	0.5818319420671553
0.4184380229424061	0.5815619770575935
0.41775293024559335	0.5822470697544063
0.41747571324588284	0.5825242867541168
0.41792240376599366	0.582077596234006
0.41749102619409145	0.5825089738059083
0.4178630590210706	0.5821369409789291
0.4184453736824596	0.5815546263175401
0.4178261613446026	0.5821738386553971
0.4180224403202705	0.5819775596797292
0.41814176013186327	0.5818582398681365
0.41751131798634833	0.5824886820136513
0.4174770759313622	0.5825229240686375
0.41785257494585354	0.5821474250541462
0.41783569825826794	0.5821643017417317
0.4182945099119857	0.581705490088014
0.41754244857567197	0.5824575514243276
0.4174960611010039	0.5825039388989958
0.4183029701150176	0.5816970298849821
0.4172801133796502	0.5827198866203495
0.41841368200158624	0.5815863179984134
0.4183199098401248	0.5816800901598749
0.41835984054012554	0.5816401594598741
0.41764921704265445	0.5823507829573452
0.4177303169528171	0.5822696830471826
0.4180765883054734	0.5819234116945262
0.41737147132476005	0.5826285286752396
0.4179594297170323	0.5820405702829674
0.41797976480885324	0.5820202351911464
0.41765597068008214	0.5823440293199176
0.4183370210366677	0.581662978963332
0.4181205586660429	0.5818794413339567
0.4175275263939796	0.5824724736060201
0.4175383409288855	0.5824616590711142
0.41794226349355096	0.5820577365064487
0.417298776464413	0.5827012235355866
0.4182852201398332	0.5817147798601665
0.4174276156079958	0.5825723843920039
0.4174173024643104	0.5825826975356893
0.41834855949487093	0.5816514405051287
0.417510327853957	0.5824896721460426
0.41771316547037624	0.5822868345296235
0.4177799334855897	0.5822200665144099
0.4177824708901411	0.5822175291098586
0.4174376742862246	0.5825623257137751
0.41806183731978214	0.5819381626802176
0.41825937970919225	0.5817406202908074
0.4181522737977161	0.5818477262022835
0.41763925342792674	0.5823607465720729
0.4176042220112995	0.5823957779887001
0.4177074196665911	0.5822925803334086
0.41816800065185095	0.5818319993481488
0.41787899599861555	0.5821210040013841
0.41789803708594503	0.5821019629140547
0.41800303961763563	0.581996960382364
0.4180484838861453	0.5819515161138544
0.41731550920150606	0.5826844907984936
0.41831746245167933	0.5816825375483203
0.4181938120231523	0.5818061879768474
0.4173578744351646	0.5826421255648351
0.41744152068269325	0.5825584793173064
0.4175954216694173	0.5824045783305823
0.41772182838378935	0.5822781716162103
0.4174451436263049	0.5825548563736948
0.41747740655986637	0.5825225934401334
0.41793667711332433	0.5820633228866754
0.4184084286587465	0.5815915713412532
0.4175372804439879	0.5824627195560117
0.41754081163250467	0.582459188367495
0.41816648842886267	0.5818335115711369
0.417559205768016	0.5824407942319837
0.4184073440778624	0.5815926559221373
0.41782296858112145	0.5821770314188782
0.4177228178589085	0.5822771821410911
0.4174320637361478	0.5825679362638518
0.41763480609649406	0.5823651939035056
0.4181384559031237	0.581861544096876
0.417404442711363	0.5825955572886367
0.4177509791873385	0.5822490208126612
0.4175424574027833	0.5824575425972164
0.41745908155858047	0.5825409184414192
0.41784005839184496	0.5821599416081547
0.41731727279513753	0.5826827272048621
0.41751476431937956	0.5824852356806202
0.4176962795509752	0.5823037204490245
0.4175173914558281	0.5824826085441716
0.4176575167835348	0.5823424832164649
0.4180008687256877	0.581999131274312
0.418416550798567	0.5815834492014327
0.41765590597722646	0.5823440940227732
0.41822517948518834	0.5817748205148113
0.41795114850932213	0.5820488514906775
0.41754163699827657	0.582458363001723
0.4184272476889587	0.5815727523110409
0.41738476415133097	0.5826152358486687
0.41788503918256636	0.5821149608174333
0.41777011032062883	0.5822298896793708
0.4175873241253061	0.5824126758746936
0.41828309359799165	0.581716906402008
0.4174192278964204	0.5825807721035793
0.41733041512557134	0.5826695848744283
0.41750827778604777	0.5824917222139518
0.4179113816442006	0.5820886183557991
0.41727949000685677	0.5827205099931428
0.41769163569194556	0.5823083643080541
0.41807224795932935	0.5819277520406704
0.4173271872662161	0.5826728127337836
0.4180819989512666	0.581918001048733
0.41780119553121775	0.5821988044687819
0.4176438234748685	0.5823561765251312
0.4181710865942226	0.5818289134057771
0.4179686758022309	0.5820313241977688
0.41763785250809266	0.582362147491907
0.4182911106016258	0.5817088893983738
0.4181569319038035	0.5818430680961962
0.41760407110687214	0.5823959288931275
0.4183060571149675	0.5816939428850322
0.4176759346331888	0.5823240653668109
0.4182598940918917	0.581740105908108
0.4180488862174084	0.5819511137825913
0.41767765363563825	0.5823223463643614
0.4173233772278389	0.5826766227721607
0.41731770481032177	0.582682295189678
0.4182543594561474	0.5817456405438522
0.41734833519329395	0.5826516648067057
0.41747380043199295	0.5825261995680067
0.4178934678355517	0.582106532164448
0.41830703864267227	0.5816929613573274
0.41782446491690206	0.5821755350830976
0.41758650674392034	0.5824134932560793
0.41727744446714576	0.5827225555328539
0.4172685930620825	0.5827314069379171
0.4176603797209828	0.5823396202790169
0.41748329528035566	0.582516704719644
0.417696986762271	0.5823030132377287
0.4174003032714352	0.5825996967285645
0.4174529585634018	0.5825470414365979
0.4174747715618923	0.5825252284381074
0.41777565065757705	0.5822243493424226
0.41793002159708037	0.5820699784029193
0.41734549684986977	0.5826545031501299
0.417540913181135	0.5824590868188646
0.41796840666431867	0.582031593335681
0.4176536260907075	0.5823463739092922
0.4178597968228112	0.5821402031771885
0.41796534624409126	0.5820346537559085
0.4176590557408219	0.5823409442591778
0.41836920174698033	0.5816307982530193
0.417847293720979	0.5821527062790207
0.41757936098666976	0.5824206390133299
0.41781381564319175	0.5821861843568079
0.4182270609306054	0.5817729390693942
0.41831054171019444	0.5816894582898052
0.4172651871180515	0.5827348128819482
0.41728815085977977	0.5827118491402199
0.4183037229368182	0.5816962770631814
0.41806168114964554	0.5819383188503542
0.4180467773764539	0.5819532226235458
0.4182204249069194	0.5817795750930803
0.41797921059112403	0.5820207894088757
0.41735874986703975	0.58264125013296
0.41772747656746634	0.5822725234325333
0.41807816214153487	0.5819218378584647
0.41739319778184114	0.5826068022181585
0.41788922200074924	0.5821107779992505
0.4174133938413181	0.5825866061586815
0.41739196805859397	0.5826080319414056
0.41795101722979944	0.5820489827702002
0.4183286028639088	0.5816713971360908
0.418069623689839	0.5819303763101606
0.4176572587010498	0.5823427412989499
0.41831076630517583	0.5816892336948238
0.41835634180703707	0.5816436581929626
0.41785494120046585	0.5821450587995338
0.41814884414682574	0.5818511558531739
0.4177677447309851	0.5822322552690146
0.41728598444572707	0.5827140155542726
0.4179465712793234	0.5820534287206762
0.4178279626253854	0.5821720373746142
0.4177397962186736	0.5822602037813261
0.41804840361439416	0.5819515963856056
0.4176419022298187	0.582358097770181
0.41758755035222594	0.5824124496477737
0.41779231943199296	0.5822076805680068
0.41788722869080946	0.5821127713091903
0.4174014646611091	0.5825985353388905
0.4174374372614124	0.5825625627385872
0.4175759414854252	0.5824240585145745
0.41773756584311	0.5822624341568896
0.4175397621865989	0.5824602378134008
0.4183733178261473	0.5816266821738524
0.4179781643469512	0.5820218356530484
0.4174496218348906	0.582550378165109
0.4182260833634455	0.5817739166365541
0.41737958966284106	0.5826204103371586
0.4179019047722371	0.5820980952277626
0.41823565197513574	0.581764348024864
0.41816658165571186	0.5818334183442878
0.41845243320304726	0.5815475667969524
0.4179668604422803	0.5820331395577194
0.41798071096773787	0.5820192890322617
0.41776994535769246	0.5822300546423071
0.41742141682191974	0.58257858317808
0.41808561708094005	0.5819143829190596
0.4172903969568366	0.5827096030431631
0.41840963223676814	0.5815903677632315
0.4178831249837542	0.5821168750162455
0.4173284508848322	0.5826715491151674
0.4181313016542645	0.5818686983457352
0.4174949794451766	0.5825050205548231
0.417469199093216	0.5825308009067837
0.4184037081837686	0.5815962918162311
0.4183804691796219	0.5816195308203778
0.41788949166760464	0.582110508332395
0.4178862797709662	0.5821137202290334
0.41769024244638464	0.582309757553615
0.4172766651454962	0.5827233348545034
0.4181697308179092	0.5818302691820905
0.41784755847386956	0.5821524415261301
0.4180485635224818	0.5819514364775178
0.4182014068763158	0.5817985931236839
0.41835287000387994	0.5816471299961197
0.41821958334735704	0.5817804166526427
0.4178205625378907	0.582179437462109
0.4179430600700759	0.5820569399299238
0.4182462648915136	0.581753735108486
0.4172657960373618	0.5827342039626379
0.4177851433907764	0.5822148566092233
0.41809958190554575	0.5819004180944539
0.41731568255116436	0.5826843174488353
0.4176862534782688	0.5823137465217308
0.41839905845573583	0.5816009415442638
0.41786640640594375	0.5821335935940559
0.4173199208808504	0.5826800791191493
0.418366795201084	0.5816332047989157
0.4174058355225016	0.5825941644774981
0.41826734700442647	0.5817326529955732
0.41755038479181705	0.5824496152081826
0.4179410063038933	0.5820589936961064
0.41764011732787265	0.582359882672127
0.41817147013244843	0.5818285298675512
0.4174464696015572	0.5825535303984425
0.41805847404393415	0.5819415259560655
0.4179445140284123	0.5820554859715874
0.4183832888437218	0.5816167111562779
0.4176847122499884	0.5823152877500113
0.41742375203771165	0.582576247962288
0.4177067978282804	0.5822932021717193
0.4183358343759609	0.5816641656240388
0.4175977262750618	0.5824022737249379
0.4181406985342323	0.5818593014657674
0.41840565992727397	0.5815943400727257
0.4180243207329116	0.581975679267088
0.4180465584097442	0.5819534415902555
0.4181377217029255	0.5818622782970742
0.41766349886660953	0.5823365011333902
0.4176443842281643	0.5823556157718354
0.41781460756270716	0.5821853924372925
0.41840768320665345	0.5815923167933462
0.41752351356403655	0.5824764864359632
0.41816843367126155	0.5818315663287381
0.4182489236993657	0.5817510763006339
0.418407265976306	0.5815927340236937
0.4172755928690401	0.5827244071309596
0.41743510961500657	0.582564890384993
0.41843283207728554	0.5815671679227141
0.41836899730596333	0.5816310026940363
0.41802761470895666	0.581972385291043
0.4183192615161604	0.5816807384838393
0.4184625740673293	0.5815374259326703
0.4174124378907962	0.5825875621092035
0.4173432849192613	0.5826567150807384
0.41836905787172735	0.5816309421282723
0.41772914785790455	0.5822708521420952
0.4181155641482013	0.5818844358517984
0.41742603662304345	0.5825739633769562
0.4182316472241419	0.5817683527758577
0.41842546051823015	0.5815745394817695
0.4174883244818589	0.5825116755181408
0.41727209743368565	0.582727902566314
0.4172648516787543	0.5827351483212453
0.41744835190831164	0.582551648091688
0.41762205785966744	0.5823779421403322
