0.18348705023579084	0.5758032754018378	0.24070967436237148
0.19178808145059367	0.5598970283108509	0.24831489023855557
0.19655177976149443	0.5669317843105701	0.2365164359279356
0.190187946702103	0.5847008648044976	0.22511118849339956
0.19700305677675628	0.5556409062462867	0.24735603697695716
0.19272656604737853	0.5674678663549697	0.23980556759765187
0.19960784638454426	0.5574636010675148	0.2429285525479411
0.1842626939907823	0.5672851546852327	0.24845215132398513
0.1952119211450227	0.5669789139331068	0.2378091649218706
0.19959800180390735	0.5626783609163113	0.23772363727978152
0.199173711038331	0.5785218257800787	0.22230446318159042
0.1845958626417422	0.5705922912091165	0.24481184614914145
0.19279474110925787	0.5630811957494883	0.24412406314125396
0.19283912814110182	0.5521406867041047	0.2550201851547937
0.19442161370416616	0.5782254572293533	0.2273529290664807
0.18765138374125487	0.5691502086489322	0.24319840760981315
0.19636096417131044	0.5820306768232097	0.22160835900547993
0.19497325254501569	0.5682885322013467	0.23673821525363783
0.18779241405383346	0.5674080601791576	0.24479952576700909
0.1950730726605179	0.584264956240315	0.2206619710991672
0.1910057693150265	0.5694779083590054	0.23951632232596826
0.19779588750236962	0.579755076094131	0.2224490364034994
0.19748186316654634	0.5722423045920967	0.23027583224135706
0.18995445484879925	0.580384277706048	0.22966126744515292
0.19799186526117007	0.5551798123227689	0.24682832241606115
0.1855737296116806	0.5872697527716517	0.22715651761666777
0.1970416691568358	0.5507230653470594	0.252235265496105
0.19718379117305257	0.5651690625089689	0.23764714631797867
0.18417369697297786	0.5883532200702517	0.2274730829567705
0.1839474877816405	0.5879845660944772	0.22806794612388231
0.18579343509139912	0.5825262138972993	0.23168035101130163
0.19168726864853647	0.5643585501905721	0.24395418116089151
0.1911867093399906	0.5842518482086856	0.22456144245132392
0.18477326901638008	0.5802904820181821	0.2349362489654379
0.18855372885416116	0.5801774039438037	0.2312688672020352
0.19116676869325522	0.5821782121841359	0.226655019122609
0.18826242226004442	0.5615602321468032	0.2501773455931525
0.1995886242658492	0.5559582527728965	0.24445312296125443
0.18803125964265077	0.5704953460598001	0.24147339429754924
0.19501000273921199	0.5637136936465742	0.24127630361421395
0.19910937646844265	0.5524719346464807	0.24841868888507676
0.1906746404227703	0.571512413791126	0.23781294578610376
0.19129236298981903	0.5608738436029291	0.24783379340725195
0.1945936484469955	0.5739874269699096	0.23141892458309504
0.19738026478671428	0.5798182410938123	0.22280149411947353
0.19859758519059165	0.5684029476104601	0.23299946719894835
0.18691712515026437	0.5818837416729712	0.23119913317676452
0.18625886017191215	0.5811888441850938	0.2325522956429942
0.18318598580988146	0.5631632363857022	0.2536507778044164
0.19877753721352284	0.5697591176977794	0.23146334508869781
0.18923425708269984	0.5664665051995476	0.24429923771775272
0.19228211753844637	0.5676496379203652	0.24006824454118866
0.196457668055604	0.5693298134166899	0.23421251852770625
0.19675501654987418	0.5719525718846377	0.23129241156548833
0.18618032386352662	0.5791369423464008	0.23468273379007268
0.1962106125595044	0.5753388085329378	0.2284505789075579
0.18489981709635486	0.5887261176687891	0.22637406523485615
0.19061657966128967	0.5724790984966225	0.23690432184208798
0.18314434025712384	0.5831064682059999	0.23374919153687643
0.1863661265095195	0.579485550538247	0.23414832295223353
0.18687611245465258	0.5738310831581499	0.23929280438719772
0.19836756735679262	0.5747392625897435	0.226893170053464
0.18591242427211652	0.5738428222051821	0.24024475352270153
0.19484604127020547	0.5602934298222725	0.24486052890752213
0.1934503098237681	0.5711081669810574	0.2354415231951747
0.19373898751033508	0.5797745230249443	0.22648648946472077
0.18859203574771885	0.5640547314342453	0.24735323281803595
0.18393139207120685	0.558379459531113	0.25768914839768026
0.18576224216695847	0.5865051708517919	0.22773258698124973
0.19050802118770666	0.5621550766450354	0.24733690216725812
0.1861883922901713	0.5552740829906144	0.2585375247192144
0.19646790352653545	0.5646150537030536	0.23891704277041098
0.19297555014374757	0.5702614470990965	0.23676300275715606
0.19321318244671978	0.5814045625721327	0.22538225498114764
0.19123729080196547	0.5792902232236097	0.229472485974425
0.18540000069125473	0.5745799294682348	0.24002006984051058
0.18607754627903678	0.5812532480117653	0.23266920570919808
0.19386336508847107	0.5574248190223047	0.24871181588922436
0.1909032574432643	0.5533512743122841	0.2557454682444516
0.19232172707045966	0.58431054885075	0.22336772407879052
0.19736746363058838	0.5807018667565431	0.22193066961286864
0.1920780897923822	0.5742514518343987	0.23367045837321918
0.20013574698245729	0.5730387043791023	0.22682554863844046
0.19881742419650764	0.5685317929627367	0.23265078284075577
0.19425296098574313	0.5779390088409574	0.2278080301732996
0.1916655316798355	0.5619364620764813	0.2463980062436833
0.188925257157248	0.5758292580472826	0.23524548479546956
0.19711558370803617	0.563073278957145	0.23981113733481893
0.18582940661129993	0.5677574066615795	0.2464131867271207
0.1895619947147167	0.5634430478347213	0.2469949574505621
0.1903846656921974	0.5832658777509006	0.22634945655690222
0.18276979240914853	0.5609533319817491	0.25627687560910245
0.19529794396033381	0.5646240128488409	0.24007804319082537
0.19924902551773216	0.5603755091361642	0.2403754653461037
0.1878499918384117	0.5848451852138663	0.22730482294772214
0.19224184475335887	0.5780687408418947	0.2296894144047465
0.18849680373910405	0.5702962627519008	0.24120693350899525
0.18970128019918964	0.5597740159246325	0.250524703876178
0.18922664175445944	0.5533129964881803	0.2574603617573603
0.18489514356894468	0.5833001402717879	0.23180471615926748
0.1904689291557803	0.5563072286742781	0.25322384216994176
0.19487209738236375	0.5717127559201631	0.23341514669747326
0.19420841211770712	0.571435570833604	0.23435601704868902
0.18656492396723284	0.5720800490705897	0.24135502696217753
0.19045206842404938	0.5799395722250654	0.22960835935088528
0.18979768964226026	0.567864227331677	0.24233808302606294
0.1868450773057788	0.583307519109522	0.22984740358469918
0.18915695740695426	0.5717558503322866	0.2390871922607593
0.18705606979355427	0.5856940437760101	0.22724988643043575
0.1900907865971816	0.562402317500348	0.24750689590247055
0.19681400797670667	0.5782894260025362	0.2248965660207573
0.19470597659328612	0.551534533378234	0.2537594900284801
0.19434592153739802	0.5804081350243525	0.22524594343824964
0.18510658962148163	0.5726036381243135	0.242289772254205
0.18719496223363144	0.5534505385389197	0.259354499227449
0.18977758762778413	0.5757896656464526	0.23443274672576342
0.1947013468851117	0.575253894696925	0.23004475841796343
0.19005300214513965	0.5746203634111355	0.23532663444372498
0.18597104640776616	0.5556113988211727	0.25841755477106126
0.19806484136266841	0.5725365520979427	0.22939860653938893
0.19447247535074924	0.5609461832562169	0.24458134139303397
0.19570732697469337	0.5507560632792505	0.2535366097460562
0.19321565235106258	0.5808106141319126	0.22597373351702493
0.19769269970806555	0.5671113020256567	0.23519599826627788
0.1872085602356447	0.5613331337441304	0.251458306020225
0.1933553992959977	0.5617940624694738	0.24485053823452857
0.1852293002790762	0.5731106378180412	0.24166006190288278
0.18544555022265857	0.5675657667354759	0.24698868304186572
0.19859591723851777	0.5592730528093003	0.24213102995218203
0.18520366617860956	0.5840171150938086	0.23077921872758195
0.1979043123684096	0.5744737795987952	0.22762190803279528
0.18966459636697594	0.5637551348842573	0.2465802687487669
0.1912184147330909	0.58122506814109	0.2275565171258193
0.18867953125610343	0.5637326220635991	0.24758784668029757
0.18796628976489388	0.5770240677086188	0.23500964252648746
0.1959199350473702	0.5634886763912771	0.24059138856135281
0.19537927779100223	0.5737104482896058	0.23091027391939212
0.18797295460384614	0.555046909894411	0.25698013550174303
0.18843392253838634	0.5708565732495283	0.2407095042120854
0.1914810525843545	0.5688606825280182	0.23965826488762745
0.1996861916801782	0.5514328149305469	0.24888099338927502
0.19120210132883245	0.5837302363477095	0.22506766232345826
0.18531859072826828	0.5695792643595176	0.24510214491221427
0.18297264162937718	0.5870236090484585	0.23000374932216439
0.19376027768356105	0.5710078318608062	0.23523189045563292
0.1881944565992804	0.5693239777371244	0.24248156566359524
0.19287480851720729	0.5788503629764565	0.22827482850633635
0.192523022197604	0.5638388868999511	0.24363809090244504
0.19809377079335638	0.5602799179820919	0.24162631122455186
0.19583797106375306	0.5781047867947978	0.22605724214144926
0.18448154053411644	0.5726525737473476	0.24286588571853618
0.19312008118297558	0.5647195080097094	0.2421604108073152
0.19049260816777497	0.5871842311877996	0.22232316064442553
0.19546628462187993	0.5551101468330912	0.24942356854502892
0.19772607536892595	0.5807892763032494	0.22148464832782483
0.1877447052013993	0.5605071459748826	0.2517481488237182
0.19796499605720363	0.5523684328173867	0.2496665711254098
0.18441562387356625	0.5793154820337829	0.23626889409265087
0.19591783811370939	0.5625611456384758	0.24152101624781486
0.18429878579589432	0.5664087940665785	0.24929242013752734
0.1854693103128638	0.5757237391438392	0.23880695054329704
0.18622847290010103	0.5671069547334853	0.24666457236641376
0.1865990475455682	0.5662092337472255	0.24719171870720633
0.19576864523806956	0.5780613864533252	0.22616996830860536
0.19892479165016688	0.5645844375845834	0.23649077076524977
0.1911903264126955	0.5508359515747255	0.257973722012579
0.19977058168937256	0.5632377162520563	0.23699170205857126
0.19378678214946507	0.5566015980612474	0.24961161978928761
0.19870345006837425	0.5653914314824174	0.2359051184492084
0.19651036765835786	0.5535627851306348	0.24992684721100744
0.18749325965191466	0.5524968058141954	0.2600099345338901
0.18960291602313453	0.5679127214606656	0.24248436251620004
0.188137245826395	0.5873439315863251	0.22451882258728004
0.19030165327560228	0.5572789869346318	0.252419359789766
0.19611155472972208	0.5708041831888433	0.2330842620814348
0.1971900742960346	0.5555054415636071	0.24730448414035833
0.1951617764929551	0.5785278756138124	0.22631034789323262
0.1898785612594408	0.5768086384693705	0.23331280027118884
0.18367162289982739	0.5823208000432458	0.23400757705692696
0.19405486599323435	0.5721795057947778	0.23376562821198787
0.1998176859551134	0.5791474320105743	0.22103488203431246
0.18965412654927033	0.5758730351589234	0.2344728382918064
0.1976643369507524	0.5723921034281536	0.22994355962109414
0.18449751427836886	0.565372446674512	0.2501300390471192
0.18325449591232357	0.5759294713700946	0.24081603271758195
0.19987242703711988	0.577100026468899	0.22302754649398127
0.18507182025020755	0.5864308531664942	0.2284973265832983
0.18991779508359372	0.5818515224789378	0.22823068243746852
0.19162112929773023	0.5721456414291906	0.23623322927307935
0.18600651917936367	0.560151952324509	0.25384152849612746
0.1826920673507641	0.5864109617429465	0.2308969709062895
0.19924877904446403	0.5776489590277485	0.22310226192778768
0.19570700001815794	0.5765312563656255	0.22776174361621668
0.18433756818191024	0.5679636126100844	0.24769881920800543
0.18870154132367079	0.5838679442582736	0.22743051441805578
0.19251218144005058	0.5637131868868538	0.24377463167309574
0.19164813569542336	0.5807556283189206	0.22759623598565615
0.18744361335968518	0.5625200481369766	0.2500363385033383
0.18656493475795713	0.5590634417206091	0.25437162352143394
0.18741702510557537	0.5728134242231793	0.23976955067124545
0.19986608990901122	0.5536453905108119	0.24648851958017712
0.19761703032432473	0.5601553349758276	0.2422276346998478
0.18472981599353971	0.5611421238809888	0.2541280601254716
0.19661772634418015	0.5828591868011866	0.22052308685463334
0.18881255197211158	0.577800741485479	0.2333867065424095
0.1969425451995061	0.5664680909669924	0.2365893638335016
0.1912686261853456	0.577367305612702	0.23136406820195254
0.19437070955898997	0.5742706025050986	0.2313586879359115
0.1944676235375554	0.5831213422458377	0.22241103421660707
0.18472588905794607	0.5888500159106314	0.22642409503142275
0.1832056402203674	0.5722887008346573	0.24450565894497545
0.1925034041181532	0.5703068806397678	0.23718971524207919
0.19136122936903932	0.5761900889400703	0.2324486816908905
0.19468205595472857	0.5621716287515911	0.24314631529368044
0.18777507444718117	0.5878369008483171	0.22438802470450192
0.19069250657663808	0.5623350496987041	0.24697244372465796
0.19839449640310125	0.5584879007448021	0.24311760285209671
0.19401316389192735	0.5557362568061316	0.25025057930194117
0.1961984464969549	0.5552790476021178	0.24852250590092748
0.19712913897747122	0.5568414552759715	0.24602940574655735
0.19457584133425274	0.5544283562518862	0.2509958024138611
0.19033453036214118	0.5708557246150199	0.23880974502283908
0.18973031508793295	0.5516028994443698	0.25866678546769734
0.19321604459420477	0.5615244215161477	0.24525953388964766
0.19740315431192343	0.568954898853425	0.2336419468346517
0.19304774411530154	0.5535169014777668	0.25343535440693177
0.1862141008268964	0.561921141218413	0.25186475795469077
0.18699783793936625	0.55936782456406	0.25363433749657394
0.1875611877043746	0.5849426410327959	0.2274961712628296
0.19187478006905184	0.5611222145823955	0.24700300534855274
0.19870734919228816	0.5803848028099906	0.22090784799772134
0.19142413152857884	0.5797878978687513	0.22878797060266998
0.1994987286194517	0.5709385899752331	0.22956268140531533
0.1845880728086059	0.5806874235554877	0.23472450363590644
0.1960062913629369	0.5815023293089037	0.22249137932815952
0.18519400136994255	0.5651017891823595	0.24970420944769806
0.19731942453820323	0.5772549686472545	0.2254256068145424
0.19695099034010577	0.5616297564647691	0.2414192531951253
0.20060708330450575	0.5694638111342598	0.22992910556123464
0.1881057987133572	0.5637901691745579	0.248104032112085
0.19967619254258312	0.5764406787537413	0.2238831287036757
0.19202647267867962	0.5869603958451075	0.22101313147621296
0.1828885338458296	0.5878869000116851	0.22922456614248551
0.1955735333528107	0.5820658746611421	0.2223605919860473
0.19485540241512989	0.5724037700902904	0.23274082749457986
0.192992210040909	0.583105026775595	0.22390276318349617
0.19230770157377644	0.5803553767312186	0.2273369216950051
0.19066376849695443	0.5646309905312994	0.2447052409717463
0.19435179159577148	0.5534924322026283	0.25215577620160035
0.18961754740213504	0.5830124668624	0.22736998573546505
0.18317592536876254	0.5823932598909316	0.23443081474030603
0.1923507851836632	0.554175535398006	0.2534736794183309
0.19535432848911152	0.559665695630142	0.24497997588074666
0.19713224038289795	0.5531464978801814	0.24972126173692066
0.19724980270876527	0.575345411576593	0.22740478571464184
0.18326878342761313	0.5811471691023586	0.2355840474700284
0.18965063089258768	0.577230536866127	0.2331188322412854
0.19122339444337647	0.5873758273238225	0.22140077823280108
0.19609825028603764	0.5732683197157897	0.23063342999817266
0.18712978988624485	0.5667765019845655	0.2460937081291897
0.19439574311227684	0.562449684406631	0.2431545724810923
0.1904961756125319	0.5775373188927913	0.23196650549467696
0.1833151988138554	0.5650387025323418	0.25164609865380294
0.1829479400431156	0.585938821849368	0.23111323810751647
0.187689701760211	0.5685601634218788	0.2437501348179104
0.1883307731460291	0.5764587475465506	0.23521047930742048
0.19739480930963696	0.5643457974508599	0.23825939323950335
0.18362516771393939	0.5592349472853109	0.2571398850007499
0.19846534112219066	0.5808580334753471	0.2206766254024623
0.2005875190323158	0.570137037551804	0.22927544341588035
0.2005728645012489	0.5785600347932689	0.22086710070548232
0.1869066865532512	0.5654867716844219	0.2476065417623271
0.18640682617878662	0.5725781989321617	0.24101497488905183
0.20052271152708354	0.5770329581228718	0.2224443303500448
0.18326655772122416	0.5691017645527434	0.24763167772603248
0.19416194815366056	0.5617272158562127	0.2441108359901269
0.18480679436894035	0.5875441221826864	0.22764908344837337
0.19028746733675017	0.5555264195466603	0.25418611311658973
0.18563069495985032	0.5751803604845497	0.23918894455560014
0.19230853172487355	0.5777985406813201	0.22989292759380647
0.19493904683150592	0.5556791197754887	0.24938183339300546
0.19468566842536383	0.5757372570225248	0.2295770745521116
0.18670141513299437	0.5592226416996179	0.2540759431673879
0.19091032986958414	0.5587210435479465	0.25036862658246944
0.1843739568172101	0.5615929839284454	0.2540330592543447
0.19949138762203752	0.5767110540776406	0.22379755830032205
0.19517844401911638	0.5799202198084797	0.22490133617240393
0.19431236523973258	0.5653529454277729	0.24033468933249458
0.18625907635033237	0.5675529807556187	0.2461879428940491
0.18729005626979073	0.5619662548759154	0.250743688854294
0.18323086584494938	0.5671410035187161	0.2496281306363346
0.1952568990499371	0.5823033637458478	0.22243973720421525
0.19527003628056763	0.567207257289555	0.2375227064298774
0.19967506119948897	0.5539728874955478	0.24635205130496335
0.19214202876130543	0.5755721164119292	0.23228585482676553
0.19480194731601452	0.569876318088604	0.2353217345953817
0.1973299679328066	0.5613979011818347	0.24127213088535882
0.1940090396131429	0.5851206147732053	0.22087034561365193
0.1964895406562435	0.5657947833120575	0.23771567603169919
0.19302810464105807	0.5640989707456546	0.2428729246132874
0.1850551674710027	0.5664771110475648	0.24846772148143254
0.18970837836198234	0.5871680084014759	0.22312361323654187
0.18729039085752539	0.5740073018069466	0.23870230733552814
0.19676512741169266	0.5547291253348179	0.2485057472534896
0.18425487510834154	0.5786616102139163	0.2370835146777423
0.19511263185849664	0.5808905344548845	0.22399683368661905
0.19792621998475068	0.5601459316491768	0.24192784836607253
0.18429888620997356	0.5712837350700879	0.2444173787199386
0.19344037121787871	0.5662548872496732	0.24030474153244819
0.18947469157912603	0.5867556979055264	0.22376961051534772
0.1991802117495803	0.5662922443376552	0.23452754391276462
0.1917051320499417	0.5551407249802158	0.25315414296984257
0.18964441417439115	0.5624809392404087	0.24787464658520034
0.18889839915364826	0.5787335045665951	0.2323680962797567
0.19401720674125364	0.5856346459884791	0.22034814727026736
0.19797462147715428	0.555231374660395	0.2467940038624509
0.1947355440324158	0.5723165149809472	0.23294794098663713
0.19147293652544442	0.5878346080446408	0.22069245542991484
0.19163588927420955	0.5509502513234508	0.25741385940233985
0.1896352300612553	0.5821206079052716	0.2282441620334732
0.19292334453348242	0.5836932821895741	0.2233833732769437
0.1959189615032564	0.5675045061732018	0.23657653232354198
0.18808145413852728	0.5624479004889876	0.24947064537248526
0.19498349082380897	0.5705241326126834	0.23449237656350774
0.1935472575143217	0.5861650494146567	0.22028769307102164
0.18852390632277768	0.5571341718621097	0.25434192181511267
0.1998962296223164	0.5517474646375997	0.24835630574008402
0.19078352110116253	0.5755724321776796	0.23364404672115796
0.19448759925827577	0.5545073299668288	0.25100507077489553
0.19706348928198889	0.5666404298163688	0.23629608090164247
0.19619905098252183	0.5806663115641801	0.22313463745329815
0.183524463924808	0.5566938247308917	0.2597817113443005
0.18642871714098408	0.572566494236788	0.24100478862222813
0.18303780903489697	0.5870528188933483	0.22990937207175494
0.19007965699601476	0.5861291248651579	0.22379121813882755
0.1867771268620414	0.5678868282243891	0.24533604491356964
0.19358766081805667	0.5573249382331196	0.24908740094882387
0.19127613590503934	0.5624106539110083	0.2463132101839524
0.18803993441157574	0.5687334214919084	0.2432266440965159
0.19027839633477653	0.5887961058879945	0.22092549777722909
0.18856322974710385	0.5813057234432149	0.23013104680968138
0.18651321156050144	0.5584588671420276	0.25502792129747104
0.200093906867424	0.5600422433527827	0.23986384977979344
0.1943344666866149	0.5815757699622844	0.2240897633511008
0.19775115205097477	0.5644023786640844	0.23784646928494094
0.1928688266473612	0.555667384008313	0.2514637893443259
0.19862712469214827	0.5784513938849601	0.22292148142289175
0.18621435117786175	0.5857977641950531	0.22798788462708527
0.19567905902766655	0.5651057954025506	0.23921514556978302
0.193449341058949	0.5827861474588272	0.22376451148222393
0.18280712468385807	0.5618566457459971	0.2553362295701449
0.19183773278241897	0.5721384600581574	0.23602380715942375
0.1918334164887526	0.5699320134532436	0.2382345700580039
0.19255859552046017	0.5580550309941721	0.2493863734853678
0.19059742896564372	0.5759490482992995	0.23345352273505687
0.19605915410553193	0.5505868669209437	0.2533539789735244
0.18347141626152524	0.5810965481184025	0.23543203562007242
0.19870130447527745	0.5738633094915334	0.22743538603318925
0.1861391673236501	0.5712665063223685	0.24259432635398143
0.1827054190839612	0.5829352374592277	0.23435934345681117
0.19711302686836088	0.5621048523557626	0.24078212077587666
0.19465102638253917	0.5734024540406912	0.2319465195767697
0.1875474400794842	0.5817527959493098	0.23069976397120612
0.19131827694667553	0.5697133987583096	0.23896832429501505
0.19916726099276558	0.5621891016218985	0.238643637385336
0.1934728278448127	0.5628634811782468	0.24366369097694063
0.1898893385485727	0.5817494804557595	0.22836118099566796
0.1886753242235539	0.5858293134196297	0.2254953623568165
0.1851058271502727	0.5606378059691292	0.2542563668805982
0.1874589377868825	0.576291664247315	0.23624939796580258
0.18802149204470092	0.5563079863910729	0.2556705215642262
0.19167313361370758	0.5576161097677865	0.250710756618506
0.18686693352344988	0.5611399297886556	0.25199313668789464
0.19749764168312173	0.5763022298887588	0.22620012842811954
0.18881264640519363	0.5879203122317774	0.22326704136302908
0.18743103238273096	0.5875430749923749	0.22502589262489434
0.19343822143594575	0.553491988873972	0.2530697896900824
0.18924327015262207	0.5611936194805504	0.2495631103668277
0.19047564501872655	0.5568955616639181	0.25262879331735555
0.18435265415450347	0.5718047588716275	0.24384258697386907
0.19939915489465107	0.5543858159997614	0.24621502910558762
0.1884968642044972	0.5819852737165123	0.22951786207899055
0.18530805901581363	0.5676071877124028	0.2470847532717837
0.18848413299121208	0.5884799264677111	0.22303594054107698
0.19968899934836176	0.5645649661558481	0.23574603449579026
0.19636796525303335	0.556060416573213	0.24757161817375378
0.19580816819352748	0.557984165920453	0.2462076658860196
0.19567804006529196	0.5790486615076832	0.22527329842702493
0.1971515579629961	0.5747556277085847	0.22809281432841932
0.1968481889136492	0.5568312918563332	0.24632051923001771
0.19964864903946497	0.5769782215910363	0.22337312936949888
0.1931507321576209	0.570695448557095	0.23615381928528428
0.19589167365337573	0.5756540304074764	0.22845429593914804
0.19764251270690375	0.5689451947590414	0.23341229253405493
0.18744797066963695	0.5646534235578657	0.24789860577249742
0.19230773610106194	0.5740460148556061	0.23364624904333203
0.1932135701021955	0.5538844318585263	0.25290199803927826
0.18321407052914745	0.5817335361498455	0.23505239332100716
0.18872273221485739	0.5538375365144853	0.25743973127065745
0.19167989932772253	0.5705318403064593	0.23778826036581827
0.190234749232741	0.564115811272409	0.2456494394948502
0.19878567581514794	0.5545714988879276	0.24664282529692455
0.18389178882131685	0.5657068663538589	0.2504013448248243
0.19821766153690465	0.5514161530533435	0.2503661854097521
0.18953137299938394	0.5738617017292976	0.23660692527131855
0.19791760428595404	0.5820696307833009	0.2200127649307452
0.18834713166528178	0.5654899925615302	0.24616287577318818
0.18756534007256123	0.5566593626402013	0.2557752972872376
0.18594982625256512	0.5586264141747372	0.2554237595726978
0.1929247863082678	0.5649079145238329	0.2421672991678994
0.1931554709598089	0.5606890184323855	0.24615551060780574
0.20055041042432947	0.5519987737604902	0.24745081581518047
0.18541380857083864	0.5880672305797923	0.22651896084936915
0.18901197549637497	0.5739481863339501	0.23703983816967508
0.1858825921975614	0.5731010534483466	0.24101635435409208
0.19109769888576386	0.559938735150727	0.24896356596350921
0.18927487345344365	0.5827129327077532	0.2280121938388034
0.19477381489325382	0.5736958569602035	0.23153032814654279
0.19495966383527663	0.5587561900821232	0.24628414608260035
0.18633278467063913	0.587950784293356	0.22571643103600494
0.18280037779375796	0.5786230520581851	0.23857657014805708
0.19737323460868886	0.551502872488606	0.2511238929027052
0.19413708975066218	0.5625154415749402	0.24334746867439777
0.1862990114891178	0.5825745566878027	0.23112643182307963
0.18480774885112583	0.5883058605335012	0.22688639061537308
0.1937702378212045	0.5551128666838183	0.25111689549497723
0.1955520744870613	0.5694086788069239	0.23503924670601495
0.18300968007563126	0.586353364974717	0.23063695494965186
0.18956353277128793	0.5834516333355566	0.2269848338931555
0.19000069249788953	0.5582722016617738	0.25172710584033675
0.1973114054405517	0.5527868238335295	0.24990177072591888
0.18754056930512905	0.5575377293826642	0.2549217013122068
0.184231180050054	0.5739862883857498	0.24178253156419632
0.18608166374445925	0.5693537322204537	0.24456460403508715
0.1946383546701354	0.5672422501041607	0.23811939522570397
0.19685295121784382	0.5811727582055175	0.22197429057663884
0.19230386737691454	0.5827855046235786	0.22491062799950703
0.196119575051289	0.5714427970473129	0.23243762790139819
0.1980651781603726	0.5744210161438581	0.22751380569576937
0.18876237673904792	0.577609754274891	0.23362786898606117
0.19745951741661597	0.5757547141739786	0.2267857684094055
0.19352993866853047	0.5581316906474454	0.2483383706840242
0.19539611056439374	0.564426127130145	0.24017776230546137
0.18351658922851063	0.5815156305421874	0.23496778022930215
0.19103170888773752	0.5528930294338781	0.25607526167838457
0.20006027130900442	0.5598104253634781	0.24012930332751764
0.19875104380463887	0.5581551238796356	0.24309383231572573
0.19077374370151895	0.5653778253400609	0.24384843095842026
0.19210281414403332	0.5728520041743727	0.2350451816815942
0.19707242749870932	0.56265069570767	0.24027687679362084
0.19536712785819252	0.5540130881932179	0.25061978394858964
0.19501983223981817	0.5824882112958405	0.22249195646434144
0.18722996078286405	0.5816191635818894	0.23115087563524672
0.19214490334314582	0.57982726391092	0.22802783274593427
0.18560770584441322	0.586304422967235	0.22808787118835194
0.19978529502875214	0.5690598458976925	0.23115485907355543
0.18825451267547325	0.5616931056364987	0.2500523816880282
0.18875577713189365	0.5595158130909745	0.25172840977713196
0.19855058157272934	0.5668687726000805	0.23458064582719024
0.19054431918649925	0.5725416201568565	0.2369140606566444
0.19662634546214403	0.5613833768515787	0.24199027768627743
0.1853249927591894	0.5610233320117912	0.25365167522901955
0.19317109637052488	0.5679739404196835	0.23885496320979172
0.19192931340170824	0.5529273433296824	0.2551433432686095
0.18823109087489795	0.5668026613387608	0.24496624778634132
0.18558474029284636	0.5618595590361001	0.2525557006710537
0.19186688315075037	0.5814864463521696	0.2266466704970802
0.19739211411407598	0.5547238437468056	0.24788404213911852
0.19779249909684232	0.5615178879990428	0.24068961290411503
0.1898393006284136	0.585355717278568	0.22480498209301852
0.19139334637431887	0.5772159259147325	0.23139072771094882
0.19886017829782826	0.5512795842365087	0.2498602374656632
0.18646866096090653	0.5576477790342982	0.2558835600047954
0.19741280207199474	0.557696651073193	0.24489054685481237
0.19676601006172179	0.560591727552658	0.2426422623856203
0.19911249212548485	0.5603240414074755	0.24056346646703985
0.1828230559241508	0.5755954924536377	0.2415814516222116
0.1868164910848766	0.5864847253860035	0.22669878352912007
0.18732345672543374	0.5734985909859311	0.23917795228863523
0.18442156568383142	0.5669186809096453	0.24865975340652344
0.19997885189887102	0.5549512666011804	0.24506988149994863
0.19330033422631518	0.5598872549191575	0.2468124108545275
0.18480542913548842	0.5767945833838298	0.23839998748068186
0.18531637506217286	0.5630939389690162	0.2515896859688111
0.19628935128766783	0.5600626864902986	0.24364796222203372
0.19197655878035566	0.5618073336419825	0.24621610757766188
0.19474524303162327	0.5733330215276896	0.23192173544068723
0.19394862191448936	0.5551892988756834	0.2508620792098274
0.18759140360177287	0.5758437627521673	0.23656483364605999
0.18395489537025633	0.5886574542994627	0.22738765033028116
0.18768149308297968	0.5548126904935365	0.2575058164234839
0.18889638188160976	0.5682123357911102	0.24289128232728024
0.1946350846687831	0.5572646238614116	0.24810029146980542
0.1910503182391127	0.5644463408908332	0.24450334087005415
0.19703043920483929	0.5581879623252934	0.24478159846986736
0.19591692342912403	0.5513888551654391	0.2526942214054369
0.18464500419701219	0.5818264798202317	0.2335285159827563
0.19608771739179343	0.579367861406556	0.22454442120165058
0.18977921086473537	0.5628627694056451	0.24735801972961968
0.18644017758572093	0.5660977294280173	0.24746209298626187
0.1911382307428785	0.5598938845392208	0.24896788471790077
0.1871809868231874	0.5543579219881248	0.2584610911886879
0.20046132794422508	0.560902022653001	0.23863664940277401
0.18912517957814154	0.5819755716799151	0.22889924874194345
0.18926292685923818	0.5865303614484201	0.2242067116923418
0.19206875968930573	0.569681996214263	0.2382492440964315
0.18708122046381345	0.5820495817319556	0.230869197804231
0.1827377713956802	0.5777102387866253	0.23955198981769465
0.18407671024978187	0.55865829669357	0.2572649930566482
0.1969853803245732	0.5641694512912813	0.23884516838414568
0.19444657662474546	0.5829473790533034	0.22260604432195125
0.18969770417345155	0.5849961629163749	0.2253061329101736
0.20070475762521814	0.5541216645804137	0.24517357779436832
0.19221954167488192	0.5647597504595789	0.24302070786553934
0.18843423698909903	0.5623798189137359	0.2491859440971652
0.1893465007429652	0.576102715105971	0.23455078415106392
0.19503441956604925	0.567500821499229	0.2374647589347219
0.1828264620029565	0.5702173288562313	0.24695620914081232
0.19799796488867175	0.5730711923822812	0.22893084272904715
0.18660602665211856	0.5759794486971838	0.2374145246506978
0.19228483137174748	0.5520903726829516	0.255624795945301
0.1962788060476087	0.5631700641059381	0.24055112984645333
0.18795160410686265	0.5531021880894447	0.2589462078036928
0.1967368270824011	0.5802700682007134	0.22299310471688563
0.18634088091787468	0.5621503348290738	0.25150878425305156
0.18688035877676973	0.5630895698000689	0.25003007142316147
0.1829217450297712	0.5623866781578288	0.25469157681240007
0.19538440072852095	0.5812506610670245	0.2233649382044546
0.1870477268547598	0.5739164356194955	0.23903583752574487
0.19942225769437372	0.5538591541976564	0.24671858810797
0.19033385006598127	0.5811311876501971	0.2285349622838217
0.18865750595548159	0.5619762854634328	0.2493662085810857
0.18493099383142433	0.5844136472325832	0.23065535893599265
0.19080241949400428	0.5529683270316188	0.256229253474377
0.18399669941540897	0.584322995703453	0.2316803048811381
0.19296494714657975	0.5851282458874121	0.22190680696600823
0.1936894353104442	0.5626182940922695	0.24369227059728651
0.19390198321569196	0.5665133153440228	0.23958470144028526
0.19356505854640976	0.5838971639653461	0.22253777748824433
0.18586770583070833	0.584981454868708	0.22915083930058372
0.18899897587440279	0.5778484877241291	0.23315253640146816
0.1852134867865028	0.5833175910155891	0.23146892219790818
0.18638084785720777	0.5679192644078117	0.24569988773498058
0.19718621097989394	0.5806655217250971	0.222148267295009
0.18636435514844013	0.5680414846621046	0.2455941601894554
0.19847934496846234	0.5541576304899274	0.2473630245416104
0.18803787805523536	0.5770301727994009	0.23493194914536378
0.2004914909702258	0.5598818680247928	0.23962664100498152
0.1839555931386545	0.5798595912193473	0.23618481564199834
0.1867779618425208	0.5776165491572869	0.23560548900019243
0.19826753358668478	0.576088459475862	0.2256440069374534
0.19665254792862227	0.5631889675964274	0.24015848447495042
0.19076907084419406	0.5657860168038934	0.24344491235191268
0.19764239548813609	0.5522926564981732	0.25006494801369084
0.19133274126129707	0.5761025577870097	0.23256470095169338
0.18551013452275378	0.575278138096046	0.2392117273812004
0.18995355445557088	0.5640527378435503	0.24599370770087906
0.1887019911592412	0.575256018995437	0.2360419898453219
0.18520983842822294	0.5645944165730357	0.2501957449987414
0.20070039002540394	0.557029687415815	0.24226992255878113
0.19317722239560237	0.5639094337493493	0.24291334385504842
0.18800977888302142	0.5618703260711984	0.2501198950457803
0.19682021496060279	0.5719062936230274	0.23127349141637
0.1876521175015454	0.5793283875555479	0.23301949494290683
0.18404580025599043	0.560953782375301	0.2550004173687087
0.18676252042505936	0.5739857501777161	0.23925172939722458
0.19903662207483422	0.578828555864489	0.2221348220606768
0.19609342818648426	0.5719110898965096	0.23199548191700628
0.19149651145191846	0.5636207611298325	0.24488272741824924
0.1970337712909486	0.5578576116540718	0.24510861705497974
0.19267502829782393	0.5524631476541261	0.2548618240480501
0.1869450683311922	0.5636225695562183	0.24943236211258968
0.19965470036740945	0.5623881875065458	0.23795711212604487
0.18995680692187197	0.5640968418414026	0.24594635123672554
0.18389342067131131	0.5583451431617944	0.25776143616689434
0.1895422874837544	0.5636724854856474	0.24678522703059838
0.20062256823955782	0.5635817089247137	0.23579572283572853
0.19258387134269656	0.5681701067398933	0.23924602191741023
0.18759500973891097	0.5694270253926549	0.24297796486843426
0.20045101611995528	0.5633150598862207	0.23623392399382417
0.18680782323745898	0.5652858158124472	0.24790636095009402
0.18724829782919275	0.5814579017181136	0.23129380045269377
0.18420895516073968	0.5872668814968205	0.22852416334243997
0.19758674407026777	0.5724302880153507	0.22998296791438164
0.19094350864758913	0.559785831773885	0.24927065957852598
0.1862603624968094	0.5701568632981671	0.2435827742050237
0.19698371359686973	0.5689180993780738	0.23409818702505653
0.18991095338426578	0.5545525663219986	0.25553648029373577
0.19892781414598723	0.576248949471578	0.2248232363824349
0.18596007954829055	0.5781668516687529	0.2358730687829566
0.18318009601969235	0.5836659104221638	0.23315399355814406
0.19507938220825188	0.5732339608716301	0.23168665692011808
0.1931671683787367	0.5648429850972728	0.24198984652399064
0.18646397673356868	0.5778493848234321	0.2356866384429993
0.19270092501034533	0.5507053452784294	0.2565937297112253
0.18924207282447664	0.5724633512750988	0.23829457590042463
0.18890407612623814	0.5559472122740359	0.2551487115997261
0.19591803787824075	0.5719166988534434	0.232165263268316
0.1890804215722211	0.5738241897127393	0.23709538871503968
0.19741463192500153	0.5542516678829135	0.24833370019208517
0.1969939691436016	0.557048382067693	0.24595764878870555
0.19489630820214593	0.5722399491536183	0.23286374264423593
0.18316912067984403	0.5791611840982338	0.23766969522192227
0.19209855265630202	0.5507121277312411	0.25718931961245695
0.19140392775062598	0.5559500716067947	0.2526460006425795
0.18390432857345743	0.5845431834028114	0.23155248802373127
0.18570425800426957	0.5853547079505577	0.22894103404517283
0.1887117083956107	0.5664587598293731	0.2448295317750163
0.20061385828562303	0.5719102315528639	0.22747591016151308
0.19294556932030912	0.5586523564879373	0.2484020741917536
0.1943628512697691	0.550442490220001	0.25519465851023004
0.1911587274666223	0.576164931290107	0.23267634124327075
0.18311648481701773	0.5637175365101117	0.25316597867287066
0.18490752729496454	0.5689692475834045	0.2461232251216311
0.1887344881846149	0.5787042478320523	0.23256126398333288
0.18653789280380084	0.5836257975130584	0.22983630968314087
0.18861017706839092	0.5854816707167743	0.22590815221483496
0.18902617364262717	0.5866512333948587	0.22432259296251428
0.1979039522597735	0.5511248017236737	0.25097124601655285
0.19493560301752041	0.5662961550999067	0.23876824188257295
0.19369311757443533	0.5533220930039794	0.2529847894215854
0.1865847336909554	0.5826057451511273	0.23080952115791745
0.19410414109120658	0.5661295582689199	0.23976630063987367
0.18413611313629763	0.562726371994001	0.25313751486970143
0.19306295996407094	0.5865811905347356	0.2203558495011936
0.19412510268781424	0.5744547999172255	0.23142009739496036
0.18282957710848194	0.5610824280328094	0.25608799485870876
0.18296755168292975	0.5873710849106706	0.2296613634063998
0.19966790000380802	0.5523482521926026	0.2479838478035895
0.19741003965411413	0.5668331844311922	0.23575677591469385
0.19058859942733705	0.5752661239024537	0.23414527667020937
0.19983646916006836	0.5530885785587875	0.24707495228114432
0.1827211113063435	0.5616854943116023	0.25559339438205425
0.19337365930607742	0.5551950482696962	0.25143129242422646
0.19140396710000027	0.5785348147998198	0.23006121810018004
0.19520827669332397	0.5819306037039582	0.22286111960271793
0.19435182966058856	0.563054045453619	0.24259412488579254
0.20042873774643852	0.5613981816837106	0.23817308056985098
0.18824217906519392	0.5881903613448813	0.22356745958992477
0.1918103636758154	0.5778794284084092	0.23031020791577556
0.18284365243516126	0.5710961584254655	0.2460601891393734
0.1912461988925519	0.5825127880194552	0.22624101308799305
0.19187604414258902	0.570100496217598	0.2380234596398131
0.19313798089490142	0.5747497679080266	0.23211225119707218
0.19953772330862332	0.5639764054476034	0.23648587124377335
0.1965361700284462	0.5606117045924686	0.24285212537908538
0.1916650889050192	0.5704296841306674	0.23790522696431346
0.19718924523253004	0.5640982895887146	0.2387124651787555
0.19796644792564483	0.5533515047681193	0.24868204730623591
0.19013858588567034	0.551302560414302	0.25855885370002774
0.19411849040778248	0.5601387903004832	0.2457427192917344
0.19320499348884168	0.5583397662848891	0.2484552402262693
0.18655574364872046	0.5752182603084403	0.2382259960428394
0.19455702111442355	0.5619528366768759	0.24349014220870063
0.19250204030446594	0.5819811525838259	0.22551680711170824
0.1981539918222638	0.5697813738671976	0.2320646343105387
0.19454136305333475	0.5511706920484334	0.254287944898232
0.19570108800138383	0.5807832885835614	0.22351562341505488
0.19327247041626858	0.5730568461665897	0.23367068341714187
0.1991723042906692	0.5517620991448104	0.2490655965645205
0.18329566847077555	0.5599248278223787	0.25677950370684577
0.19601658143723827	0.5528572260834619	0.25112619247929996
0.18423431419019842	0.5705210779744186	0.24524460783538304
0.18997842352559013	0.5690189363146033	0.24100264015980666
0.19507362140971313	0.5663132794253073	0.23861309916497975
0.18743498835270897	0.5872246246871782	0.2253403869601129
0.18354046205715213	0.5573922933676105	0.2590672445752374
0.19654179301683614	0.5789681450416505	0.2244900619415135
0.1911823143914796	0.5858319068247282	0.22298577878379236
0.18318886479968366	0.5648957608882724	0.251915374312044
0.19056805092652962	0.5570297093084351	0.25240223976503545
0.19911245382763781	0.572903558009368	0.22798398816299428
0.1835482106406213	0.5837549536743052	0.23269683568507368
0.19655671271972058	0.5642998028575932	0.2391434844226864
0.18418156921421608	0.583002957120997	0.232815473664787
0.18333894661521988	0.5830296014614673	0.23363145192331292
0.1981471458996445	0.5710086290744625	0.23084422502589313
0.1975334655801223	0.5758236947558244	0.22664283966405344
0.18777407299849175	0.5552669734221916	0.25695895357931686
0.19714424995423424	0.5545076137998982	0.24834813624586763
0.1876678673545195	0.5662480765426307	0.24608405610285
0.18667646578093738	0.5658670135773869	0.24745652064167578
0.1992332026701173	0.556857668075039	0.2439091292548438
0.19214889749869493	0.5730450772492046	0.2348060252521005
0.199335246904774	0.5554333608280482	0.245231392267178
0.19162916802317523	0.5771153329940959	0.2312554989827289
0.1853870316631182	0.5693374817420757	0.24527548659480622
0.18279609026859617	0.5614569504623104	0.2557469592690935
0.19200234829421964	0.5726159460272298	0.2353817056785507
0.1841076444585444	0.5621036252311744	0.2537887303102813
0.18276735013769008	0.5641001445553693	0.2531325053069407
0.18688748669806127	0.5643749395782232	0.2487375737237157
0.19303882743396758	0.5796703601630643	0.22729081240296825
0.1982916706667765	0.5568898090512995	0.24481852028192408
0.18736147701768294	0.5535025452881873	0.2591359776941298
0.19686240529896964	0.5742561119755507	0.2288814827254797
0.1951331603429655	0.5713917764881222	0.2334750631689124
0.1971361031591845	0.5586938851949553	0.24417001164586027
0.18485537366014856	0.5834302147886669	0.2317144115511847
0.18988308596064946	0.5741270111578238	0.23598990288152685
0.18910967932193581	0.5539628885517263	0.2569274321263381
0.19396741682285668	0.552884984559773	0.25314759861737046
0.19202431602284448	0.568517028405832	0.23945865557132365
0.19665520892024946	0.5817419193372764	0.2216028717424743
0.18506792498412583	0.5812394707303191	0.23369260428555516
0.18380749037626215	0.5785863472588691	0.23760616236486878
0.1894757208713496	0.5543832152842005	0.2561410638444499
0.19793018233852455	0.5554595105887079	0.24661030707276763
0.1937348850171892	0.5551343333320482	0.25113078165076275
0.1941023277433211	0.5625718877087883	0.24332578454789067
0.1877989188977155	0.5623880991554435	0.2498129819468411
0.19888806610135157	0.5628252722343432	0.2382866616643054
0.1843082936212942	0.5797911437054108	0.235900562673295
0.19442151993266615	0.5784286014888818	0.22714987857845215
0.18661140841562998	0.5656569691360043	0.24773162244836583
0.1910213845802917	0.551838434801588	0.2571401806181204
0.1840404893997345	0.5710228961464509	0.24493661445381473
0.19014100027083414	0.5621005161737403	0.24775848355542562
0.1981357486240907	0.5589106860408681	0.24295356533504128
0.1870464292043978	0.5844519581776575	0.22850161261794488
0.18891542475581258	0.5663361988147796	0.24474837642940792
0.19277054633398444	0.5635783943888962	0.2436510592771195
0.19859119221202443	0.5656565861935361	0.23575222159443956
0.18373413889041415	0.5752790918196902	0.24098676928989582
0.19316852719941843	0.5658401559804542	0.24099131682012742
0.18406192259073953	0.563563557832568	0.25237451957669266
0.19001774315258718	0.567080781924014	0.24290147492339897
0.18450258415444748	0.5562406464671548	0.2592567693783979
0.19689086583414067	0.5512926031343661	0.2518165310314934
0.18911586057001292	0.5767355325842154	0.23414860684577177
0.18731519350283843	0.5724066748712615	0.2402781316259002
0.18918151349658008	0.5777669433723663	0.23305154313105372
0.19660512525405938	0.5516401735240725	0.25175470122186827
0.18948275496440675	0.5729961855731337	0.23752105946245963
0.19195695327046347	0.5634239221476623	0.24461912458187432
0.18275082072829907	0.5774708620491908	0.23977831722251025
0.18886547931285985	0.5604634105675297	0.2506711101196106
0.18655676991420128	0.5888741608935659	0.22456906919223296
0.18549826550393114	0.587030248429384	0.22747148606668494
0.18884292322571775	0.5551690395446153	0.2559880372296671
0.1911536665429198	0.57079710753622	0.23804922592086034
0.19477042684835844	0.5731133025572828	0.23211627059435894
0.18726179544449884	0.5852117156327523	0.22752648892274902
0.1855241799956222	0.5800157644514723	0.2344600555529056
0.1874477069589168	0.5736038884359816	0.23894840460510164
0.18802004451082596	0.5797523591191607	0.23222759637001347
0.18476087700890304	0.5606298438654371	0.25460927912566
0.1972641382232575	0.5672889264884692	0.23544693528827343
0.19899914769711047	0.571026281825953	0.22997457047693665
0.18372736684954874	0.5750556030013168	0.24121703014913454
0.19673398937571102	0.5675977431616566	0.23566826746263259
0.18676444305259796	0.5837962518334244	0.22943930511397775
0.20005931081381428	0.5508936715789776	0.2490470176072082
0.19995361661687255	0.5585773131397177	0.2414690702434098
0.19319219460627535	0.5653516039178698	0.24145620147585503
0.19629721531422348	0.5638441226155526	0.239858662070224
0.19876660242369126	0.5685813348987074	0.2326520626776014
0.19390106715789995	0.5575589893912024	0.2485399434508977
0.18969841229478435	0.5520389051395123	0.25826268256570356
0.18825224579807634	0.5579852839461787	0.253762470255745
0.1928469165091523	0.5852740375210459	0.22187904596980196
0.1827420054198071	0.5859994644655347	0.2312585301146583
0.19138581970417284	0.5862922737562255	0.22232190653960182
0.19180733223739554	0.5626412141167997	0.24555145364580486
0.19114678323691336	0.5805899860099357	0.22826323075315103
0.18609178195778925	0.5542240206764818	0.2596841973657291
0.18603272182074937	0.5788094893131388	0.23515778886611194
0.19306128756392726	0.5516926759196124	0.2552460365164605
0.1957575039814625	0.5622660318097601	0.24197646420877758
0.19832053333951963	0.5520212715906091	0.24965819506987136
0.1833588709072221	0.5638509043484017	0.25279022474437624
0.19202519837097123	0.5761053157085448	0.2318694859204841
0.19592235494481255	0.5589563462796965	0.24512129877549108
0.19043484835112282	0.5554675182543306	0.2540976333945467
0.2006490787092994	0.5782259340064128	0.22112498728428792
0.19375252102508805	0.5861135500950456	0.2201339288798664
0.18466962123749958	0.5753448924315189	0.23998548633098166
0.19892186738265066	0.5632038777197053	0.23787425489764424
0.188131242053004	0.561947356921094	0.24992140102590218
0.18411694558117142	0.5625172231008525	0.2533658313179762
0.19558848141898955	0.5665282278517467	0.23788329072926384
0.1915923571634056	0.5812400167037077	0.22716762613288682
0.18976174006125204	0.5694845280934322	0.2407537318453158
0.19379833609780892	0.5644785539352098	0.24172310996698132
0.18692006893177315	0.557756948007108	0.25532298306111906
0.1949190818350098	0.5667470550204932	0.23833386314449723
0.19354739082488467	0.5591337122797408	0.24731889689537456
0.18871678057195246	0.5514118392410617	0.25987138018698597
0.19600979145613703	0.5779577771044336	0.22603243143942944
0.19569110946281007	0.5596667982593793	0.24464209227781086
0.18815699537487068	0.5592460227538842	0.25259698187124524
0.19773862740929057	0.560829843760249	0.24143152883046048
0.19076336734922184	0.5844661172293404	0.22477051542143786
0.1908130249722588	0.5612743357986623	0.24791263922907905
0.1830948871107692	0.5817715364385714	0.2351335764506595
0.19572656337584324	0.5572215873647468	0.24705184925941015
0.19438986926925758	0.5770800618546286	0.228530068876114
0.19026045238619854	0.5531311679133772	0.25660837970042427
0.18734610272019062	0.5824275136323517	0.23022638364745784
0.19186040149089303	0.5647425955223904	0.24339700298671668
0.19938678383016245	0.5646170748190353	0.23599614135080238
0.18682664474192587	0.5573320008791028	0.2558413543789714
0.18964168690939526	0.5782604134353833	0.23209789965522165
0.19505882501242644	0.5733901224572533	0.23155105253032038
0.18457570174989416	0.5761392005079797	0.2392850977421262
0.18305127701607668	0.5615030471034981	0.2554456758804253
0.19812467357498503	0.5810017732153799	0.2208735532096351
0.1947282743203578	0.5725054912440597	0.23276623443558264
0.1837297443402696	0.5609670441426976	0.25530321151703295
0.19773831908624828	0.5539291289425001	0.24833255197125173
0.18437200671730186	0.5605427610926959	0.2550852321900024
0.19898885481454215	0.5528813433048243	0.2481298018806336
0.1929560856452074	0.5605083712439591	0.24653554311083364
0.20063002108378547	0.5590220512978133	0.24034792761840135
0.1906988192562086	0.5510544228180737	0.25824675792571783
0.19702430861255033	0.5801325897913822	0.22284310159606763
0.19767776515650562	0.578859295771053	0.22346293907244155
0.1964691595006504	0.5598190717734568	0.24371176872589298
0.20030493727832696	0.5768566513646598	0.22283841135701343
0.19055513600767193	0.5817679426217949	0.2276769213705333
0.1996450317192076	0.5571505074188412	0.24320446086195135
0.19348916375836342	0.5509992157943723	0.25551162044726444
0.19051092450795215	0.5814552130773593	0.22803386241468873
0.18728727382354096	0.5649162955372853	0.24779643063917384
0.19853641728249544	0.5573687504662239	0.24409483225128076
0.1831301450186148	0.5584568349629786	0.2584130200184067
0.1900584523389497	0.5565879810872566	0.2533535665737938
0.19333173267863002	0.5618874109862751	0.24478085633509492
0.19250798166730024	0.5646272422040092	0.2428647761286907
0.19298655517762497	0.5559220350852377	0.2510914097371374
0.18847100399750036	0.5620910531426122	0.2494379428598875
0.19117038089643051	0.5594441249263489	0.24938549417722078
0.19435922525589847	0.5638755657954929	0.24176520894860876
0.18753097890124823	0.5630876998782075	0.24938132122054446
0.18591965943479474	0.584420606952095	0.22965973361311037
0.1999633011994486	0.5757912113276562	0.22424548747289536
0.18983622974464068	0.5770784274101577	0.23308534284520172
0.19197688076508795	0.5673666206640126	0.24065649857089966
0.19669267624884682	0.5777598764124784	0.22554744733867488
0.18774669759666637	0.5701744393518817	0.24207886305145201
0.19048963553480872	0.5757002784008692	0.23381008606432216
0.18629345734095637	0.5732167935851585	0.24048974907388523
0.19698782837882223	0.5667838874639874	0.2362282841571905
0.192248567774423	0.5662944382021509	0.2414569940234263
0.18364266657018832	0.5812549182636663	0.23510241516614552
0.18831551171202698	0.5802903373443098	0.2313941509436634
0.19842644455270195	0.5675563239262205	0.23401723152107773
0.1951884068708716	0.5663704808911071	0.23844111223802147
0.19347219188797532	0.5843963734473432	0.2221314346646816
0.1853865689140275	0.5742143301649865	0.2403991009209861
0.19909532475308894	0.5726468047950306	0.22825787045188053
0.1997045880112627	0.5788479255751631	0.2214474864135744
0.19662964478325873	0.5673081937284721	0.23606216148826936
0.19021283351177434	0.5687328100708808	0.2410543564173449
0.183386285513733	0.5763161260933547	0.24029758839291235
0.19357393330916425	0.5739940915152377	0.23243197517559816
0.19916930408008543	0.576294774954644	0.22453592096527072
0.19266616969691241	0.5600255800859112	0.24730825021717656
0.19267232135389736	0.5710037159278565	0.2363239627182463
0.18490662114754491	0.5809560465806284	0.23413733227182681
0.19556292081633467	0.5651708560002713	0.23926622318339416
0.19532992043376218	0.5539420644039895	0.25072801516224835
0.18940583616431142	0.5823834285681435	0.2282107352675452
0.1889842512509736	0.5744230504131845	0.236592698335842
0.18309914550009107	0.5690565830796148	0.24784427142029425
0.19491004582975624	0.5840177153549311	0.22107223881531285
0.19997439331827846	0.5655880413935295	0.23443756528819218
0.18676066832183993	0.563794920486786	0.24944441119137412
0.1935127885240557	0.5541421146763796	0.25234509679956485
0.1908044157342848	0.5560401776243916	0.25315540664132363
0.19028135922049963	0.5807981689415282	0.2289204718379723
0.1899336015074639	0.5545466735658735	0.2555197249266627
0.1949636428610742	0.5833221526124501	0.22171420452647578
0.18564084583294063	0.578813403756929	0.23554575041013048
0.19663997916780426	0.5600766563215605	0.24328336451063548
0.18453275651952458	0.5619070274373906	0.2535602160430849
0.19369258390376184	0.5682984795315307	0.23800893656470756
0.1876019373643603	0.5882574741545727	0.22414058848106705
0.19887824172967775	0.5645376976748823	0.23658406059544013
0.18650060385483344	0.5652084722540929	0.24829092389107388
0.19374430796463118	0.5634743618642788	0.24278133017109016
0.18973529603545328	0.5782971462642326	0.23196755770031433
0.1884544150706084	0.5857086031595604	0.22583698176983125
0.19476359536561932	0.5766647824187148	0.22857162221566604
0.1891707764934373	0.570641157305239	0.24018806620132382
0.18694334321163575	0.5879787425326946	0.22507791425566984
0.18530464984991762	0.5793097920132997	0.2353855581367828
0.1849128594561697	0.5571756981525348	0.2579114423912957
0.19398664642615807	0.5544626961768949	0.2515506573969471
0.1989265930276341	0.559418599359861	0.24165480761250493
0.1978969577234465	0.5668318023217875	0.23527123995476606
0.18894644974811656	0.5628751099670958	0.24817844028478775
0.18930646991065594	0.5507296944992858	0.2599638355900584
0.1919591817207774	0.5763850908342526	0.23165572744497012
0.19541369531879954	0.5523762817672198	0.2522100229139808
0.19028660864513525	0.5673226550954011	0.24239073625946372
0.1831679933904986	0.5773363109947945	0.23949569561470696
0.19101118093069586	0.5518764565723426	0.2571123624969617
0.1868098605142038	0.5814637835846768	0.23172635590111945
0.198767885339616	0.5623564131352179	0.23887570152516618
0.19109152842567392	0.5689812620763012	0.239927209498025
0.1988735461392893	0.5760767093719229	0.2250497444887879
0.19070203255577606	0.5875375041159521	0.221760463328272
0.20046363954893487	0.563817742045723	0.23571861840534222
0.1871077499535128	0.5716898454151056	0.24120240463138176
0.19284826466236696	0.5584498935080746	0.24870184182955857
0.19354126253809995	0.5741100300229515	0.23234870743894867
0.19825711593436773	0.578392178606968	0.22335070545866442
0.1890585859823246	0.5835325800066373	0.22740883401103823
0.19060700265557579	0.5684240652637954	0.24096893208062894
0.1976118532337638	0.5772478936186463	0.2251402531475901
0.19813323035909755	0.5555220222961741	0.24634474734472844
0.2003781118644231	0.5515800552531076	0.24804183288246945
0.19668585817865647	0.5793178561046863	0.22399628571665736
0.1833502371789268	0.5752777177000186	0.2413720451210547
0.1998987800768081	0.5753314761656219	0.2247697437575702
0.18787639142185186	0.5552416639603265	0.25688194461782177
0.18804738693308595	0.5575212011379587	0.25443141192895546
0.18478429659854742	0.5813621479618216	0.23385355543963104
0.19898891248386436	0.5519915073313718	0.24901958018476394
0.1854724202919852	0.5692647343706773	0.24526284533733764
0.19267726616286915	0.5760107229438544	0.2313120108932766
0.19471153960695142	0.5540937611233391	0.2511946992697096
0.19764016224532288	0.557222085183332	0.24513775257134524
0.19376589451796555	0.5591477667254691	0.2470863387565655
0.19410629604678667	0.5644855955727077	0.24140810838050575
0.18665054431575587	0.5605100699169208	0.2528393857673235
0.1986054087049496	0.5631657464358222	0.23822884485922835
0.19922200198572312	0.5562051547487933	0.24457284326548373
0.19275926802212648	0.5742964220678168	0.23294430991005677
0.1957329694804302	0.5669484148787128	0.2373186156408571
0.1892789902826541	0.5798263044408306	0.23089470527651543
0.18660679787519646	0.5655186714188857	0.24787453070591797
0.19742471270635484	0.564045763932655	0.2385295233609903
0.18489595159102987	0.5693372520431819	0.24576679636578835
0.200640724665496	0.5683452330468521	0.23101404228765196
0.18350004290606778	0.576207701096917	0.24029225599701537
0.1864770377077884	0.5593301223691327	0.254192839923079
0.18558066187953917	0.5800577356237567	0.23436160249670424
0.1866747998579617	0.5823093944157054	0.231015805726333
0.18666210863478983	0.5671092470600702	0.24622864430514016
0.19340219346759654	0.5683207014059743	0.2382771051264293
0.18344014438866635	0.5647546466236295	0.25180520898770425
0.18708727642532966	0.5610384672915003	0.25187425628317006
0.18322916271570028	0.5679046913677781	0.24886614591652173
0.1830346024930275	0.5886607288180281	0.22830466868894456
0.1834592425109833	0.5876397877877837	0.2289009697012331
0.19222401279450643	0.5750925887414874	0.2326833984640063
0.18596736536769212	0.5558784536823509	0.25815418094995707
0.19136603786001175	0.5676767176506347	0.24095724448935377
0.19261388476958793	0.5817618502409627	0.22562426498944949
0.1935139562041618	0.568476303389096	0.2380097404067422
0.18809197457244536	0.5737239682322213	0.23818405719533345
0.19598930713392934	0.5524369190495139	0.2515737738165569
0.1970342728003595	0.5770887755422467	0.2258769516573939
0.19412850006911825	0.5679323692922386	0.2379391306386433
0.19516889869599152	0.5658396344206863	0.2389914668833223
0.20006128128250658	0.5587095286317952	0.24122919008569832
0.18408688652353195	0.5581558933751867	0.25775722010128144
0.19113652641216572	0.5650661101908525	0.2437973633969819
0.1879034583152372	0.5686103423583987	0.24348619932636423
0.2006654899472921	0.5690024572599367	0.2303320527927713
0.18938344492254416	0.5571423815318705	0.25347417354558555
0.18882282582230564	0.5632578223852128	0.24791935179248167
0.19614875694452502	0.5834064367151763	0.22044480634029878
0.18646388635032568	0.5877717326745501	0.22576438097512436
0.1907683549263013	0.5846013430034225	0.2246303020702763
0.18730109585862084	0.5672796700654814	0.24541923407589777
0.1945043707965401	0.5746293047261074	0.23086632447735264
0.18985685140121114	0.584041595644146	0.22610155295464293
0.1886369907123995	0.5601691835794254	0.2511938257081753
0.19779265475355848	0.5516070250308522	0.2506003202155894
0.187453182680965	0.5667805572913394	0.24576626002769575
0.19217131334447934	0.5865792413496195	0.2212494453059013
0.18805425447595167	0.5593112354640932	0.25263451005995524
0.19747378072731916	0.5546262744399563	0.2478999448327247
0.18428232698209548	0.5592957313743239	0.2564219416435807
0.18569195168883115	0.5658535022238232	0.24845454608734574
0.18452839976243982	0.5670339403214466	0.24843765991611372
0.18950916233170664	0.5536819187976998	0.25680891887059365
0.19148047228038984	0.5694022279757126	0.23911729974389764
0.1845376250508617	0.5595808025244288	0.25588157242470966
0.1905456473463097	0.5629879919988259	0.2464663606548645
0.1849100930658673	0.5888894090189358	0.22620049791519697
0.187451185386052	0.588330155140394	0.22421865947355415
0.18975355117776546	0.5518171749796846	0.25842927384255004
0.19406726092155469	0.5756677884830279	0.23026495059541763
0.1932583324959419	0.582024411157643	0.22471725634641523
0.19789954777717325	0.5790543717183437	0.2230460805044831
0.18524354890905295	0.5714808496577659	0.2432756014331812
0.1944512859938903	0.5612688583083575	0.2442798556977523
0.19601042606818436	0.5750663399908553	0.22892323394096048
0.19596308653483105	0.5760458999601741	0.22799101350499504
0.19146844902951396	0.5652419205047476	0.24328963046573845
0.1839450639641004	0.5705978731506243	0.2454570628852754
0.1909889531563141	0.5533399509501618	0.2556710958935242
0.19967950840861298	0.557381868229488	0.24293862336189917
0.18897444152790854	0.5763626112007774	0.2346629472713143
0.18363156884426973	0.5781966654580135	0.2381717656977169
0.19176501573772867	0.5685596870377136	0.23967529722455785
