0.16673149992055797	0.16697482397159064	0.6662936761078515
0.16607946113615163	0.16781241841440578	0.6661081204494428
0.1664488078321374	0.1666436344900874	0.6669075576777753
0.16625756297086908	0.1668018820825336	0.6669405549465974
0.16613409789602426	0.16681287476212964	0.6670530273418462
0.16607533107109135	0.16776605124820068	0.6661586176807082
0.16602110778993154	0.1675312760606043	0.6664476161494642
0.16639262711998334	0.16715020745969827	0.6664571654203184
0.1669439420619582	0.16711048827607497	0.6659455696619669
0.1662126678344189	0.16725254185654959	0.6665347903090317
0.16633822813301943	0.1673709249373843	0.6662908469295964
0.16660978381981456	0.16757779808396323	0.6658124180962224
0.16587300422774917	0.16787894961514171	0.6662480461571092
0.16592077141485473	0.16679385847621142	0.667285370108934
0.16585877099180216	0.1668716022428166	0.6672696267653813
0.1668463009467222	0.16746968972957776	0.6656840093237002
0.16667583049832807	0.1673524570898739	0.6659717124117982
0.16606348096981727	0.16792472177065773	0.6660117972595251
0.1661770517663793	0.1665812248158614	0.6672417234177594
0.1657273820905879	0.16738334985018216	0.66688926805923
0.16591145593140744	0.16700975589293593	0.6670787881756568
0.16667246906086378	0.16670728581377542	0.6666202451253609
0.16689608189004562	0.16753481870230635	0.6655690994076482
0.16637272206641687	0.1667837725743152	0.6668435053592681
0.16595852876449493	0.16715336963381894	0.6668881016016862
0.1658064785073124	0.16736352639207694	0.6668299951006108
0.16645281079461122	0.16725607732087733	0.6662911118845116
0.16574596183874055	0.16751912621571968	0.6667349119455399
0.16598780045695638	0.16765218913155247	0.6663600104114913
0.16670353638835486	0.16759750321820827	0.665698960393437
0.1659273658211683	0.16785212598207278	0.666220508196759
0.16625669072419624	0.16658825146414036	0.6671550578116635
0.1665893989776239	0.16669877039659625	0.66671183062578
0.16584558125033058	0.16707464826744423	0.6670797704822253
0.16575693699324207	0.1676543594554822	0.6665887035512759
0.16683378195677262	0.16703289690879217	0.6661333211344354
0.1662724599742617	0.16766867523513374	0.6660588647906047
0.16676933361931878	0.16693813202423297	0.6662925343564483
0.16678649903208195	0.16651942216315474	0.6666940788047635
0.16632520217703411	0.16728593275633113	0.666388865066635
0.16601057376902043	0.1674125135378256	0.666576912693154
0.16679298651879604	0.16759251178497317	0.6656145016962309
0.16575428359359567	0.16686752100819924	0.6673781953982052
0.16577447507476734	0.167568155910074	0.6666573690151587
0.1668895715732206	0.16720150519525223	0.6659089232315273
0.16642206515217364	0.1671428721668522	0.6664350626809743
0.1663638817639791	0.16668353702187663	0.6669525812141444
0.16593837594018757	0.16748088034282976	0.6665807437169828
0.16692371176425225	0.1673939786589184	0.6656823095768294
0.16579653627887517	0.1678502289012116	0.6663532348199133
0.16611102503547498	0.1676578980940272	0.666231076870498
0.1662276510841546	0.16715603670855325	0.6666163122072923
0.16687368218162626	0.16741146564864157	0.6657148521697323
0.16581379825855014	0.16751459076248243	0.6666716109789675
0.16653937022208792	0.1680167714645777	0.6654438583133345
0.16597514941914882	0.16795923887051495	0.6660656117103364
0.1664678514878445	0.16677536301272713	0.6667567854994285
0.16591896539205434	0.16724317620103415	0.6668378584069117
0.1662762018201427	0.16705811192871808	0.6666656862511393
0.16617862471744627	0.16690173233901534	0.6669196429435384
0.16596571581756608	0.16758828454256977	0.6664459996398642
0.16686274394499662	0.1674473493730467	0.6656899066819568
0.16647844353306812	0.16753355406530673	0.6659880024016254
0.16606926232707706	0.1676631487156407	0.6662675889572824
0.16624789283361013	0.16654714812602983	0.6672049590403601
0.16631874546418018	0.16690805251827778	0.6667732020175421
0.1663065028841039	0.166524151745377	0.6671693453705192
0.16666468996376302	0.1669441511118605	0.6663911589243766
0.16646191095868906	0.1671194200904322	0.6664186689508789
0.16679774817247545	0.16660294883338211	0.6665993029941426
0.16658182047452655	0.16699290736458278	0.6664252721608908
0.16577731253838573	0.16770233512931235	0.666520352332302
0.16681041923858442	0.16750816759982554	0.6656814131615901
0.16681705751582837	0.16765317199477953	0.6655297704893922
0.1668803717409288	0.1667157213948608	0.6664039068642105
0.1666093009483156	0.16650047833533999	0.6668902207163445
0.1661069609487644	0.16782007971989799	0.6660729593313377
0.16588035922384642	0.16793531661820119	0.6661843241579525
0.1660443463801205	0.16663723663633995	0.6673184169835397
0.16576626650830917	0.16707174221197368	0.6671619912797173
0.16675343748349197	0.16727484610522442	0.6659717164112837
0.16692051248045234	0.1675210761373958	0.665558411382152
0.16655429168554964	0.16669461708025124	0.6667510912341993
0.16627529196679075	0.16710916497338757	0.6666155430598217
0.16659591927303627	0.16654868898746528	0.6668553917394986
0.1660758414411451	0.16745190886875522	0.6664722496900998
0.165771700678043	0.16759092912818313	0.666637370193774
0.16578820369305222	0.16715959002860475	0.6670522062783432
0.1658300771430456	0.16790167120988292	0.6662682516470716
0.1658686140813711	0.16778901796045173	0.6663423679581773
0.16605105717248558	0.16715756621248073	0.6667913766150337
0.16604975025173824	0.166870461416877	0.6670797883313848
0.16600001298579162	0.1677303726799002	0.6662696143343083
0.16610393443161453	0.16796528343613648	0.6659307821322491
0.1660781113880698	0.16797376462394673	0.6659481239879836
0.16625194628388448	0.1677586460025946	0.6659894077135211
0.1662816332177617	0.16795810282272555	0.6657602639595128
0.16614801322101994	0.16794444102847927	0.6659075457505009
0.16655144326541224	0.16768713513114702	0.6657614216034409
0.1664400023812168	0.16668280890076842	0.6668771887180149
0.16667387270586884	0.16744654624033994	0.6658795810537914
0.16657186096161447	0.16681329366579034	0.6666148453725953
0.16651389161688235	0.16663801806651998	0.6668480903165978
0.16642934178087815	0.16671115590413438	0.6668595023149876
0.16672825465339608	0.16784998289541103	0.665421762451193
0.16674292629090293	0.1671297393149209	0.6661273343941763
0.16605339567048058	0.16776984242014537	0.6661767619093741
0.1663258412076701	0.16685320329489678	0.6668209554974333
0.16689706152276243	0.16717127397837456	0.6659316644988631
0.16629415644985948	0.16675365751824597	0.6669521860318947
0.16677413675034955	0.16650884056497417	0.6667170226846764
0.16632640933163004	0.16713123950342226	0.6665423511649479
0.1658320150057157	0.16801820270671447	0.6661497822875699
0.1658680211096082	0.16683418264152805	0.6672977962488639
0.16659159003244572	0.16711855583313295	0.6662898541344214
0.16579459175517522	0.16746766586438935	0.6667377423804355
0.16613174403684355	0.16733297570023833	0.6665352802629183
0.16682723824321452	0.1669650755814387	0.666207686175347
0.1666434634911302	0.1675254630118283	0.6658310734970416
0.16572320850984906	0.1675478983849001	0.6667288931052509
0.16583245012151115	0.16709847682833193	0.667069073050157
0.16571108161094872	0.16701003926631147	0.6672788791227399
0.1659794203843274	0.16704264337218847	0.6669779362434843
0.16670989793024163	0.1674194563005839	0.6658706457691745
0.165985223232508	0.1669011382629949	0.6671136385044972
0.16610297998424603	0.16771691280340822	0.6661801072123459
0.16690706195746935	0.16689068065802076	0.6662022573845101
0.16587792537553914	0.16729887960131667	0.6668231950231444
0.16651879606262568	0.167287904668167	0.6661932992692075
0.16621537600101594	0.16758748122017839	0.6661971427788058
0.16573121428347365	0.1673061015570123	0.6669626841595142
0.16651738479718275	0.16767143460857747	0.6658111805942399
0.16682678383225857	0.16694706650467755	0.666226149663064
0.16619957901160223	0.16665827179888787	0.66714214918951
0.16612083255693838	0.16717631586582418	0.6667028515772375
0.1661245019447052	0.16655336393089792	0.667322134124397
0.1668800472547219	0.1672427248173088	0.6658772279279694
0.1662833618285567	0.1674160317115394	0.666300606459904
0.16639550997570463	0.16725192143072173	0.6663525685935738
0.16625353030771714	0.16736727862041165	0.6663791910718713
0.1665122067951255	0.16692359011296198	0.6665642030919127
0.1663417975013452	0.16693455435437132	0.6667236481442835
0.16661531712575905	0.16752500526257935	0.6658596776116618
0.16657119300106	0.1678570435519921	0.665571763446948
0.1658314462069547	0.16726176657818387	0.6669067872148615
0.16672678127939666	0.16731983082033192	0.6659533879002715
0.16680920408968866	0.16686637122332731	0.6663244246869842
0.16625995893070256	0.16663629986200812	0.6671037412072894
0.16576519829335942	0.16691301284396648	0.6673217888626742
0.1662336373379819	0.1672495491377757	0.6665168135242425
0.16676956162369178	0.1668962113450088	0.6663342270312995
0.16586875323723055	0.16718153718587894	0.6669497095768906
0.1668930838157871	0.1667819433127985	0.6663249728714145
0.1658868771373828	0.16794537915194488	0.6661677437106724
0.16624535769123475	0.16731880191830886	0.6664358403904564
0.16613208221000342	0.1668132440211222	0.6670546737688745
0.16579685118265955	0.1678723848561583	0.6663307639611823
0.1668144531351851	0.1664900014471099	0.666695545417705
0.16693977198094095	0.16665504470916387	0.6664051833098953
0.16635875820385815	0.16692511073888	0.666716131057262
0.1669070151539362	0.1675213877640065	0.6655715970820575
0.16604275426283902	0.16693445420229586	0.6670227915348652
0.16683394907370083	0.16767134145788734	0.6654947094684119
0.16621339141511743	0.1664884827972662	0.6672981257876165
0.16659692747088603	0.16667676476967225	0.6667263077594419
0.16680469069753195	0.16681848627792525	0.6663768230245428
0.16643855301857785	0.1671188923128749	0.6664425546685473
0.16626617454677506	0.1665495904014595	0.6671842350517656
0.16572368626072384	0.16715387390084338	0.6671224398384329
0.1660657701831207	0.1675194111435138	0.6664148186733656
0.1668788829975948	0.16711635384888707	0.6660047631535182
0.16613633176459536	0.16733920916299516	0.6665244590724096
0.1665227850139403	0.1669300910458772	0.6665471239401826
0.16609890988070256	0.16746127021305723	0.6664398199062403
0.16619528132115305	0.16767750053739955	0.6661272181414475
0.16657188956259975	0.1672550562550255	0.6661730541823748
0.16579925592616077	0.16793506146851714	0.6662656826053222
0.16579756151571934	0.1678436577316974	0.6663587807525835
0.1658007091982851	0.16790331241174905	0.666295978389966
0.16597715790559092	0.1676048696311756	0.6664179724632335
0.1663105531255471	0.16796331011299492	0.6657261367614581
0.1666072209247525	0.1674456323984575	0.6659471466767901
0.1661717592301461	0.16772255238421271	0.6661056883856413
0.16626134534915815	0.16754585788259585	0.6661927967682462
0.16589677333038577	0.1679691501809189	0.6661340764886954
0.16582833700808697	0.16766127821099353	0.6665103847809195
0.1665210211726702	0.16724383193850417	0.6662351468888258
0.16693429338057392	0.1665240822855903	0.6665416243338359
0.16613744032557212	0.16722236034463883	0.6666401993297892
0.16634386468412665	0.1670641690944308	0.6665919662214426
0.1664829828541269	0.1669821778501638	0.6665348392957094
0.1664320966814063	0.16699202131616675	0.6665758820024271
0.1662804223658893	0.16653681041770513	0.6671827672164057
0.16574846084928352	0.16776903601433862	0.6664825031363779
0.16661480966070463	0.1672882139172306	0.666096976422065
0.16678365009347643	0.1674313215971191	0.6657850283094046
0.1668382161898731	0.16663606836035605	0.666525715449771
0.166051430711761	0.1665817694273194	0.6673667998609196
0.16600623946004786	0.16688832520746183	0.6671054353324904
0.16615867947234464	0.16648463878231	0.6673566817453455
0.16620844800587903	0.16747589690832654	0.6663156550857945
0.16586884092543436	0.16737416467314414	0.6667569944014217
0.16647609581643646	0.1666041278789873	0.6669197763045763
0.1660448826820268	0.16797141064503895	0.6659837066729344
0.16584457708085965	0.16756573392093735	0.6665896889982031
0.16677339396630467	0.16685411140629053	0.666372494627405
0.16665336724149707	0.16759599319437252	0.6657506395641305
0.16676084857900045	0.16760643259778935	0.6656327188232103
0.16695499995485602	0.16674818653297488	0.6662968135121692
0.16644860182094018	0.16706929035268192	0.6664821078263781
0.16596605761695493	0.16787264637479415	0.666161296008251
0.1666735180761911	0.16759293749305101	0.6657335444307579
0.16618175517332698	0.16761979674824823	0.6661984480784249
0.16651513327201833	0.167441803153694	0.6660430635742878
0.16630457843169916	0.167049004174057	0.6666464173942439
0.16590533250684375	0.16723419830859446	0.6668604691845619
0.1665155773822586	0.16714214129485538	0.6663422813228861
0.16617702720167982	0.16744489490629572	0.6663780778920245
0.1664820922496629	0.16766184129903705	0.6658560664513002
0.1661756151558929	0.1675927291177241	0.666231655726383
0.16638651171989072	0.1674440369480612	0.6661694513320482
0.16635116540203743	0.1674560504783829	0.6661927841195797
0.16685472507237661	0.16754735949436822	0.6655979154332553
0.16588425926565886	0.1671118506059644	0.6670038901283768
0.16585433904283628	0.16705593234195176	0.6670897286152121
0.16646697139798647	0.16716483698325596	0.6663681916187576
0.16596041317856713	0.16736049819230814	0.6666790886291248
0.16675591164919457	0.16722939503303752	0.666014693317768
0.1665189397905509	0.1674934893063947	0.6659875709030545
0.16684116855523337	0.16704100174312486	0.6661178297016419
0.16635700249720276	0.16649311537917516	0.6671498821236223
0.1665894942385093	0.1675955798263446	0.6658149259351462
0.16650581883178636	0.16789969561703746	0.6655944855511763
0.1661678136294901	0.16722418911748263	0.6666079972530274
0.1666939108570006	0.16783476783200096	0.6654713213109985
0.16581438995444858	0.16771109275381071	0.6664745172917408
0.1669112421888187	0.16674518038237693	0.6663435774288045
0.16618728333231192	0.1666495957408445	0.6671631209268436
0.1669367792691161	0.16662758206047745	0.6664356386704066
0.1658048597003192	0.16786398659545881	0.666331153704222
0.1662765745959266	0.16801614710213916	0.6657072783019344
0.16594784503289495	0.16719851774365513	0.6668536372234499
0.1660379229271317	0.16728946061014224	0.6666726164627261
0.16674140432786297	0.1668885125808231	0.6663700830913141
0.16618942591605768	0.1667700960187693	0.6670404780651731
0.1662294171043816	0.16729338063487742	0.6664772022607411
0.1667507076860522	0.16697825963441526	0.6662710326795327
0.1660568679623774	0.16664526614860947	0.6672978658890132
0.16634885736727723	0.16792937240303224	0.6657217702296907
0.16627193136926544	0.16729817175384665	0.666429896876888
0.1666482036982656	0.1665327675835887	0.6668190287181459
0.16652345169174648	0.16766751175542077	0.6658090365528329
0.1667365716492511	0.16650037245025598	0.666763055900493
0.16579999432770665	0.1677861426157093	0.6664138630565841
0.1660396545146811	0.16746574239162132	0.6664946030936977
0.16615439459429357	0.16768529609117666	0.6661603093145299
0.16580676093775704	0.16729136762686125	0.6669018714353818
0.16670093328420416	0.1670642837243998	0.6662347829913962
0.16608634581412987	0.16715680869394406	0.6667568454919262
0.16622475188615327	0.1675764162708387	0.6661988318430081
0.16621387249996564	0.16777219141805447	0.66601393608198
0.16627095309232195	0.16745257661879165	0.6662764702888866
0.16588775733706382	0.1669186947219616	0.6671935479409747
0.1663603353591197	0.1672902224612598	0.6663494421796206
0.16587346717092977	0.1677417507410061	0.6663847820880642
0.16609035958349705	0.16696829710767142	0.6669413433088316
0.1663490314579896	0.1673078266620121	0.6663431418799984
0.16596728412039877	0.16739711850528025	0.6666355973743211
0.1663801473847327	0.1674160623773347	0.6662037902379327
0.16639267969902288	0.16704632196869995	0.6665609983322773
0.16618361471465262	0.16648711690815132	0.6673292683771962
0.16642062502004615	0.16679291767950669	0.6667864573004473
0.16619978042971895	0.1668438108111077	0.6669564087591735
0.16686197361833005	0.1674984306881236	0.6656395956935465
0.16617965586870462	0.16659948968610425	0.6672208544451912
0.1663133655732968	0.1666129726140508	0.6670736618126525
0.16629289609292	0.16777296463525798	0.6659341392718221
0.16598062478869202	0.1676659552045941	0.666353420006714
0.16617978453481225	0.16800537077645056	0.6658148446887373
0.1664714415081447	0.16684561688702865	0.6666829416048268
0.16609819927946745	0.16699623727195687	0.6669055634485759
0.1668748863067878	0.1676499677054815	0.6654751459877308
0.16655758626617861	0.166596265140192	0.6668461485936295
0.16572193195888668	0.16696404767694822	0.6673140203641652
0.16684502422054484	0.1670810279071433	0.6660739478723119
0.16582328102515526	0.16770600891896104	0.6664707100558838
0.16600594707587135	0.1669647835799195	0.6670292693442093
0.16668963615885224	0.1673640796462763	0.6659462841948716
0.16673136764284752	0.16700544370372533	0.6662631886534273
0.1662270950037672	0.16797938598404427	0.6657935190121886
0.16659271203171966	0.16744773167602273	0.6659595562922578
0.16603684301306312	0.16746572862614562	0.6664974283607914
0.1660615222576289	0.16720111385722897	0.6667373638851422
0.16655678354043316	0.1670893697567566	0.6663538467028104
0.16660307766373258	0.16764267033498298	0.6657542520012846
0.16593711893571778	0.1674405280141366	0.6666223530501457
0.16617798953061552	0.16649125946637375	0.6673307510030109
0.16594948144482355	0.1674335714170465	0.6666169471381301
0.16618315006497703	0.16689100307533594	0.6669258468596871
0.16612631510067566	0.16652232248242935	0.6673513624168952
0.1668634228093118	0.16765451010866372	0.6654820670820246
0.16643182513496704	0.167808337024838	0.6657598378401951
0.16631682197315073	0.16784870907221955	0.6658344689546298
0.16640388244049714	0.16796942740087956	0.6656266901586234
0.16586811544805546	0.16770162710182107	0.6664302574501235
0.16673148500824483	0.1678300237547874	0.665438491236968
0.16572062105836174	0.16733059541696876	0.6669487835246697
0.1663726511989146	0.16792013757156293	0.6657072112295226
0.16649249942830763	0.1672597877629323	0.6662477128087603
0.16606208519338234	0.16688754342644702	0.6670503713801708
0.16627428444990472	0.1669093405402196	0.6668163750098758
0.16688518431161242	0.16663165708518202	0.6664831586032057
0.1657923366067562	0.16682553356333257	0.6673821298299114
0.16647699116234652	0.16724693143644634	0.6662760774012073
0.16598368331249258	0.16761697645639262	0.6663993402311149
0.16693392947433305	0.16721451466030107	0.665851555865366
0.16655098566922263	0.1670461918117434	0.6664028225190342
0.166239795014543	0.16689617204431947	0.6668640329411377
0.16685122558108179	0.16673628859342265	0.6664124858254956
0.16594693422397902	0.16749034778255062	0.6665627179934706
0.1666081859249975	0.1665834361258176	0.666808377949185
0.16592868645887793	0.16794838663286474	0.6661229269082574
0.166130444524509	0.16693946065993426	0.6669300948155569
0.16665810394978114	0.16735050546767272	0.6659913905825463
0.16592959466198032	0.16798965445698588	0.6660807508810339
0.16572688801640753	0.16787485636118377	0.6663982556224088
0.16637706617795048	0.16745213165761955	0.6661708021644301
0.16583109215191394	0.1672172161984247	0.6669516916496614
0.16596550134115187	0.16663177956480063	0.6674027190940477
0.16614355544953985	0.16782950553713008	0.6660269390133302
0.1657371321252003	0.1673771206945554	0.6668857471802444
0.16630726597125384	0.16743455146516736	0.6662581825635789
0.16611335648965736	0.16723215552921117	0.6666544879811316
0.16598019125492655	0.1667627702683085	0.6672570384767651
0.16670761192271072	0.1665484287165524	0.6667439593607369
0.16683029976762898	0.1670464225241523	0.6661232777082189
0.1668851459138195	0.16651894773939702	0.6665959063467837
0.16580816767109133	0.1672307295629998	0.666961102765909
0.16659641315753004	0.16774859129267516	0.6656549955497948
0.16617709377952034	0.1679648805784547	0.665858025642025
0.16658634422717444	0.16748853564942834	0.6659251201233973
0.16640731161444694	0.16780911092118683	0.6657835774643663
0.1661945020990882	0.16732651032998788	0.666478987570924
0.16622819627080615	0.1678432611825857	0.6659285425466083
0.1663864555293057	0.16779012536390336	0.6658234191067911
0.16657121935086205	0.16659053980489624	0.6668382408442418
0.1666438011822292	0.16698272041679063	0.6663734784009803
0.16660961961851556	0.16784613324496203	0.6655442471365225
0.1658256638030769	0.16797898299309916	0.6661953532038241
0.16627181714940276	0.1679332604560993	0.6657949223944981
0.16605191630013846	0.16724818831497534	0.6666998953848863
0.1665882417771084	0.16790159609130612	0.6655101621315856
0.1659728950875404	0.1679121490807196	0.6661149558317401
0.1667525958379694	0.1668525629152164	0.6663948412468144
0.16663970234543113	0.1673163016599838	0.6660439959945852
0.16573303697268632	0.1670124161840373	0.6672545468432765
0.1662783196247125	0.16673266111424978	0.6669890192610378
0.16587871006319332	0.1673380592206481	0.6667832307161587
0.1664253330976203	0.16665434805912838	0.6669203188432514
0.166922412248241	0.16699896134560116	0.6660786264061579
0.16602015791815913	0.16769673798207235	0.6662831040997685
0.16691381501229996	0.1666511629027782	0.666435022084922
0.16614622494166081	0.16732059400787747	0.6665331810504619
0.16688327033518047	0.16701569082751572	0.6661010388373039
0.16613856850755498	0.1665954642752624	0.6672659672171828
0.16684516746423214	0.16659515014197665	0.6665596823937914
0.16671460041375172	0.16732156008445298	0.6659638395017954
0.16684753822768633	0.1668830982416644	0.6662693635306494
0.16658268030622408	0.1673631821529594	0.6660541375408167
0.1668063068732853	0.16754053964770776	0.6656531534790071
0.1664957701386204	0.1679017446146734	0.6656024852467063
0.1658184263799667	0.16766034659054868	0.6665212270294847
0.16695438069373764	0.16723171863747965	0.6658139006687829
0.16579097502608273	0.16699063718088625	0.6672183877930311
0.16611929407501233	0.16739144100022302	0.6664892649247648
0.16677214933013024	0.16749710305237625	0.6657307476174936
0.16670184631960613	0.16686319797213872	0.6664349557082553
0.16587833995451906	0.16741987292889032	0.6667017871165908
0.16661636358320053	0.16669403028702667	0.6666896061297729
0.16614212172234538	0.167609123716158	0.6662487545614968
0.1661930702180493	0.16789141304775881	0.665915516734192
0.16582002886829383	0.1675481851751278	0.6666317859565785
0.16621347514773382	0.16703060876836057	0.6667559160839057
0.16655848520304167	0.16801455474508747	0.665426960051871
0.16676425420167945	0.16708943361700673	0.6661463121813139
0.16657093519131383	0.16762907638769114	0.6657999884209951
0.1668858563071396	0.16715378541189593	0.6659603582809646
0.16640391252822237	0.16784498408063186	0.6657511033911458
0.16632677103352883	0.16673042475142552	0.6669428042150458
0.16642590840264093	0.16724521493797062	0.6663288766593886
0.16693595676718004	0.1668416133669627	0.6662224298658574
0.16688268028378928	0.16719629557605192	0.665921024140159
0.16592071448386314	0.16778520722239593	0.666294078293741
0.1659508978772391	0.16695135318207055	0.6670977489406904
0.1659139588778837	0.16744675503529238	0.666639286086824
0.16665651805113207	0.16715483393495986	0.6661886480139081
0.1661401705019903	0.16750561219533008	0.6663542173026797
0.16683494156709233	0.16730574850843782	0.6658593099244701
0.16645402916262222	0.1668237326975574	0.6667222381398205
0.16639032271397947	0.16705654836916728	0.6665531289168534
0.16609915866455696	0.16766294695598755	0.6662378943794556
0.16635850760326915	0.16799304710355425	0.6656484452931768
0.16681949945175334	0.1675540985566038	0.6656264019916429
0.16608584498873838	0.1679952342660673	0.6659189207451944
0.16686650620713941	0.16691185732294672	0.6662216364699141
0.16635656956623257	0.16713088747024957	0.666512542963518
0.16579487279918068	0.1673340345127634	0.6668710926880561
0.1661370669086777	0.16761018304479203	0.6662527500465304
0.16572109512988573	0.16797496661171962	0.6663039382583947
0.16586428854458005	0.16715830449768415	0.6669774069577359
0.16580230015608688	0.1680130341301052	0.6661846657138081
0.16671225977954754	0.16775919328048713	0.6655285469399654
0.1660964232360294	0.16761146232749463	0.6662921144364761
0.16572475615736643	0.16729673823883812	0.6669785056037956
0.16628036700207338	0.16713266895798345	0.6665869640399433
0.1661831902945659	0.16669114525695272	0.6671256644484815
0.16578195081533925	0.16750732047593764	0.6667107287087233
0.16679732615810408	0.16670347944152725	0.6664991944003688
0.1666738590787837	0.16648933597570303	0.6668368049455133
0.16601974156910826	0.16794003964578072	0.6660402187851111
0.16575013584046555	0.1678128537620434	0.6664370103974911
0.16683345254244208	0.167275490543695	0.665891056913863
0.16636409645543737	0.16710522877039852	0.6665306747741643
0.16673428248273012	0.16781010007799652	0.6654556174392735
0.1659707056711309	0.16686577485475645	0.6671635194741128
0.16635335313198674	0.16664714397857705	0.6669995028894363
0.16618391618221123	0.167451776854729	0.6663643069630598
0.16593769868572683	0.1675575378759786	0.6665047634382948
0.16694093478200273	0.1674530208867205	0.6656060443312769
0.1666626244095762	0.16652661861035423	0.6668107569800696
0.16633533864545694	0.1667965007177299	0.6668681606368133
0.16671873064929094	0.166814266888829	0.6664670024618802
0.16575848101533033	0.16757794412759125	0.6666635748570786
0.16614799414384768	0.1665443401892676	0.6673076656668848
0.1657704984995107	0.16696914757024356	0.6672603539302459
0.16681384244930497	0.16768985120459817	0.665496306346097
0.16601420271121653	0.16714268729525383	0.6668431099935297
0.1659799964980552	0.1674976527272593	0.6665223507746856
0.16596251667802295	0.16755603937126765	0.6664814439507095
0.16653176615623075	0.1677357235207131	0.6657325103230562
0.166153056795394	0.1669830858954776	0.6668638573091284
0.16694266055248635	0.16652966944069086	0.666527670006823
0.1662908628472082	0.1675643948188426	0.6661447423339493
0.16676453947165448	0.16699477109477356	0.6662406894335722
0.16693231337813233	0.16660783628783507	0.6664598503340328
0.16571392721091072	0.16742280444233948	0.6668632683467499
0.16600770233427986	0.16792039736507763	0.6660719003006427
0.16673303654543292	0.16692836210730266	0.6663386013472645
0.1663850662159246	0.16679726043568682	0.6668176733483886
0.1666577327481455	0.16680558443032278	0.6665366828215318
0.1657600148625295	0.16719734782407386	0.6670426373133967
0.1664065048447022	0.166646101274918	0.6669473938803799
0.16657685371016734	0.16776018157941913	0.6656629647104136
0.1668646644366818	0.1674628521612047	0.6656724834021137
0.16582234280858643	0.16693718468236823	0.6672404725090455
0.16638130399768566	0.16697264300959408	0.6666460529927204
0.1668673416596986	0.16667331104498562	0.6664593472953159
0.16590249691103987	0.16691274523616814	0.6671847578527921
0.166577517762538	0.1672638774322519	0.6661586048052102
0.16633371330946128	0.1670174922443559	0.666648794446183
0.16604033461298368	0.16686706487717365	0.6670926005098428
0.16621485439147685	0.16656319936191286	0.6672219462466105
0.16672454466724873	0.16696895844011111	0.6663064968926402
0.16608519484493128	0.16749981870269065	0.6664149864523783
0.1668908067478044	0.16674126908676745	0.6663679241654282
0.16602630934390758	0.167547879308737	0.6664258113473556
0.16653630668807753	0.16754506714726514	0.6659186261646575
0.1665805549023238	0.16762509013890126	0.665794354958775
0.16676936066788017	0.1666402238490502	0.6665904154830697
0.1658568458393446	0.1676608230984984	0.6664823310621572
0.16683363277766147	0.16768942434584705	0.6654769428764915
0.16673041302533007	0.16723776877406427	0.6660318182006058
0.1668521473891827	0.1671912918553533	0.6659565607554642
0.16583039811939332	0.16686085120516217	0.6673087506754447
0.1660561367709862	0.1680045569201123	0.6659393063089016
0.16611827449259603	0.1678447589326359	0.6660369665747682
0.16607094056263821	0.166924340500579	0.6670047189367829
0.16615742580561782	0.1664859048392662	0.6673566693551161
0.16591183709107082	0.16726738256569162	0.6668207803432378
0.16685564886094903	0.1666274150255946	0.6665169361134564
0.16593275071290903	0.1668074312008669	0.6672598180862241
0.16693207060793186	0.166708475751669	0.6663594536403993
0.16676782607167095	0.16688516149678595	0.6663470124315432
0.1667481540844859	0.16694844425896788	0.6663034016565463
0.166684040728268	0.16765352108325882	0.6656624381884733
0.16618978205655185	0.16790441468668116	0.6659058032567671
0.1658347196311377	0.16793322842887773	0.6662320519399847
0.16676781401473706	0.16727932349565128	0.6659528624896118
0.16630503539443553	0.16678996537986973	0.6669049992256948
0.1657630791448595	0.16777099744816526	0.6664659234069754
0.1659399172673549	0.16692480723309963	0.6671352754995455
0.16639783681152692	0.16656021731086612	0.6670419458776071
0.16641562021882872	0.16678180897876205	0.6668025708024095
0.1661880094596303	0.167206090208985	0.6666059003313849
0.16664699233441083	0.16659577015410348	0.6667572375114859
0.16616567602222349	0.1672666555898693	0.6665676683879074
0.16694977449000897	0.16694426316000366	0.6661059623499874
0.16628818425379158	0.16786213644991754	0.665849679296291
0.16591095862239044	0.1671831202006671	0.6669059211769426
0.1657685520388986	0.16755039997228344	0.6666810479888181
0.16614073307559318	0.1679654068095825	0.6658938601148244
0.16649345433813678	0.1674592912227747	0.6660472544390887
0.16687052890926446	0.16711934855713745	0.6660101225335981
0.16655490435682452	0.16733827803231638	0.6661068176108592
0.16644791022710514	0.16691299957567435	0.6666390901972206
0.16604964464933702	0.1673668276882745	0.6665835276623886
0.16654911474238912	0.16669419883861838	0.6667566864189927
0.16619395808996068	0.16796096272053815	0.6658450791895013
0.1668556409299788	0.16684072717684753	0.6663036318931738
0.16675215728721032	0.16668700533223757	0.6665608373805523
0.16693604082165345	0.16683120434448584	0.6662327548338609
0.16594140438941474	0.16673919467005982	0.6673194009405256
0.16588768067422244	0.16791309004842223	0.6661992292773554
0.1664088197360608	0.16694329332308475	0.6666478869408545
0.166086498436327	0.16718646182946492	0.6667270397342082
0.16677585565179273	0.16760551814818547	0.6656186262000219
0.16634893086924477	0.16786597722814478	0.6657850919026106
0.16640477353518726	0.16728508049954013	0.6663101459652727
0.16624193267080137	0.16715777955930172	0.666600287769897
0.16632837655181418	0.16746188434549134	0.6662097391026947
0.16694380130871406	0.16737271135160142	0.6656834873396846
0.16642929633453551	0.1673565766337669	0.6662141270316977
0.1663874436726377	0.16710479822692897	0.6665077581004335
0.16649180683667464	0.1677569580129017	0.6657512351504238
0.16624349657478552	0.16722950577678064	0.6665269976484339
0.16605666889250711	0.16761504719172637	0.6663282839157667
0.16596397819943323	0.16738108308207733	0.6666549387184896
0.16633203151516962	0.1669958094813466	0.6666721590034839
0.16576369754970513	0.1671836921063602	0.6670526103439348
0.1657847728296554	0.16762707078020417	0.6665881563901406
0.1668083908833366	0.16749368925300254	0.665697919863661
0.16676594445371845	0.16746357833958647	0.6657704772066952
0.166700326743703	0.1670619294190231	0.666237743837274
0.16584573094197394	0.1679692290068551	0.6661850400511711
0.16619410493687897	0.16671822985663864	0.6670876652064825
0.16659514663492553	0.1669812467542383	0.6664236066108362
0.16618003794917235	0.16796988447007638	0.6658500775807514
0.16672787637094913	0.1671801010618122	0.6660920225672389
0.16694703967680935	0.16701176573164872	0.666041194591542
0.16635752186033645	0.1674575563352645	0.6661849218043991
0.16629103111384555	0.16763134834141633	0.6660776205447383
0.16660356729189918	0.16776803507043275	0.6656283976376682
0.1664389531311994	0.1666401050487995	0.6669209418200012
0.16654769809499148	0.16778319460863533	0.6656691072963733
0.16671161633966886	0.16712448864502538	0.6661638950153059
0.16574897137776506	0.16776075305971713	0.6664902755625179
0.16613611191209035	0.16754309378419274	0.666320794303717
0.16676682145879046	0.1673312135790936	0.6659019649621161
0.16587472456615018	0.16741754343929077	0.6667077319945591
0.16588839790719867	0.16696939705779507	0.6671422050350064
0.1661529233316642	0.16741846280873215	0.6664286138596038
0.1666644123274778	0.16659161107136622	0.666743976601156
0.16588133341120787	0.16711561259034785	0.6670030539984444
0.16619641008385366	0.16714597635353184	0.6666576135626145
0.16685060828152126	0.16656340410921963	0.6665859876092592
0.16641793583301595	0.16701075767115153	0.6665713064958327
0.16657099169996428	0.16756502988423524	0.6658639784158006
0.16651684082907503	0.16678840928180644	0.6666947498891186
0.1659325567096658	0.1673860021542684	0.6666814411360659
0.16685897402946503	0.16658547184804112	0.6665555541224939
0.1657779301999256	0.16798988080184576	0.6662321889982288
0.1661893210598839	0.16718975158107857	0.6666209273590377
0.16689699711596417	0.1667430011398528	0.6663600017441831
0.16622066051739717	0.16654637206989414	0.6672329674127089
0.16694845943168313	0.16681401438631255	0.6662375261820045
0.16648943004834932	0.16712318793544245	0.6663873820162083
0.16600656901765792	0.16722414691005086	0.6667692840722913
0.1658298322368296	0.1668921178735141	0.6672780498896564
0.16593580809731487	0.16709935166571988	0.6669648402369655
0.16656189632946536	0.1670096708065923	0.6664284328639425
0.16677040225011946	0.16666422028427208	0.6665653774656085
0.16603029248809392	0.16675033141846707	0.6672193760934391
0.16607045157191913	0.16750193740937586	0.6664276110187052
0.1665437003103582	0.1667619315079154	0.6666943681817266
0.16685659683461976	0.16694267744204067	0.6662007257233397
0.16603998116186572	0.16752322212511678	0.6664367967130176
0.16664135346911726	0.1666325978199344	0.6667260487109485
0.16666156811137856	0.16695436486858345	0.666384067020038
0.16644184665020226	0.16754733577568498	0.6660108175741128
0.16592528228258452	0.16705349785406204	0.6670212198633536
0.16624853012080584	0.16739653500640603	0.6663549348727882
0.1661842303201845	0.16789539456326347	0.6659203751165521
0.16648891781624553	0.16757890801523237	0.6659321741685222
0.16631116434716348	0.16744603756138995	0.6662427980914467
0.16621295010724108	0.16796908483465178	0.6658179650581073
0.1660268445031851	0.16772036068829663	0.6662527948085184
0.16642908536767045	0.16657194254024235	0.6669989720920874
0.16624147086699015	0.16710940218855852	0.6666491269444514
0.16639385767481796	0.16668744441305816	0.666918697912124
0.1665871895462229	0.16795763782043419	0.6654551726333431
0.16695273489508028	0.16760044982267266	0.6654468152822473
0.1664706640838365	0.16791650643262715	0.6656128294835364
0.16612319171615092	0.1676514296525245	0.6662253786313247
0.16661926059115373	0.16773466160654377	0.6656460778023027
0.16611066624206264	0.16764795391561557	0.6662413798423219
0.1665562951060308	0.16651210236555722	0.6669316025284121
0.1665033200732587	0.16703000302308588	0.6664666769036556
0.16601110497948493	0.16735695995166083	0.6666319350688544
0.16580462848277053	0.16715740685761668	0.667037964659613
0.16590064504823285	0.16743704291611403	0.6666623120356532
0.16644598962804813	0.1669358864483208	0.6666181239236313
0.16669613953866574	0.16726521316828105	0.6660386472930533
0.16578831950256817	0.1673876625080608	0.6668240179893711
0.1661443391575172	0.1669724727806233	0.6668831880618596
0.16649676206927458	0.16693758964752933	0.6665656482831962
0.16626932913942843	0.1678412588155816	0.6658894120449901
0.16685962543326202	0.16717707989810004	0.665963294668638
0.16609819377320548	0.16692733715883845	0.6669744690679562
0.16624858241077634	0.1678669916090298	0.665884425980194
0.16686197838841133	0.1673510557501368	0.6657869658614519
0.16622033192904773	0.16759954768102842	0.666180120389924
0.16665135934717176	0.16682309187629263	0.6665255487765358
0.16585471391768386	0.16737773526306238	0.6667675508192539
0.16656834502818538	0.1673211091493798	0.666110545822435
0.1660288405869197	0.1666359248174598	0.6673352345956206
0.16663565228751379	0.16679515467021394	0.6665691930422724
0.16628382806501396	0.16665588084571448	0.6670602910892717
0.16597217989763052	0.1674352564202179	0.6665925636821517
0.16628833060907944	0.16721219564092665	0.6664994737499941
0.16600028213053653	0.16702342967697784	0.6669762881924858
0.16670018693945426	0.1678130357921222	0.6654867772684236
0.16629751518338315	0.16677884080572478	0.6669236440108922
0.1667624298261685	0.1674332999682771	0.6658042702055545
0.1668764157339648	0.16719163381511135	0.665931950450924
0.16575394414724717	0.16791572310034056	0.6663303327524124
0.1664893467240887	0.16738978315965153	0.66612087011626
0.16668017300214666	0.16713770743407907	0.6661821195637745
0.16590347182509896	0.16708664560724124	0.6670098825676599
0.1666877257743657	0.1665449740236697	0.6667673002019647
0.16690343358693868	0.16732037092529908	0.6657761954877623
0.16677336838965778	0.16772230804997007	0.6655043235603724
0.16668270072735325	0.16672931616031678	0.66658798311233
0.16620505970000166	0.16781945218976285	0.6659754881102355
0.16632342082160653	0.16723186006057278	0.6664447191178209
0.16683986739847176	0.16735781008580952	0.6658023225157188
0.16598792687634747	0.16797258530053216	0.6660394878231205
0.16607769993333363	0.16657457097232314	0.6673477290943434
0.16591072754368574	0.1674082734594478	0.6666809989968665
0.1669479641487964	0.16695117520782482	0.6661008606433789
0.1660132106934234	0.16717973376037967	0.6668070555461971
0.1658901493881606	0.16761323103912354	0.666496619572716
0.16664522791589076	0.1678550861994644	0.6654996858846449
0.1667005775571182	0.1668341411580201	0.6664652812848618
0.16661779222235507	0.1667875892409382	0.6665946185367069
0.16573084946836059	0.16747482502323338	0.6667943255084061
0.16685765285317083	0.16726477108606438	0.6658775760607649
0.1668873962396264	0.16682268369296935	0.6662899200674044
0.16644385173524	0.16669340668969646	0.6668627415750636
0.1657219430830955	0.16687038551215877	0.6674076714047459
0.16664069448444088	0.1673299990839951	0.6660293064315641
0.16579611841198294	0.16742660492956485	0.6667772766584523
0.1669076559186042	0.16670826320778026	0.6663840808736157
0.16594609579784567	0.1666447337902422	0.6674091704119123
0.16615989205234027	0.16736149189343935	0.6664786160542204
0.1668786648285594	0.16714273393903809	0.6659786012324027
0.1658972483949754	0.16760017217106377	0.666502579433961
0.16669341398693763	0.16682324689642836	0.6664833391166342
0.1669126472768903	0.16759863516439788	0.665488717558712
0.16605502263137287	0.1678905820334712	0.6660543953351561
0.16663502819424883	0.1667185028470628	0.6666464689586885
0.16579389309452813	0.1674061146476178	0.6667999922578541
0.16617860136824886	0.1670474968710411	0.6667739017607102
0.1660682624617081	0.1665767102637951	0.6673550272744968
0.16620964166383517	0.16680052374282717	0.6669898345933378
0.16690748899609306	0.16704532232630287	0.6660471886776042
0.16689950127345454	0.16715574051013793	0.6659447582164076
0.1664188562277697	0.16650499997399515	0.6670761437982353
0.1662463907308907	0.16800713322323996	0.6657464760458696
0.16649950612366216	0.16674524147183004	0.666755252404508
0.1662063484137748	0.16797485533517081	0.6658187962510546
0.16576298164782144	0.1673820392529629	0.6668549790992158
0.16650041150386918	0.16689293599878346	0.6666066524973475
0.16597487429597707	0.16786609123516508	0.6661590344688579
0.166242043462244	0.16661201240759538	0.6671459441301607
0.1665996710928514	0.166654992746247	0.6667453361609017
0.16664067652910963	0.16672430146239528	0.6666350220084951
0.16677157412880494	0.1677636064219275	0.6654648194492676
0.16619368131306378	0.16660682806458868	0.6671994906223477
0.16582060414878458	0.16691199864595557	0.6672673972052598
0.1665160959267667	0.16666634444158862	0.6668175596316448
0.16624382393748438	0.16748297688130293	0.6662731991812129
0.1659968761509898	0.16765467980764054	0.6663484440413698
0.16626902014103043	0.16699251600584641	0.6667384638531233
0.1657520953115644	0.16686238413785062	0.6673855205505851
0.16604225150766047	0.16758318363493208	0.6663745648574075
0.166284195110676	0.16720842287606574	0.6665073820132584
0.16646556346108565	0.16672171304847294	0.6668127234904415
0.1662689364783	0.16692299144765743	0.6668080720740427
0.16612439968181741	0.16723074464134402	0.6666448556768386
0.16686504947381908	0.16724543742740733	0.6658895130987736
0.16695318051160585	0.16674887771144623	0.6662979417769481
0.16623458826195472	0.16713353433074285	0.6666318774073026
0.1666881733033445	0.16701822226227903	0.6662936044343766
0.16636847593517623	0.1679803003198395	0.6656512237449844
0.1663973535439932	0.1679227012844716	0.6656799451715353
0.16626025544850132	0.16802683743550312	0.6657129071159957
0.16658004462112444	0.1674778958927938	0.6659420594860819
0.166915013374483	0.1675388053695117	0.6655461812560054
0.1660907420671563	0.16691342162573725	0.6669958363071066
0.1668205226598094	0.16705362489436895	0.6661258524458218
0.1664854712049447	0.16657750082750605	0.6669370279675494
0.16606917191664858	0.16687425078283918	0.6670565773005124
0.16587556052574684	0.16676542757913432	0.6673590118951189
0.1665374690277855	0.1673463709442219	0.6661161600279928
0.16642051046990253	0.16764570629703085	0.6659337832330667
0.16659324312182985	0.16725803649385468	0.6661487203843155
0.16663019636891654	0.1674830541814067	0.665886749449677
0.16614473793046147	0.16795010692054796	0.6659051551489907
0.16673375024862266	0.167495814848063	0.6657704349033144
0.16651802239080604	0.1675219707238264	0.6659600068853677
0.16648129602037623	0.16668797939316626	0.6668307245864576
0.16633880471500478	0.16736020924279726	0.666300986042198
0.16612221685257755	0.16696076019290634	0.6669170229545163
0.16686308485206897	0.16754600591732116	0.66559090923061
0.16599767094248397	0.16789564577196267	0.6661066832855534
0.1657784530207011	0.16736546621875253	0.6668560807605466
0.16608993969276759	0.1677143329936768	0.6661957273135557
0.16654687140119145	0.16724032642943898	0.6662128021693696
0.16692036879662925	0.16665933303029123	0.6664202981730797
0.16646467361108935	0.16740634338239674	0.666128983006514
0.16623835578344162	0.16747199892089928	0.6662896452956593
0.16684894437378636	0.16652666726557339	0.6666243883606404
0.16650609999619487	0.167410978999392	0.6660829210044132
0.16623543140679142	0.16762223590633676	0.6661423326868718
0.1667402893349644	0.16704390005106345	0.6662158106139722
0.1669206007285349	0.167126297729275	0.6659531015421902
0.1660103044481372	0.16737188196444303	0.6666178135874199
0.1659210388807454	0.16767889319548562	0.6664000679237692
0.16628710853858314	0.16801409446526422	0.6656987969961528
0.16637034581798785	0.16693183074929907	0.6666978234327132
0.1657888126755196	0.16695158630634355	0.667259601018137
0.16607037167849528	0.16699280369656266	0.6669368246249421
0.1663381824417102	0.16784981912692865	0.6658119984313613
0.16660149029159857	0.1668557330501853	0.6665427766582163
0.16654771217028597	0.1667320090418396	0.6667202787878745
0.16636768652653058	0.1667253061553255	0.666907007318144
0.1660037836887167	0.1666819883950225	0.6673142279162609
0.1662945953996708	0.1666536222291778	0.6670517823711515
0.16625179215671376	0.1671058723160184	0.6666423355272679
0.1657407009884606	0.16783916759844664	0.6664201314130929
0.1668051612287401	0.1668729210140052	0.6663219177572548
0.16629783406753085	0.1666838623823127	0.6670183035501566
0.16649049651880837	0.16735118911696145	0.6661583143642302
0.16594297408482817	0.16738507032621575	0.6666719555889562
0.16633141952873867	0.16677588218869172	0.6668926982825697
0.16677141077911262	0.16685478543761317	0.6663738037832743
0.16661144844235096	0.16770087186153748	0.6656876796961116
0.16658497417924414	0.16783680231162884	0.6655782235091272
0.16576426760245117	0.16686580769601408	0.6673699247015348
0.16690291891351705	0.16705825465111834	0.6660388264353647
0.1663164326670625	0.16755601495422612	0.6661275523787116
0.16676256566741365	0.16669570930110397	0.6665417250314825
0.16574428837040894	0.16686721291219703	0.6673884987173941
0.16656703900368186	0.16679929739294636	0.6666336636033718
0.16583035969898474	0.1678154464769237	0.6663541938240917
0.16574625917935576	0.16746545213962444	0.6667882886810199
0.16620601932661738	0.16695232299023743	0.6668416576831453
0.16662596458324933	0.16744742350380304	0.6659266119129478
0.16614856120906496	0.16779056778671375	0.6660608710042215
0.1657381535996002	0.16723355455978223	0.6670282918406176
0.16583354568919506	0.16713354735632444	0.6670329069544807
0.1662163807967772	0.16733233469766312	0.6664512845055598
0.1657897865928081	0.16699601451550194	0.66721419889169
0.165922545695732	0.16677698956089432	0.6673004647433738
0.16571127481333003	0.16789289998667045	0.6663958251999996
0.16652818727844693	0.16684674676982417	0.666625065951729
0.16654403646550925	0.166714880068799	0.6667410834656919
0.16618766783694	0.16754024926671868	0.6662720828963414
0.16658781758883906	0.16678413901063943	0.6666280434005216
0.16655989170349056	0.16663952108024332	0.6668005872162662
0.16650204658814954	0.16794800139024563	0.6655499520216049
0.16649827553976074	0.1676216287313666	0.6658800957288729
0.16633310248354435	0.16672778189191229	0.6669391156245434
0.16637137492958848	0.1665715240739411	0.6670571009964705
0.16641107453238216	0.16727946038021035	0.6663094650874076
0.1664090600469369	0.1673447862231156	0.6662461537299476
0.1665005475934375	0.1675102345559515	0.6659892178506112
0.16581352405476057	0.1674391033186967	0.6667473726265429
0.16658055111328	0.16664466285577298	0.6667747860309472
0.16584168580461103	0.16707307360670443	0.6670852405886847
0.166549982926208	0.16746759625689467	0.6659824208168974
0.1659503642989993	0.16800567239285435	0.6660439633081465
0.16632359018215973	0.16790840756266395	0.6657680022551764
0.16675786802975395	0.16704102230988993	0.6662011096603562
0.16590021164866475	0.16781044066626305	0.6662893476850723
0.16660101039732197	0.1672001368859574	0.6661988527167207
0.16571729065424345	0.1671903453016565	0.6670923640441002
0.16593153351152423	0.16710940570245705	0.6669590607860189
0.16682465656333653	0.16736144149859444	0.6658139019380691
0.16618633963092802	0.16667789212052736	0.6671357682485448
0.16685308701776516	0.16752590650457683	0.6656210064776581
0.16583738452431962	0.16675414560221857	0.6674084698734619
0.16675220676099434	0.166565367224481	0.6666824260145248
0.1657487353096026	0.1671979376060464	0.6670533270843512
0.1660455856782287	0.16703456646443346	0.6669198478573379
0.1665807043786924	0.16703061623852977	0.666388679382778
0.16617425876174202	0.1671032416019711	0.666722499636287
0.1662704846388166	0.16666700445955007	0.6670625109016335
0.16629740474178367	0.16671959289694538	0.6669830023612711
0.1667005955081416	0.16654365882675842	0.6667557456651001
0.16591695806933654	0.16785695680139712	0.6662260851292665
0.16659450800408043	0.1678048720404942	0.6656006199554254
0.16610855709009076	0.16715096133007218	0.6667404815798372
0.16573466578083568	0.1673372906303386	0.6669280435888258
0.16676296368012572	0.16648200287249598	0.6667550334473784
0.1667259580710173	0.16759380589663134	0.6656802360323515
0.1664950269693289	0.1674802692546104	0.6660247037760607
0.16579937648961093	0.16784968974613768	0.6663509337642515
0.16642676665470793	0.16779256156850336	0.6657806717767889
0.16601761696887465	0.16725253852174643	0.666729844509379
0.16605301184597643	0.16664916486322656	0.6672978232907971
0.16573508265257791	0.1677111689117332	0.6665537484356889
0.16579374592565282	0.16767462906838856	0.6665316250059587
0.16681299065035382	0.16715171114395683	0.6660352982056894
0.16586171873722724	0.1679421368929255	0.6661961443698474
0.16678973267582548	0.16668629979906818	0.6665239675251065
0.16623103470887082	0.16677732620629637	0.6669916390848329
0.16642734324269948	0.16748599801979713	0.6660866587375035
0.16591475235539827	0.16735165752540304	0.6667335901191989
0.16647215759688785	0.16758151073476346	0.6659463316683488
0.16578864340943225	0.1668559889834677	0.6673553676071001
0.16605237414509355	0.1673273677458059	0.6666202581091006
0.1664865638334756	0.16755622533100709	0.6659572108355174
0.16595741646389614	0.16674132131696556	0.6673012622191384
0.16667774295018892	0.16679117483663272	0.6665310822131785
0.16592549335565326	0.16705104092783019	0.6670234657165166
0.1663579205327096	0.16704097475785945	0.6666011047094311
0.16588077390873657	0.1669743202918763	0.6671449057993872
0.16621817760104535	0.16774840000221852	0.6660334223967364
0.1667143263880044	0.1669397501827396	0.6663459234292561
0.16629787086614473	0.1671520543519151	0.6665500747819403
0.16662337688460832	0.16676657067160477	0.666610052443787
0.16617860692951786	0.16703522017057879	0.6667861728999035
0.1668457740188209	0.1667586672298721	0.6663955587513071
0.16672349936427222	0.16680462807405907	0.6664718725616687
0.16620306280529945	0.16739376132266842	0.6664031758720322
0.16584273008203748	0.1670145961687955	0.6671426737491671
0.16651308608648588	0.1672429952528168	0.6662439186606974
0.1664895421782078	0.16752293365430304	0.6659875241674893
0.16641739573007755	0.16689166226454258	0.66669094200538
0.16593463328950445	0.16720525967258426	0.6668601070379114
0.16622645658142843	0.16738118375473227	0.6663923596638394
0.16653959335615348	0.16768219965899334	0.6657782069848532
0.16654525329788572	0.16672317056384695	0.6667315761382675
0.1659237232564345	0.16683544271677986	0.6672408340267857
0.1668521268598665	0.16704913585606523	0.6660987372840683
0.16670203030108713	0.166524390805593	0.66677357889332
0.1665315284083886	0.1678404166482947	0.6656280549433169
0.1657889280487435	0.16718093140483725	0.6670301405464194
0.1658559531037821	0.16797717348018082	0.6661668734160372
0.1657940777929067	0.16762702986967587	0.6665788923374176
0.1658566000404605	0.1678727964438822	0.6662706035156574
0.16624722972340997	0.16741125317059935	0.6663415171059908
0.16686103198326302	0.16719536259446194	0.6659436054222752
0.1663850089514476	0.16673421977164296	0.6668807712769096
0.16584808291814152	0.16730971518062254	0.6668422019012361
0.16578835928557367	0.1674729018804425	0.666738738833984
0.166637502334029	0.16711594834881877	0.6662465493171523
0.1667170345366812	0.16730159290129054	0.6659813725620283
0.1660881637921056	0.1672874256038856	0.6666244106040089
0.16631520004311223	0.16720197374376589	0.6664828262131219
0.1666610661818688	0.16697663770309173	0.6663622961150396
0.16596668326373068	0.16782131151680607	0.6662120052194633
0.16643410479252943	0.16672849033183262	0.666837404875638
0.16601687371768636	0.16766000347947185	0.6663231228028419
0.16618238832537824	0.16751758336218792	0.666300028312434
0.16591278035108067	0.16717606519229533	0.6669111544566242
0.16647354793161614	0.1672677997018272	0.6662586523665568
0.16633793344970782	0.16733434171008824	0.6663277248402041
0.16655428221472157	0.16770888657365335	0.6657368312116252
0.1661304591754263	0.16681499483924808	0.6670545459853257
0.1663258891462879	0.16685914970826177	0.6668149611454505
0.16693463213568316	0.1666600052979066	0.6664053625664104
0.16683379197903386	0.16668532783389556	0.6664808801870707
0.1667671340045381	0.16774844431431069	0.6654844216811513
0.16613178853060728	0.16753604075865236	0.6663321707107405
0.16613185726747487	0.16735909941009436	0.6665090433224309
0.16656218958140476	0.16779419584980027	0.6656436145687952
0.1663347442462196	0.16757070257261825	0.6660945531811622
0.16604379836616964	0.166949534624589	0.6670066670092416
0.166215411590466	0.16754068661714205	0.666243901792392
0.16666918147445917	0.16673380825068762	0.6665970102748533
0.16584584554335852	0.16778311744886393	0.6663710370077776
0.166232590427504	0.16665346042147816	0.667113949151018
0.16652339458475948	0.16725378348244818	0.6662228219327924
0.16666079343431914	0.1670044509764529	0.6663347555892281
0.16662421991721416	0.16761868481820624	0.6657570952645797
0.1667519911421239	0.16766259109293943	0.6655854177649367
0.16595406923785289	0.16704633309760425	0.6669995976645431
0.16690814000921872	0.1673477187858931	0.6657441412048883
0.16604734721882916	0.16720741014336105	0.6667452426378099
0.16586814500082556	0.16786546928193227	0.6662663857172423
0.166087898736551	0.16659084530359358	0.6673212559598556
0.16594497747392345	0.16687166523013225	0.6671833572959445
0.16671358949020432	0.16736560419366456	0.6659208063161313
0.16639834644261683	0.16754599758708769	0.6660556559702956
0.16652091654289458	0.1672172551970449	0.6662618282600606
0.16656109471175823	0.16719351611695787	0.6662453891712841
0.16623908334419366	0.1665506526604156	0.6672102639953909
0.166382711259092	0.16794684469345833	0.6656704440474498
0.16621863108229884	0.16776993499623777	0.6660114339214636
0.1668652119489599	0.16686559729451106	0.6662691907565292
0.1662723114695403	0.16709824704914705	0.6666294414813128
0.16589970090101405	0.16737483336584635	0.6667254657331397
0.1666015869916262	0.16694589709559488	0.666452515912779
0.1662781801777283	0.1678908331109229	0.6658309867113489
0.16583147616828903	0.16756427700691362	0.6666042468247975
0.16625467281261613	0.16798848375109554	0.6657568434362884
0.16631430340710754	0.16653837273935473	0.6671473238535379
0.16584419516274593	0.16704116582861145	0.6671146390086427
0.1657169851731534	0.1673306680601389	0.6669523467667078
0.1665867931889228	0.1679752174532088	0.6654379893578685
0.16595467645239	0.167879873317979	0.666165450229631
0.16608841762808213	0.16796633289548302	0.665945249476435
0.16652404673506827	0.16660452231403533	0.6668714309508965
0.1659915578490929	0.16706215309938482	0.6669462890515224
0.16645176829650196	0.1670898194055519	0.6664584122979462
0.16628126112332356	0.16653212596012534	0.6671866129165513
0.16625254607689746	0.16720607437525464	0.6665413795478481
0.1663129346060432	0.1669312530954537	0.6667558122985032
0.16644949076225418	0.166931880696576	0.6666186285411699
0.16620072319471813	0.16720403903892486	0.6665952377663571
0.1662051563939833	0.1666393536683214	0.6671554899376955
0.16656963844736322	0.16789881434516873	0.6655315472074681
0.16583015764761652	0.16751175403250007	0.6666580883198836
0.16658556726119994	0.1673139881807931	0.666100444558007
0.165743517333306	0.16801007301742754	0.6662464096492666
0.1662577055343017	0.16770673283696755	0.6660355616287308
0.1662599316169551	0.1669269014334399	0.6668131669496051
0.16630117695890534	0.16783131630026238	0.6658675067408324
0.16640088087128196	0.1675726099809305	0.6660265091477877
0.1660941402614243	0.16748861429266898	0.6664172454459067
0.16667287659526364	0.1671219354872676	0.6662051879174689
0.16658496913758236	0.16681015595289617	0.6666048749095216
0.16634115043867004	0.16654205964874794	0.6671167899125822
0.16619598863650117	0.16785920109904806	0.665944810264451
0.16687317279050345	0.167468162107835	0.6656586651016616
0.1668102386239088	0.16748471351041982	0.6657050478656714
0.16691620340456145	0.16659779205422334	0.6664860045412153
0.16605441505914872	0.16655130739039625	0.6673942775504551
0.16627893944959476	0.16678076523748897	0.6669402953129164
0.16605246573992738	0.16774358199481432	0.6662039522652584
0.1667578684486909	0.16754814391443937	0.6656939876368698
0.16597589485834147	0.1671474736394717	0.666876631502187
0.16688314420272687	0.1675887426842051	0.6655281131130681
0.16605458788645103	0.1669547346583704	0.6669906774551787
0.1664630568402954	0.16798353323738052	0.6655534099223241
0.1661826420994724	0.16797408075255627	0.6658432771479714
0.16617703569122427	0.16712856345147534	0.6666944008573006
0.16683428642491244	0.16769641847576888	0.6654692950993188
0.16667194986626	0.1671311723774746	0.6661968777562655
0.16621029155016176	0.1664923859580995	0.6672973224917389
0.1663226599351052	0.16799408359233856	0.6656832564725563
0.16578640247372364	0.167535650252378	0.6666779472738985
0.16668192634411305	0.16727278904137316	0.6660452846145138
0.16611021586882618	0.1675958895373046	0.6662938945938693
0.16576402002370913	0.1672474626315988	0.6669885173446922
0.16573026115496717	0.1676971409243861	0.6665725979206468
0.166678460327436	0.16674441768758008	0.6665771219849841
0.1669315425597652	0.1670675056804741	0.6660009517597609
0.16589376912567136	0.1667995032265564	0.6673067276477724
0.16580223819201534	0.16721212239076744	0.6669856394172173
0.16682782708852034	0.16674863241472898	0.6664235404967508
0.1660040405340824	0.1666095085068116	0.6673864509591061
0.1659709410098391	0.16755820315791473	0.6664708558322463
0.16686568036224564	0.16676441587139146	0.6663699037663631
0.16650645877702283	0.16720439091871026	0.666289150304267
0.16584629177926774	0.16724658488644237	0.66690712333429
0.1667934948375607	0.16673542080245576	0.6664710843599837
0.16631526345648348	0.16649827820041363	0.6671864583431031
0.16694718556206672	0.16757135871101322	0.6654814557269202
0.16634519046519508	0.16725939814550944	0.6663954113892956
0.16600834844301526	0.16692233474464663	0.6670693168123382
0.1665188199307827	0.16740550823383418	0.6660756718353833
0.16621903275235891	0.16749711399552458	0.6662838532521166
0.16662517667631957	0.16653069101609347	0.6668441323075871
0.16662607357036047	0.16739018183242096	0.6659837445972188
0.16633152851744698	0.16716559696137212	0.6665028745211811
0.16649008967956352	0.16654742401666617	0.6669624863037704
0.1667885787748697	0.16773672781326288	0.6654746934118676
0.16656032540161086	0.16781252959638898	0.6656271450020003
0.16585815584912458	0.1677983454195418	0.6663434987313337
0.16678656156114913	0.16670827779747185	0.6665051606413792
0.16628100512321953	0.1674284043292164	0.6662905905475642
0.16686890229185503	0.16682735141760274	0.6663037462905423
0.16648570737338284	0.16673377072379508	0.6667805219028222
0.16643756883374305	0.16787965779849048	0.6656827733677666
0.16619419096771604	0.16674085807042047	0.6670649509618636
0.16607605382003726	0.1677780710262994	0.6661458751536635
0.16587826329503372	0.16798721454431553	0.6661345221606508
0.1659189652245736	0.16798150201236117	0.6660995327630654
0.166578136303977	0.16686251849021327	0.6665593452058098
0.1661285091285648	0.16654141322430122	0.6673300776471341
0.16666958879860302	0.16648993577568605	0.6668404754257111
0.16632963605346948	0.1675707542027332	0.6660996097437974
0.16629382893861516	0.16695974650170123	0.6667464245596837
0.166564609650001	0.1672538073802532	0.666181582969746
0.16667235708502906	0.1667154998216973	0.6666121430932738
0.16664454212089458	0.16672283769086133	0.6666326201882442
0.16641564562991204	0.16708384374434085	0.6665005106257472
