0.4942101333600764	0.5057898666399233
0.2208701401542556	0.7791298598457441
0.6020952848526113	0.39790471514738834
0.5575404921863923	0.4424595078136074
0.28017663472500953	0.7198233652749901
0.3892633943420595	0.6107366056579402
0.13323116608644087	0.8667688339135589
0.8410671329204429	0.15893286707955684
0.6158976991581218	0.38410230084187785
0.5067200028260588	0.4932799971739409
0.7675161497095218	0.23248385029047786
0.3633419563615191	0.6366580436384806
0.84546101195251	0.15453898804748967
0.3616640837304831	0.6383359162695166
0.20927059836428552	0.7907294016357141
0.22633603829493104	0.7736639617050687
0.1063910258492608	0.8936089741507389
0.0660507873982486	0.933949212601751
0.011004203382413535	0.9889957966175862
0.5438927371092699	0.45610726289072984
0.9543913037057248	0.04560869629427494
0.02554245131088906	0.9744575486891106
0.8121586826076499	0.18784131739234977
0.21470825995598947	0.7852917400440103
0.1860323081101069	0.8139676918898928
0.2867719395367569	0.7132280604632428
0.4107143775220856	0.589285622477914
0.6483460606209065	0.35165393937909317
0.48197093605441815	0.5180290639455816
0.08778853645930285	0.9122114635406968
0.08928402337902086	0.9107159766209788
0.05580689256599525	0.9441931074340044
0.6583562460141151	0.34164375398588454
0.10357641244482862	0.896423587555171
0.5465094372224407	0.45349056277755895
0.028273684146691458	0.9717263158533083
0.696301088209165	0.30369891179083464
0.0665747747007675	0.9334252252992321
0.561567632276121	0.4384323677238786
0.7952781633562537	0.204721836643746
0.6112071695204763	0.3887928304795234
0.9195924799627393	0.08040752003726037
0.50687930786592	0.4931206921340797
0.9352199980094899	0.06478000199050982
0.7764733835716902	0.22352661642830957
0.37600687100608077	0.6239931289939189
0.8200285004963261	0.17997149950367358
0.9256654906626801	0.07433450933731955
0.8803506933271017	0.11964930667289797
0.8200766898934135	0.17992331010658613
0.6003691205952743	0.3996308794047254
0.06252045418244312	0.9374795458175565
0.6277194868103475	0.37228051318965216
0.4488721661344579	0.5511278338655418
0.8157826948149073	0.18421730518509238
0.01901713181023912	0.9809828681897605
0.07213229381371761	0.9278677061862821
0.7877382097177489	0.21226179028225078
0.687254648860346	0.3127453511396536
0.6398993816770553	0.3601006183229444
0.6450181935252823	0.35498180647471733
0.5087873482668793	0.49121265173312034
0.9770838379547191	0.02291616204528052
0.9411932130140523	0.05880678698594727
0.36462535997557977	0.6353746400244199
0.5103405063392771	0.4896594936607226
0.3449296308885249	0.6550703691114748
0.28486820767308935	0.7151317923269103
0.7064955852698387	0.293504414730161
0.7537354150139982	0.24626458498600146
0.8901281398808834	0.10987186011911637
0.6571799448214268	0.3428200551785728
0.7394413385825229	0.26055866141747674
0.8686370809787198	0.13136291902127983
0.40179868298547705	0.5982013170145226
0.055107043260640975	0.9448929567393587
0.6154845251497215	0.38451547485027815
0.014265438617017123	0.9857345613829825
0.9482697353095741	0.051730264690425465
0.5687479540837169	0.4312520459162828
0.7121789046468119	0.2878210953531878
0.16652477023272422	0.8334752297672754
0.45437660760621873	0.5456233923937809
0.6229505146624582	0.3770494853375414
0.9554188038982012	0.04458119610179845
0.2933753561926412	0.7066246438073585
0.39677753481157935	0.6032224651884204
0.424686341381324	0.5753136586186757
0.406429761366126	0.5935702386338737
0.5364787546994815	0.46352124530051825
0.9061334955364411	0.09386650446355854
0.7027906599618825	0.29720934003811716
0.07198437797824608	0.9280156220217536
0.3498678349177195	0.6501321650822802
0.6272034175443382	0.37279658245566144
0.6170634565632309	0.38293654343676875
0.30960731978374334	0.6903926802162563
0.6780095928727845	0.32199040712721516
0.37396270224774164	0.626037297752258
0.016450945656240334	0.9835490543437593
0.7841216058819367	0.21587839411806298
0.25059587729600974	0.7494041227039899
0.22942799228286775	0.7705720077171319
0.11300796064460006	0.8869920393553996
0.08590809861418292	0.9140919013858168
0.6175071235254542	0.3824928764745455
0.5676188276478893	0.4323811723521103
0.3485322124441158	0.6514677875558839
0.7118625243703307	0.28813747562966896
0.40722717156574884	0.5927728284342508
0.09234782065375097	0.9076521793462486
0.13937944643098	0.8606205535690197
0.7334025481033781	0.2665974518966215
0.6016122821216935	0.3983877178783062
0.8004274383508416	0.19957256164915804
0.6274931239099231	0.37250687609007666
0.5982362114164292	0.4017637885835705
0.9758680193178327	0.02413198068216693
0.21652967670047873	0.7834703232995209
0.16312557287404061	0.836874427125959
0.1172493282411427	0.8827506717588569
0.743987075540256	0.25601292445974366
0.802226397663103	0.19777360233689667
0.1658281898713857	0.834171810128614
0.176769570229582	0.8232304297704176
0.37219668191272454	0.6278033180872751
0.5373515301323185	0.4626484698676811
0.8236688222178512	0.17633117778214846
0.6038287571697812	0.3961712428302184
0.5083535086215389	0.4916464913784607
0.36221783312371003	0.6377821668762896
0.36122151481183307	0.6387784851881666
0.5687622656462666	0.431237734353733
0.927446451052962	0.0725535489470377
0.03977472534687054	0.9602252746531291
0.13130397297075036	0.8686960270292493
0.7256355754205546	0.27436442457944504
0.49793900237374356	0.5020609976262561
0.7444928514536073	0.2555071485463923
0.22817791714691654	0.7718220828530831
0.14073531266528894	0.8592646873347107
0.8068181578541285	0.19318184214587114
0.3080780070989166	0.6919219929010831
0.26380451621745205	0.7361954837825476
0.5172704530024811	0.4827295469975186
0.10610025279298574	0.8938997472070139
0.895757674131967	0.10424232586803261
0.09634169464573084	0.9036583053542688
0.6529429707869088	0.34705702921309084
0.8350060688479293	0.16499393115207045
0.9500396812450107	0.04996031875498891
0.10428270783842386	0.8957172921615758
0.4869475047314275	0.5130524952685722
0.4251100895085926	0.5748899104914071
0.9824535756467632	0.017546424353236556
0.399202479104415	0.6007975208955847
0.041755674123187925	0.9582443258768117
0.3917216177842482	0.6082783822157515
0.16661597701944353	0.8333840229805561
0.2707339756963931	0.7292660243036065
0.7445482864475143	0.2554517135524854
0.6744282673352247	0.325571732664775
0.40154361284110457	0.598456387158895
0.442829060185728	0.5571709398142717
0.06849045201843346	0.9315095479815663
0.13449978727587597	0.8655002127241237
0.11464581705727728	0.8853541829427224
0.7267610681330435	0.27323893186695614
0.7294413526889221	0.27055864731107765
0.4864918068456271	0.5135081931543726
0.6758474222588854	0.3241525777411143
0.08120052467712335	0.9187994753228763
0.33848961642703923	0.6615103835729604
0.07092456370596106	0.9290754362940385
0.11738402589186903	0.8826159741081306
0.630810344820286	0.3691896551797137
0.3762116455660303	0.6237883544339694
0.9682843575711368	0.03171564242886277
0.9349254604845638	0.06507453951543579
0.25059333571034936	0.7494066642896503
0.8467168936504701	0.15328310634952952
0.2739066844164155	0.7260933155835841
0.8185767768004248	0.18142322319957488
0.5974969018384331	0.4025030981615666
0.31958535565447777	0.6804146443455219
0.8008903305357815	0.19910966946421815
0.6828391583880385	0.3171608416119611
0.4746413671395742	0.5253586328604255
0.41327779584814883	0.5867222041518508
0.03762489713006184	0.9623751028699379
0.1626577987078891	0.8373422012921106
0.10106599381299791	0.8989340061870017
0.2606210155744526	0.7393789844255471
0.47843356244018015	0.5215664375598195
0.8722926044061827	0.127707395593817
0.41324094676469114	0.5867590532353085
0.847530510848406	0.15246948915159364
0.40724874783563114	0.5927512521643685
0.12372225722537483	0.8762777427746249
0.5465910847575757	0.45340891524242405
0.19425045807660196	0.8057495419233978
0.5297587079189289	0.47024129208107085
0.9259484824517331	0.07405151754826655
0.4216756458740236	0.578324354125976
0.7059426692706909	0.2940573307293087
0.1480623161778583	0.8519376838221413
0.18658458054314792	0.8134154194568517
0.09719691213623022	0.9028030878637694
0.3174791860377135	0.6825208139622861
0.19252549281056475	0.8074745071894349
0.1198574880575276	0.8801425119424721
0.34736405504838674	0.6526359449516129
0.13410997669675057	0.8658900233032492
0.9828428351050316	0.017157164894968158
0.2240083452622576	0.7759916547377421
0.8894013207270778	0.11059867927292188
0.5570248636652946	0.4429751363347051
0.7840373246755248	0.21596267532447488
0.7300141849895008	0.26998581501049895
0.6114307000752894	0.38856929992471023
0.7551091014548641	0.24489089854513557
0.7298169025183651	0.2701830974816346
0.1605471271033947	0.839452872896605
0.5612948362293515	0.4387051637706481
0.8345128057087237	0.165487194291276
0.12949713933672796	0.8705028606632716
0.6905747987068569	0.3094252012931428
0.8646784710036323	0.1353215289963674
0.7966302669091436	0.20336973309085604
0.29038156143819804	0.7096184385618016
0.7340872438589634	0.2659127561410363
0.5965959095018392	0.4034040904981605
0.809675198425317	0.19032480157468262
0.696036745262921	0.3039632547370787
0.0704217367800844	0.9295782632199152
0.4070826883192434	0.5929173116807562
0.06634861543367343	0.9336513845663262
0.9444196583746238	0.05558034162537584
0.17472886109830504	0.8252711389016947
0.3736647359158045	0.6263352640841952
0.35503775393993453	0.6449622460600651
0.9569641452335027	0.04303585476649696
0.07907905297917084	0.9209209470208288
0.6935901737546918	0.3064098262453079
0.06705845964252444	0.9329415403574752
0.9384814644471327	0.061518535552867015
0.37809508199239616	0.6219049180076035
0.4925886908232984	0.5074113091767013
0.2500869554594527	0.749913044540547
0.8593442983981274	0.14065570160187224
0.46479265664467073	0.5352073433553289
0.5927113579798822	0.40728864202011744
0.5305126071616462	0.46948739283835356
0.7521707921240695	0.24782920787593016
0.6369338108077721	0.36306618919222755
0.6367505087886776	0.3632494912113221
0.7996493610604509	0.2003506389395487
0.7157953769532499	0.2842046230467498
0.699293577940219	0.3007064220597807
0.9573552661982941	0.042644733801705526
0.09366556539492704	0.9063344346050726
0.9523272382630859	0.04767276173691387
0.13475218946553336	0.8652478105344663
0.0918199906619267	0.908180009338073
0.28190039492406516	0.7180996050759345
0.2556551610328206	0.7443448389671791
0.34449812657415835	0.6555018734258413
0.17631555333484789	0.8236844466651518
0.8658388847036825	0.13416111529631713
0.3967666961159497	0.6032333038840499
0.12353933857388344	0.8764606614261162
0.6662251819061563	0.33377481809384335
0.2484248319846858	0.7515751680153139
0.711972219460564	0.2880277805394357
0.5432005905859815	0.4567994094140182
0.5740540716922908	0.4259459283077089
0.16368976423443082	0.8363102357655688
0.8772894250154867	0.12271057498451299
0.3052126926558087	0.694787307344191
0.8693905937672812	0.13060940623271844
0.018471375994811967	0.9815286240051877
0.18724705728126761	0.8127529427187321
0.6960942387500944	0.30390576124990526
0.5556136576845311	0.4443863423154686
0.9928576529281867	0.007142347071812938
0.688094446166144	0.31190555383385565
0.4210896833100111	0.5789103166899886
0.3009778732422404	0.6990221267577592
0.06069938049550716	0.9393006195044925
0.15476143366403	0.8452385663359696
0.7852945206154469	0.2147054793845527
0.2946916257171197	0.70530837428288
0.46955526479922877	0.530444735200771
0.07984721663244831	0.9201527833675514
0.5279259906501689	0.4720740093498308
0.6624334627175211	0.33756653728247854
0.6674030676904893	0.3325969323095104
0.990359361652968	0.009640638347031605
0.9806899026516511	0.019310097348348487
0.6722222524058316	0.3277777475941681
0.9315371510591675	0.06846284894083215
0.9840666802506342	0.01593331974936557
0.24774568639320882	0.7522543136067908
0.28022027371384917	0.7197797262861505
0.556837536522141	0.44316246347785865
0.45447890302104205	0.5455210969789577
0.8273529754853577	0.17264702451464203
0.21157335384547243	0.7884266461545273
0.05842382106080868	0.941576178939191
0.5424248359385391	0.45757516406146054
0.9328829201512576	0.06711707984874199
0.10581078796511051	0.8941892120348891
0.8855439970117828	0.1144560029882169
0.20378907772032978	0.7962109222796698
0.2941814699662211	0.7058185300337786
0.6930354736793706	0.3069645263206291
0.01755601173000787	0.9824439882699918
0.35530726523754996	0.6446927347624497
0.5170846205069924	0.48291537949300717
0.022108435676610194	0.9778915643233894
0.8866183823705356	0.11338161762946414
0.13626343559281662	0.863736564407183
0.2940492005083162	0.7059507994916835
0.5978872997267805	0.4021127002732192
0.7201196080896998	0.2798803919102999
0.040182511072208216	0.9598174889277915
0.12551096303830345	0.8744890369616962
0.2125606538470386	0.7874393461529611
0.41564027858842756	0.5843597214115721
0.4695269212644625	0.5304730787355372
0.7550544085362969	0.24494559146370282
0.02984476679313247	0.9701552332068673
0.305980775901329	0.6940192240986707
0.19977064264819883	0.8002293573518009
0.6784240151321783	0.32157598486782135
0.15218944573911325	0.8478105542608865
0.9009533675230239	0.09904663247697582
0.30943757263104926	0.6905624273689503
0.34004475252387856	0.6599552474761211
0.8501071369382507	0.14989286306174898
0.7714964946600392	0.22850350533996044
0.36368507690454654	0.6363149230954531
0.1372305108930152	0.8627694891069845
0.036206069392116014	0.9637939306078837
0.8886845073481854	0.11131549265181429
0.9205743555612176	0.07942564443878208
0.08655221753353298	0.9134477824664666
0.7743404430187908	0.22565955698120888
0.962117450544289	0.03788254945571068
0.5268778071936779	0.47312219280632173
0.4598065085958521	0.5401934914041475
0.9073035628263961	0.0926964371736036
0.45609296074385713	0.5439070392561425
0.5047939031590565	0.4952060968409432
0.6533587934911379	0.34664120650886177
0.9461283910031004	0.05387160899689919
0.3264046940476758	0.6735953059523239
0.9601312519369845	0.039868748063015214
0.7608026823211375	0.2391973176788622
0.7589615862862156	0.2410384137137841
0.3764039261045949	0.6235960738954047
0.03874517500456254	0.9612548249954371
0.6145711004307945	0.3854288995692052
0.32363274991840596	0.6763672500815937
0.36773756185334083	0.6322624381466588
0.6165658968889417	0.38343410311105797
0.29472898115961943	0.7052710188403802
0.045546371533087326	0.9544536284669123
0.8131939814794336	0.18680601852056605
0.6717405479357204	0.32825945206427926
0.004116487232533161	0.9958835127674666
0.6137648375737689	0.3862351624262308
0.6662145041710749	0.3337854958289248
0.5310563667578203	0.46894363324217936
0.10514417253283831	0.8948558274671614
0.1219626870223226	0.8780373129776771
0.6146261832874034	0.38537381671259624
0.8487842670135542	0.15121573298644542
0.3009961245505564	0.6990038754494432
0.3287980202391725	0.6712019797608272
0.8335607708478789	0.16643922915212078
0.12037452209559668	0.879625477904403
0.9179020314277041	0.08209796857229557
0.9293123484460188	0.07068765155398077
0.8834209866362871	0.11657901336371257
0.3889879837269886	0.611012016273011
0.8164671909408376	0.18353280905916203
0.8576757247670495	0.14232427523295027
0.2929116413593087	0.707088358640691
0.650007315846257	0.34999268415374263
0.5073600256764218	0.4926399743235778
0.9001568373638431	0.09984316263615656
0.15968628566171228	0.8403137143382874
0.6581317735329749	0.34186822646702475
0.9818575483604214	0.018142451639578283
0.24196136814564634	0.7580386318543533
0.6083126763627332	0.3916873236372664
0.1923487953148839	0.8076512046851158
0.549299377360551	0.45070062263944866
0.028294800701089917	0.9717051992989097
0.7611133150264486	0.23888668497355103
0.6737326796112164	0.32626732038878326
0.29313593767070045	0.7068640623292992
0.30946561673614265	0.6905343832638571
0.4327612102846369	0.5672387897153628
0.9442294485697323	0.05577055143026732
0.6148660465294706	0.3851339534705291
0.8149659660845487	0.18503403391545087
0.165928580344948	0.8340714196550516
0.8040558090669635	0.19594419093303617
0.07554571099243418	0.9244542890075655
0.7068274550482552	0.29317254495174444
0.28901675463529736	0.7109832453647023
0.20356212774354293	0.7964378722564567
0.7493239006128647	0.25067609938713503
0.4441556399059015	0.5558443600940981
0.9741178447644999	0.02588215523549975
0.957768783996154	0.04223121600384566
0.8261781535724053	0.1738218464275944
0.8594952453798272	0.14050475462017248
0.16348359203782403	0.8365164079621756
0.8559471060563859	0.1440528939436138
0.572258938926859	0.4277410610731407
0.7522902182851359	0.2477097817148638
0.3959616952009571	0.6040383047990425
0.8878448991399766	0.11215510086002317
0.387490851757674	0.6125091482423256
0.6430084936230988	0.3569915063769009
0.5323614304028779	0.4676385695971218
0.7893932636241127	0.210606736375887
0.5137461883185185	0.48625381168148124
0.8603071013823231	0.1396928986176766
0.4994956158676473	0.5005043841323523
0.6945120473626322	0.3054879526373675
0.15686515591989902	0.8431348440801006
0.6831403691590299	0.3168596308409698
0.21688930936002204	0.7831106906399776
0.0550438538567784	0.9449561461432212
0.4309242753201723	0.5690757246798274
0.9686109390278785	0.031389060972121074
0.19473681083463146	0.8052631891653682
0.8099196436171339	0.1900803563828658
0.4472547643477533	0.5527452356522464
0.8665994107123528	0.13340058928764686
0.42518418405699304	0.5748158159430067
0.5787986313456787	0.421201368654321
0.8175400166654307	0.18245998333456886
0.4084448294304043	0.5915551705695954
0.5030179918619683	0.4969820081380314
0.29587685075723724	0.7041231492427624
0.57387016757241	0.4261298324275896
0.9354685150919546	0.064531484908045
0.7636111427346001	0.2363888572653996
0.8688700489479307	0.13112995105206893
0.6795298460922115	0.3204701539077882
0.32783009088669923	0.6721699091133004
0.223208915705233	0.7767910842947667
0.8894585038228384	0.11054149617716119
0.5361604501216004	0.4638395498783993
0.17200730213533222	0.8279926978646674
0.05062822547563606	0.9493717745243636
0.935968862034241	0.0640311379657586
0.11484979119694944	0.8851502088030503
0.14342334327086842	0.8565766567291313
0.36213528676618495	0.6378647132338147
0.7864714158423884	0.21352858415761128
0.6859081643160241	0.31409183568397564
0.8889382564223007	0.11106174357769893
0.4465980401789707	0.553401959821029
0.47305463342260384	0.5269453665773958
0.19808511226209397	0.8019148877379056
0.5430184635444034	0.4569815364555963
0.9618956347542245	0.03810436524577526
0.19242580278572669	0.8075741972142729
0.47488942416950464	0.525110575830495
0.5178077604675805	0.48219223953241924
0.12212622380573607	0.8778737761942637
0.2377262701500069	0.7622737298499928
0.11457313119834422	0.8854268688016554
0.8577359429829035	0.14226405701709627
0.9447639972457932	0.05523600275420648
0.22137749189690525	0.7786225081030944
0.9004346695382315	0.09956533046176824
0.29359497265881596	0.7064050273411837
0.47380286474687827	0.5261971352531214
0.44521806696888316	0.5547819330311166
0.5596585103784255	0.44034148962157416
0.5427004302583912	0.4572995697416085
0.7355939771102342	0.26440602288976545
0.1705770151331535	0.8294229848668462
0.8702179302771451	0.1297820697228545
0.06892760459129449	0.9310723954087052
0.2347593835152711	0.7652406164847285
0.3229260883538351	0.6770739116461646
0.20910614282575063	0.790893857174249
0.9420712714129662	0.05792872858703341
0.1623525977740473	0.8376474022259524
0.7831608856708221	0.21683911432917757
0.6596623041201379	0.34033769587986173
0.6707745975933777	0.329225402406622
0.4810348118325574	0.5189651881674422
0.8094910746023729	0.19050892539762682
0.17023422528381987	0.8297657747161797
0.830174261812354	0.16982573818764568
0.8118878029907446	0.18811219700925508
0.6797305277777741	0.32026947222222557
0.4795938537223708	0.5204061462776288
0.5400363739007998	0.4599636260991999
0.951064041416721	0.048935958583278705
0.9786732567340195	0.021326743265980108
0.273092983531962	0.7269070164680377
0.792458914644466	0.20754108535553367
0.5590670053161578	0.44093299468384184
0.986551573583353	0.01344842641664662
0.6528742581638458	0.3471257418361539
0.2223675136776952	0.7776324863223045
0.5062833041799581	0.49371669582004146
0.9944102522198903	0.0055897477801094
0.3079937447572235	0.6920062552427761
0.7204845599981323	0.27951544000186734
0.43823441212610814	0.5617655878738915
0.8054258159463179	0.19457418405368176
0.23034574144269965	0.7696542585573001
0.5936598713826282	0.40634012861737145
0.4594724074768391	0.5405275925231605
0.6722927801080064	0.32770721989199325
0.8960988202841776	0.10390117971582202
0.4283014021310869	0.5716985978689128
0.28086566182498485	0.7191343381750148
0.925203933778395	0.07479606622160467
0.09117459731700556	0.908825402682994
0.6535214918669827	0.3464785081330169
0.07703101735856177	0.9229689826414379
0.9862674502961476	0.01373254970385207
0.05672985509453937	0.9432701449054604
0.25153878132845564	0.748461218671544
0.5601986470554722	0.43980135294452743
0.8513508029577176	0.14864919704228208
0.6726756427464611	0.32732435725353853
0.8261192030825746	0.17388079691742514
0.15159520128251802	0.8484047987174816
0.09795611802844972	0.9020438819715499
0.6993485079988435	0.3006514920011561
0.5723244198903615	0.42767558010963813
0.931032620681586	0.06896737931841362
0.7029555451494091	0.2970444548505906
0.3546393997687146	0.645360600231285
0.4182111365638131	0.5817888634361865
0.1363722520323492	0.8636277479676504
0.6804101205669287	0.31958987943307093
0.8940315921589954	0.10596840784100425
0.5675073362971266	0.43249266370287304
0.8407913513221783	0.1592086486778213
0.36180085594526434	0.6381991440547353
0.18925350027368248	0.8107464997263172
0.19823755667441917	0.8017624433255806
0.6673353176764838	0.33266468232351587
0.5647523119202306	0.4352476880797691
0.6785285636340075	0.3214714363659922
0.6177509224921824	0.3822490775078172
0.5560898685624588	0.44391013143754093
0.21777828934863463	0.782221710651365
0.12238912741119873	0.877610872588801
0.5827255647420322	0.4172744352579675
0.9567810815260172	0.04321891847398257
0.36200628485355346	0.6379937151464462
0.826019353408938	0.17398064659106177
0.7780910154378802	0.22190898456211955
0.05698866671943631	0.9430113332805634
0.30852165828013234	0.6914783417198673
0.9417988610234067	0.05820113897659296
0.25804684774095277	0.7419531522590469
0.43571293855021365	0.564287061449786
0.6035885197392794	0.39641148026072026
0.6096875427355595	0.39031245726444014
0.4758209932817795	0.5241790067182202
0.5730298587000645	0.42697014129993516
0.7696973483141755	0.2303026516858242
0.20360201420215057	0.7963979857978492
0.5801486009081634	0.41985139909183616
0.6692100653561505	0.3307899346438492
0.883147594533034	0.11685240546696557
0.7055285888705063	0.2944714111294934
0.48792753481096535	0.5120724651890344
0.5417396120521494	0.4582603879478503
0.2092012231089863	0.7907987768910134
0.7681429445535246	0.231857055446475
0.7639829960352442	0.2360170039647554
0.9175095023694527	0.08249049763054694
0.8299513331208945	0.1700486668791052
0.18062824224698182	0.8193717577530178
0.8250516625852999	0.17494833741469967
0.6299050525396703	0.3700949474603294
0.0717113701764171	0.9282886298235826
0.7765466429310959	0.2234533570689038
0.8649530513123211	0.13504694868767858
0.06342938239580453	0.9365706176041951
0.4641930334342199	0.5358069665657798
0.25927468686990673	0.7407253131300929
0.8738459189371786	0.1261540810628211
0.07632875959732355	0.9236712404026761
0.16619649950279275	0.8338035004972069
0.32655340555082935	0.6734465944491703
0.6063298942957844	0.39367010570421523
0.8732817794433941	0.12671822055660553
0.36008709115136683	0.6399129088486328
0.7243301822444864	0.27566981775551325
0.29763933738475745	0.7023606626152422
0.5196303840675972	0.4803696159324025
0.49616561088437633	0.5038343891156233
0.9267918195459284	0.07320818045407135
0.871967084699911	0.1280329153000886
0.41253169013340446	0.5874683098665952
0.2614717931372086	0.7385282068627911
0.249137131039959	0.7508628689600407
0.2316753961039652	0.7683246038960345
0.7790503417070119	0.22094965829298774
0.7507786217643473	0.24922137823565232
0.6308179500272956	0.3691820499727041
0.9152888247552788	0.08471117524472077
0.14210894668245583	0.8578910533175439
0.5117946198108148	0.48820538018918497
0.6178385032385061	0.3821614967614936
0.5619204754837235	0.4380795245162762
0.02894545946319832	0.9710545405368014
0.9532277578725008	0.04677224212749881
0.6980889504471336	0.3019110495528661
0.10656333698505	0.8934366630149497
0.20463189458262765	0.795368105417372
0.5464889245437464	0.45351107545625324
0.6089563544462803	0.3910436455537194
0.6520970647905553	0.3479029352094444
0.6292531014748814	0.3707468985251183
0.5245615844889072	0.4754384155110925
0.4562765632451438	0.5437234367548559
0.2103567298536782	0.7896432701463214
0.10197007609789571	0.8980299239021039
0.3697565885869002	0.6302434114130995
0.2660869635496337	0.733913036450366
0.3670987598931418	0.6329012401068579
0.31485854173044037	0.6851414582695593
0.5379101125412482	0.46208988745875146
0.26858392170379763	0.731416078296202
0.6510025876303243	0.3489974123696754
0.6774787386645323	0.3225212613354673
0.7621220832244697	0.23787791677553
0.32811154689088773	0.6718884531091119
0.6713436954845422	0.32865630451545746
0.7100354141307557	0.289964585869244
0.6831178937811895	0.3168821062188102
0.5740613942823096	0.42593860571769
0.2975248791660493	0.7024751208339504
0.011481040441812196	0.9885189595581875
0.6414036066303757	0.358596393369624
0.34330200359030516	0.6566979964096945
0.3857170545756622	0.6142829454243375
0.6880437898430236	0.31195621015697605
0.7559850120361178	0.24401498796388188
0.4182096479411881	0.5817903520588116
0.4031072975260174	0.5968927024739823
0.8025295548842033	0.1974704451157963
0.9822966081471567	0.01770339185284292
0.8649564163602483	0.13504358363975133
0.902354692137824	0.09764530786217568
0.026400455868557215	0.9735995441314425
0.2031660271903859	0.7968339728096138
0.42588503742258854	0.5741149625774111
0.5242032928577552	0.47579670714224437
0.32760499109942204	0.6723950089005777
0.35793503202551896	0.6420649679744808
0.2066230440926337	0.793376955907366
0.6537849148451451	0.34621508515485455
0.6163130092652519	0.3836869907347477
0.33660057891477635	0.6633994210852233
0.4568291703590876	0.5431708296409121
0.969413982419554	0.030586017580445712
0.9145916053115174	0.08540839468848227
0.1914677619122821	0.8085322380877176
0.23654213741097502	0.7634578625890247
0.6524259964594705	0.34757400354052914
0.059783172696459386	0.9402168273035403
0.2680597653734924	0.7319402346265073
0.6996695353802569	0.3003304646197428
0.5079335761743581	0.4920664238256416
0.8688117933154959	0.13118820668450382
0.6290933304213042	0.37090666957869545
0.11750558475719919	0.8824944152428005
0.1038179208439104	0.8961820791560893
0.2028128162543656	0.7971871837456341
0.9927752280587023	0.007224771941297392
0.8559886070566292	0.14401139294337045
0.4442244652667316	0.555775534733268
0.6450974228750774	0.35490257712492224
0.6600830620958937	0.33991693790410593
0.5213270222804426	0.47867297771955714
0.4629995472460176	0.537000452753982
0.1875002540650122	0.8124997459349874
0.889900275003553	0.11009972499644677
0.5463790972621972	0.4536209027378024
0.27668652708566344	0.7233134729143362
0.7831685271563927	0.21683147284360693
0.37286738978055817	0.6271326102194414
0.9396797767331462	0.060320223266853434
0.461907759469664	0.5380922405303357
0.299619750653324	0.7003802493466756
0.760188474720852	0.23981152527914756
0.5430692921196932	0.45693070788030643
0.9020913757303008	0.09790862426969882
0.4786484414349572	0.5213515585650424
0.33020301464469376	0.6697969853553059
0.9493566423978583	0.05064335760214139
0.06792008124907845	0.9320799187509212
0.598495509933989	0.4015044900660106
0.3676416376041878	0.6323583623958119
0.16019917467150047	0.8398008253284992
0.4784853075303894	0.5215146924696102
0.5654642850662839	0.43453571493371584
0.5933825982642267	0.40661740173577293
0.642023573340854	0.35797642665914564
0.22238237138306544	0.7776176286169343
0.9769358636339422	0.02306413636605742
0.49089401816318734	0.5091059818368123
0.37308783449188093	0.6269121655081187
0.7693383021477421	0.23066169785225754
0.9722093414191046	0.027790658580894967
0.9624288716472421	0.037571128352757555
0.6676617653749188	0.33233823462508083
0.37967437911624063	0.6203256208837591
0.5997338857118066	0.400266114288193
0.40883380825351623	0.5911661917464834
0.6165395749974176	0.38346042500258204
0.9401923183007681	0.05980768169923156
0.8860840969902217	0.11391590300977794
0.27758569319700316	0.7224143068029965
0.19871076692305162	0.8012892330769481
0.9386267299970857	0.06137327000291393
0.1768514163084332	0.8231485836915664
0.12521694929187543	0.8747830507081242
0.5577060300288802	0.4422939699711195
0.270489967961341	0.7295100320386587
0.1658710999992502	0.8341289000007495
0.47165714286907295	0.5283428571309267
0.9569041942391026	0.043095805760897166
0.11514459689024253	0.8848554031097571
0.3998613386547198	0.6001386613452799
0.898160998273901	0.10183900172609878
0.49600518907075636	0.5039948109292433
0.9631723668097485	0.03682763319025123
0.22139566576552983	0.7786043342344698
0.7953640024245637	0.20463599757543594
0.6277725972155759	0.3722274027844238
0.952395507229114	0.04760449277088563
0.3806259738204354	0.6193740261795643
0.38678284976350197	0.6132171502364977
0.4265909253708315	0.5734090746291681
0.7169535258433148	0.2830464741566848
0.8328787339069028	0.16712126609309685
0.5600386210230242	0.4399613789769755
0.09034860865914174	0.9096513913408579
0.3183861574265335	0.6816138425734661
0.45480976365459636	0.5451902363454033
0.8820786859778728	0.11792131402212691
0.0315078821911462	0.9684921178088535
0.5517593750333104	0.4482406249666893
0.1472215794691597	0.85277842053084
0.8665494371298097	0.13345056287018997
0.14079314920326297	0.8592068507967368
0.13395270674300785	0.8660472932569918
0.6289461512983096	0.3710538487016901
0.6531506292953556	0.34684937070464406
0.47466224592415285	0.5253377540758468
0.2565760405719018	0.7434239594280978
0.27364409174313997	0.7263559082568597
0.15533545414962646	0.8446645458503732
0.31644017500726285	0.6835598249927368
0.4454565804593061	0.5545434195406936
0.35756892497826465	0.642431075021735
0.547280208626017	0.4527197913739827
0.7237613291000058	0.2762386708999939
0.0381246257733131	0.9618753742266866
0.6735734473275391	0.32642655267246057
0.8745995954016816	0.12540040459831808
0.8676589427694168	0.13234105723058287
0.9111646070923899	0.08883539290760978
0.17965706188391384	0.8203429381160858
0.7568598676102627	0.24314013238973692
0.13053020211195282	0.8694697978880468
0.4199294362664143	0.5800705637335853
0.33729043681758014	0.6627095631824196
0.6444901272617721	0.35550987273822754
0.45576090677010633	0.5442390932298934
0.4224306503413405	0.5775693496586591
0.4723021955786544	0.5276978044213453
0.8284855685904691	0.17151443140953054
0.1334457464644218	0.8665542535355779
0.2858589391429647	0.714141060857035
0.4063785458384621	0.5936214541615376
0.90779175755841	0.0922082424415897
0.8647252944815891	0.13527470551841053
0.22732605953865526	0.7726739404613444
0.3328835274414126	0.6671164725585871
0.8768546860923956	0.12314531390760414
0.7083975911022479	0.2916024088977518
0.49033930930765524	0.5096606906923444
0.5184810873784519	0.4815189126215478
0.38285044190578027	0.6171495580942195
0.2773192721787584	0.7226807278212413
0.6038893088176961	0.39611069118230363
0.6109762025307205	0.3890237974692792
0.4630175264216384	0.5369824735783613
0.7371660959718999	0.2628339040280998
0.64812085330628	0.35187914669371967
0.9278263240644955	0.07217367593550417
0.7394299990486604	0.2605700009513393
0.47949432327285324	0.5205056767271464
0.3286539185081444	0.6713460814918553
0.9273964578014804	0.07260354219851922
0.33061329840546316	0.6693867015945365
0.1079293204780889	0.8920706795219108
0.8433931394443366	0.15660686055566314
0.4761194492620771	0.5238805507379226
0.9369603054334632	0.06303969456653652
0.7916190447623519	0.2083809552376477
0.8657823666666877	0.13421763333331194
0.6827619183702747	0.31723808162972494
0.43183487591301284	0.5681651240869868
0.6496566132596826	0.350343386740317
0.7878761232454765	0.21212387675452316
0.2048706528911428	0.7951293471088569
0.9699548455156273	0.03004515448437234
0.941632386413261	0.05836761358673864
0.5735300140719446	0.42646998592805513
0.527278251579766	0.47272174842023357
0.9658477107423808	0.03415228925761876
0.34521411053999435	0.6547858894600054
0.6827130525515027	0.31728694744849695
0.9233328796911311	0.07666712030886852
0.38395488819323154	0.6160451118067681
0.2778635552456996	0.7221364447543
0.2977378163561132	0.7022621836438865
0.4755833436101132	0.5244166563898864
0.06476412719181779	0.9352358728081819
0.5349869593117347	0.46501304068826504
0.4041301371266367	0.595869862873363
0.3352091241348389	0.6647908758651608
0.34965755511823415	0.6503424448817655
0.35443511237872805	0.6455648876212716
0.2855698462372565	0.7144301537627431
0.20096350285382253	0.7990364971461772
0.862000206818515	0.1379997931814847
0.5178834943869076	0.48211650561309205
0.5850292514975413	0.4149707485024584
0.02562500806968443	0.9743749919303153
0.8409083421436985	0.15909165785630114
0.3018895159131556	0.6981104840868441
0.20267620989899304	0.7973237901010066
0.36832611863680836	0.6316738813631912
0.6538256657773441	0.34617433422265553
0.4986992866739546	0.5013007133260451
0.5925866193839321	0.4074133806160676
0.3056228306043335	0.6943771693956662
0.8720429227798743	0.12795707722012534
0.05102769899154719	0.9489723010084525
0.5697809843602932	0.4302190156397065
0.4002553048746326	0.5997446951253671
0.852227691859591	0.1477723081404087
0.41380729159627444	0.5861927084037252
0.9602567196883527	0.03974328031164698
0.6083062857846272	0.39169371421537247
0.26987802751519563	0.730121972484804
0.8888366905673742	0.11116330943262542
0.3954451877682665	0.6045548122317331
0.07372285195917622	0.9262771480408234
0.9265543952233348	0.07344560477666479
0.43529565914172	0.5647043408582797
0.9035674178668311	0.09643258213316858
0.9661607618264814	0.03383923817351825
0.5687147715292585	0.43128522847074113
0.7380984259744656	0.26190157402553405
0.48371897069527775	0.516281029304722
0.9726799197446039	0.02732008025539584
0.6883846243559291	0.31161537564407055
0.7031822315950128	0.29681776840498686
0.574772590973842	0.4252274090261577
0.04358584088976564	0.956414159110234
0.3361879669009541	0.6638120330990456
0.3099613904442813	0.6900386095557184
0.5381966079944106	0.46180339200558906
0.9323927904430058	0.0676072095569939
0.5651319860198261	0.4348680139801736
0.46746094279753636	0.5325390572024633
0.7351923300132543	0.2648076699867453
0.371097964453202	0.6289020355467977
0.8896072231764949	0.11039277682350473
0.15867551323861567	0.841324486761384
0.31656488222851953	0.6834351177714801
0.4588528879372943	0.5411471120627054
0.5808710642717012	0.4191289357282985
0.18102105768042648	0.8189789423195732
0.6036212213023168	0.39637877869768295
0.62150339471581	0.3784966052841897
0.7986276308930138	0.20137236910698592
0.24671142496525938	0.7532885750347402
0.5966463708849421	0.40335362911505757
0.7885306389638642	0.2114693610361354
0.9766608907611629	0.023339109238836753
0.6684649250046607	0.33153507499533896
0.0068270306081147925	0.9931729693918849
0.28672753981872273	0.713272460181277
0.2688417274028533	0.7311582725971464
0.2946087729542888	0.7053912270457109
0.427533914712868	0.5724660852871317
0.7454140769693531	0.2545859230306466
0.2119201229544736	0.7880798770455261
0.6531845378652694	0.34681546213473025
0.48737238280186423	0.5126276171981354
0.7355553304006959	0.2644446695993038
0.12782482230141323	0.8721751776985864
0.5930589167339025	0.4069410832660971
0.9886381394760178	0.01136186052398186
0.6329195832249663	0.36708041677503334
0.2725920593758654	0.7274079406241343
0.6621845586792773	0.3378154413207224
0.7304740107364668	0.2695259892635329
0.6470236212598837	0.35297637874011606
0.7371545467260421	0.26284545327395764
0.09783393458509732	0.9021660654149024
0.6163897518316996	0.3836102481683
0.05157415463381859	0.9484258453661811
0.20161207566549083	0.7983879243345089
0.4943439900916571	0.5056560099083426
0.3923179111865788	0.6076820888134208
0.6121100985698608	0.3878899014301389
0.04410982744842795	0.9558901725515717
0.8919504469985198	0.10804955300147995
0.9652075024605082	0.03479249753949143
0.5903226453799834	0.4096773546200163
0.5506526610843709	0.4493473389156287
0.10278979555622836	0.8972102044437713
0.8464804888769281	0.1535195111230716
0.9698396256433529	0.030160374356646757
0.27543939893346836	0.7245606010665313
0.8129972998316137	0.187002700168386
0.8736026913683423	0.12639730863165732
0.983668658451031	0.016331341548968703
0.08888031876657687	0.9111196812334228
0.3731953986210984	0.6268046013789013
0.7217188915434247	0.2782811084565749
0.6146688300020018	0.3853311699979978
0.11661623684279515	0.8833837631572046
0.7955412496341616	0.2044587503658381
0.5682135275828921	0.43178647241710755
0.1944585521065189	0.8055414478934808
0.27681258074928455	0.7231874192507151
0.47024528328476756	0.5297547167152321
0.9407000274323656	0.05929997256763403
0.34015660821713	0.6598433917828697
0.25872915798798735	0.7412708420120123
0.49444836050341356	0.5055516394965861
0.9624497316169134	0.03755026838308634
0.25289448484822374	0.7471055151517759
0.7961446846293461	0.2038553153706536
0.6708046115877397	0.3291953884122599
0.1626813617093142	0.8373186382906854
0.6619581666077874	0.3380418333922123
0.7007640829550452	0.2992359170449544
0.535594549263921	0.46440545073607864
0.07807223224600807	0.9219277677539917
0.5590656047464511	0.44093439525354855
0.37241271256494557	0.6275872874350541
0.4004673178581048	0.5995326821418948
0.5269226138400676	0.4730773861599321
0.04601791146000461	0.953982088539995
0.8021251806708343	0.19787481932916534
0.6520491768747542	0.3479508231252455
0.1548438366960157	0.8451561633039839
0.6697348171077877	0.330265182892212
0.06082873802960803	0.9391712619703916
0.020706826653362653	0.979293173346637
0.07368179076289882	0.9263182092371008
0.40097036861749147	0.5990296313825082
0.2651082103567225	0.7348917896432772
0.13041550261562795	0.8695844973843717
0.5006859499100377	0.49931405008996205
0.19183487254535625	0.8081651274546434
0.7141214569822547	0.2858785430177449
0.15415903375213935	0.8458409662478603
0.6787875886774231	0.32121241132257655
0.544362738759723	0.4556372612402767
0.44511206226810834	0.5548879377318913
0.2357570988475815	0.7642429011524181
0.5181199553430628	0.4818800446569369
0.41149029684591315	0.5885097031540866
0.028031574627178646	0.971968425372821
0.13944691604069354	0.8605530839593061
0.16108215302595374	0.8389178469740459
0.8269633331952619	0.17303666680473767
0.3976406324740524	0.6023593675259473
0.5830615974250599	0.4169384025749397
0.4535344290446254	0.5464655709553743
