0.5018268278279493	0.49817317217205037
0.5019298915054968	0.4980701084945028
0.5017881854778332	0.4982118145221665
0.5019237286782968	0.4980762713217029
0.501850280325535	0.49814971967446464
0.5015944502741582	0.49840554972584145
0.5016943252899104	0.4983056747100893
0.5019246386361345	0.49807536136386515
0.5016675105453863	0.4983324894546134
0.5016281164070594	0.4983718835929403
0.5018771261183952	0.4981228738816045
0.5019263238381748	0.49807367616182485
0.5018432750810201	0.49815672491897955
0.501662480037319	0.4983375199626808
0.5018701554591297	0.4981298445408699
0.5019314693737114	0.4980685306262883
0.5018426843480154	0.4981573156519843
0.5017932194894602	0.4982067805105395
0.5016526863331068	0.49834731366689283
0.5016403766223925	0.4983596233776072
0.5018214304661316	0.4981785695338681
0.5015990795015205	0.4984009204984791
0.5018642434119757	0.49813575658802395
0.5016885728932974	0.4983114271067023
0.501688669801733	0.49831133019826673
0.5017370752550578	0.4982629247449418
0.501592431246706	0.49840756875329356
0.5018700545058404	0.4981299454941592
0.5018815313908713	0.4981184686091283
0.5017613371894586	0.49823866281054113
0.5018524280845865	0.4981475719154132
0.5016208753377763	0.4983791246622233
0.5017865520036441	0.4982134479963556
0.5017193452257028	0.49828065477429684
0.5018745001744769	0.49812549982552273
0.5016761436589677	0.498323856341032
0.5017628408729026	0.4982371591270971
0.5016753886173786	0.49832461138262113
0.5017615179431664	0.4982384820568333
0.5016568649074106	0.49834313509258904
0.5019228362029348	0.4980771637970649
0.5016149030911072	0.49838509690889243
0.5016119045426277	0.49838809545737195
0.5016282279602085	0.4983717720397912
0.5016483966926403	0.49835160330735934
0.5016199508718335	0.49838004912816614
0.5018167163985823	0.49818328360141734
0.5017160399498943	0.49828396005010533
0.5018402122873481	0.4981597877126516
0.5019018775948231	0.49809812240517654
0.5018561360341106	0.49814386396588906
0.5016364161052166	0.498363583894783
0.5016005053321041	0.4983994946678955
0.5017074456047267	0.498292554395273
0.5018635965744919	0.4981364034255078
0.5016451371106544	0.4983548628893453
0.5016542807371268	0.49834571926287285
0.5017220416845507	0.4982779583154489
0.5016861209428832	0.4983138790571165
0.501846108781517	0.4981538912184826
0.5016273453806506	0.49837265461934915
0.5017270567620138	0.49827294323798593
0.5018118445193344	0.49818815548066525
0.5017848282269097	0.49821517177308994
0.5016217484302238	0.49837825156977594
0.5018268466757517	0.498173153324248
0.5016458783921897	0.49835412160781
0.5016530648289874	0.4983469351710122
0.5018823970074973	0.4981176029925024
0.5017134917221856	0.49828650827781407
0.5016724119840515	0.4983275880159482
0.5019274979382294	0.4980725020617702
0.5018197208039288	0.4981802791960709
0.5016111782905105	0.4983888217094892
0.5016824085831545	0.4983175914168451
0.5018269780723109	0.4981730219276887
0.5017913033555707	0.49820869664442896
0.5018112231622829	0.4981887768377168
0.5017805442928293	0.49821945570717047
0.5018751776530251	0.4981248223469745
0.5018195462059912	0.4981804537940085
0.5016061121484644	0.49839388785153527
0.5016259014503036	0.498374098549696
0.5016819282696561	0.49831807173034354
0.5017417620542273	0.4982582379457724
0.5019312937973303	0.49806870620266935
0.5017362097606813	0.4982637902393183
0.5018258645209971	0.4981741354790026
0.5017352140901213	0.4982647859098783
0.5016201618359848	0.4983798381640149
0.5017845756376521	0.49821542436234756
0.5017290284524291	0.4982709715475706
0.5018291164709071	0.49817088352909256
0.5017858435180507	0.498214156481949
0.5017149988702012	0.4982850011297985
0.5016110589595458	0.4983889410404538
0.5016874964638282	0.49831250353617146
0.5016566873066894	0.49834331269331017
0.5016217659906447	0.49837823400935494
0.5017810713791153	0.4982189286208843
0.5017558628132873	0.49824413718671234
0.5017944816288477	0.49820551837115196
0.5018063538413156	0.49819364615868417
0.5018945408991792	0.49810545910082055
0.5017326828317417	0.49826731716825795
0.5018174571974247	0.49818254280257507
0.5017237281527938	0.4982762718472059
0.5017832121719775	0.4982167878280222
0.5017352524183978	0.4982647475816019
0.501665295537471	0.4983347044625287
0.5016543352303282	0.49834566476967146
0.5017834120470301	0.4982165879529695
0.5016082650934511	0.49839173490654853
0.5018756254291341	0.49812437457086556
0.5018041612527492	0.49819583874725054
0.5016684896761996	0.49833151032380013
0.5016750759275577	0.498324924072442
0.5018659128257434	0.4981340871742563
0.5016401460868589	0.4983598539131407
0.5018362844769421	0.4981637155230576
0.5016982228033049	0.4983017771966948
0.5018858249075078	0.4981141750924919
0.5015976916192583	0.49840230838074145
0.5017573660523883	0.4982426339476113
0.501916632541594	0.4980833674584057
0.5017365486005588	0.4982634513994409
0.5017564993680328	0.49824350063196693
0.5017362671822547	0.4982637328177449
0.5017883438121479	0.49821165618785174
0.5016404545031442	0.4983595454968555
0.5017933573325747	0.498206642667425
0.5018739611983002	0.4981260388016995
0.5016739172053517	0.49832608279464796
0.501613972684142	0.4983860273158577
0.5017991329090509	0.4982008670909488
0.501807110854592	0.4981928891454077
0.5018943642867435	0.4981056357132562
0.5018794732656779	0.4981205267343218
0.5017584996641861	0.4982415003358136
0.5017287029811787	0.49827129701882095
0.5016711241256532	0.49832887587434654
0.501659134162421	0.49834086583757864
0.5019264214305821	0.4980735785694176
0.501771629444978	0.49822837055502167
0.5016264315630664	0.4983735684369333
0.5016802186583411	0.4983197813416585
0.5019166568750316	0.49808334312496805
0.5015972967520081	0.4984027032479916
0.5019318804865471	0.49806811951345253
0.5016849886568053	0.49831501134319434
0.5018511976021065	0.4981488023978932
0.501764544243155	0.4982354557568447
0.5017702779663475	0.4982297220336521
0.5018593114510802	0.49814068854891946
0.5016641472742258	0.49833585272577385
0.5018036020619927	0.49819639793800696
0.5018067649763726	0.4981932350236271
0.5016262470423349	0.4983737529576647
0.5018035043492172	0.4981964956507825
0.501892833352073	0.49810716664792665
0.5016308971420101	0.4983691028579895
0.5018890546632802	0.4981109453367195
0.5017536440908067	0.4982463559091929
0.5016240858536597	0.49837591414634
0.5017210824732049	0.49827891752679476
0.5016780524006805	0.49832194759931914
0.5018304762891539	0.49816952371084583
0.5018084661599279	0.4981915338400718
0.5019302604619296	0.4980697395380701
0.5016626528551219	0.49833734714487776
0.5018792904891753	0.4981207095108243
0.5016022125340234	0.4983977874659763
0.5016896549169002	0.4983103450830995
0.5016007989117722	0.49839920108822744
0.5016215672917965	0.4983784327082031
0.5016510454252164	0.49834895457478323
0.5019278235454449	0.4980721764545548
0.5016010361631426	0.4983989638368571
0.5016378948342419	0.4983621051657578
0.5015946613526342	0.4984053386473655
0.5018205780707339	0.4981794219292658
0.5017124746683815	0.49828752533161813
0.5016972167423791	0.4983027832576206
0.5018821420568464	0.49811785794315316
0.5017824899819575	0.49821751001804215
0.501640661197127	0.49835933880287264
0.5019150446460076	0.4980849553539921
0.5015975718267347	0.49840242817326497
0.5016226000554519	0.49837739994454777
0.5017112562194356	0.49828874378056415
0.5018246670837156	0.498175332916284
0.5016092701284245	0.4983907298715751
0.5019001171908508	0.49809988280914885
0.5016098180078359	0.49839018199216384
0.5018701888986047	0.498129811101395
0.5016620895014703	0.49833791049852943
0.5018795207621991	0.49812047923780056
0.5019257827362044	0.49807421726379525
0.5017189214512633	0.4982810785487364
0.501919893728531	0.49808010627146876
0.5017184193501879	0.49828158064981176
0.5017661861297579	0.4982338138702418
0.5015926736876544	0.49840732631234536
0.5018733780295204	0.4981266219704793
0.5019122629222386	0.4980877370777611
0.5018204830242589	0.4981795169757408
0.5017284579706314	0.4982715420293683
0.5018376045220213	0.4981623954779784
0.5016446102093624	0.49835538979063737
0.5018061164038856	0.49819388359611405
0.501812278788859	0.4981877212111407
0.5018329246166899	0.49816707538330973
0.5017655445056455	0.4982344554943542
0.5018511597081231	0.49814884029187656
0.5018751794256651	0.49812482057433466
0.5019072726835221	0.4980927273164776
0.5019073190655354	0.49809268093446424
0.5015997948537756	0.4984002051462241
0.5018521312700541	0.4981478687299455
0.5018967189615812	0.4981032810384185
0.5018592283959243	0.4981407716040753
0.5016498028719624	0.49835019712803724
0.5016718231282185	0.4983281768717812
0.5016902664393975	0.49830973356060215
0.5019128605249733	0.4980871394750263
0.5018965662547722	0.4981034337452275
0.5018434906467008	0.4981565093532989
0.501688630796915	0.4983113692030847
0.501873520042235	0.49812647995776477
0.5018375359893579	0.4981624640106418
0.5019072613317309	0.4980927386682687
0.5019011779853496	0.49809882201465006
0.5019247365820583	0.4980752634179414
0.5017552857344324	0.49824471426556727
0.5016716923406084	0.4983283076593913
0.5017876206008285	0.4982123793991712
0.5015978428894337	0.498402157110566
0.5017655610914019	0.4982344389085977
0.5018731219590739	0.4981268780409258
0.5016246679445223	0.4983753320554774
0.5016966766742991	0.49830332332570054
0.5016457439104535	0.49835425608954614
0.5019265470378267	0.4980734529621729
0.5017101085830129	0.49828989141698676
0.501786565181985	0.4982134348180147
0.5017831969847637	0.49821680301523597
0.501775398734457	0.4982246012655427
0.5018603760722006	0.49813962392779915
0.5019006580362533	0.49809934196374644
0.5018475565679993	0.49815244343200044
0.5017691427831964	0.4982308572168033
0.5016346059342247	0.49836539406577496
0.501717841998166	0.4982821580018337
0.5019242899461143	0.4980757100538854
0.5018989177599373	0.49810108224006233
0.501854785510684	0.49814521448931576
0.5019194812531514	0.49808051874684817
0.5017611828911319	0.49823881710886775
0.5019024020218715	0.49809759797812814
0.501868244331714	0.4981317556682857
0.5016833192286209	0.4983166807713788
0.5018067391973872	0.4981932608026125
0.5017179222309817	0.498282077769018
0.501649075757428	0.49835092424257166
0.5016673946467928	0.49833260535320684
0.5018642051286136	0.49813579487138604
0.5017794681772023	0.49822053182279735
0.501907057187026	0.49809294281297367
0.5016606940043006	0.49833930599569914
0.5016081722054302	0.4983918277945694
0.501770863884648	0.49822913611535163
0.5018994184170821	0.4981005815829176
0.5019216656035722	0.49807833439642746
0.5018532782242613	0.49814672177573843
0.5016249252019589	0.4983750747980407
0.5019232230190493	0.4980767769809504
0.5017969008775331	0.4982030991224665
0.5018958465316972	0.49810415346830256
0.5018745186357854	0.4981254813642143
0.5018805648077902	0.49811943519220947
0.5018493117022006	0.49815068829779907
0.5017139131381173	0.49828608686188236
0.5018916344877097	0.49810836551229
0.5016245546077578	0.4983754453922418
0.5016373350114468	0.4983626649885529
0.5017010558749543	0.4982989441250454
0.501643214482885	0.49835678551711476
0.5016477375256759	0.49835226247432374
0.5016037768595416	0.4983962231404581
0.5016721417724681	0.4983278582275316
0.5016727218404301	0.4983272781595696
0.5016644892387965	0.4983355107612032
0.5017096862026776	0.49829031379732197
0.5016524886793684	0.49834751132063126
0.501698006230449	0.49830199376955064
0.5018631585437275	0.4981368414562721
0.501603630283788	0.49839636971621176
0.5017599238077196	0.4982400761922801
0.5018033516814131	0.49819664831858657
0.5017053906867441	0.4982946093132556
0.5016148426549287	0.49838515734507094
0.5017299830225945	0.4982700169774051
0.5016084429897406	0.49839155701025906
0.5015984561462526	0.498401543853747
0.5016792156682858	0.49832078433171395
0.5018541135148398	0.49814588648515984
0.5018805290173283	0.49811947098267145
0.5016878300765375	0.49831216992346217
0.5017380003346067	0.498261999665393
0.501767888991397	0.4982321110086027
0.5018710434744695	0.49812895652553013
0.501631041271008	0.49836895872899173
0.5016289007792568	0.4983710992207428
0.5017432881238972	0.4982567118761024
0.5016997186784399	0.49830028132155985
0.5017693807111334	0.49823061928886625
0.501823619386595	0.49817638061340463
0.5019304503381297	0.49806954966187006
0.5017774019198737	0.4982225980801259
0.5016554916321395	0.49834450836786015
0.5019229964645157	0.498077003535484
0.5016040333623336	0.498395966637666
0.501639658773734	0.4983603412262657
0.5017934415681616	0.4982065584318381
0.5016320303037698	0.49836796969622993
0.5016336282847826	0.498366371715217
0.501804307263131	0.4981956927368687
0.5016012100669603	0.4983987899330393
0.5018593627029654	0.4981406372970343
0.5017433297862427	0.49825667021375697
0.5018747649262919	0.49812523507370776
0.5016354387645203	0.49836456123547934
0.5017379465946464	0.49826205340535323
0.5016904518795702	0.4983095481204295
0.5018166001106035	0.49818339988939614
0.5016848677297184	0.49831513227028124
0.5019289698937417	0.498071030106258
0.5017934994372396	0.4982065005627601
0.5019064631474973	0.49809353685250235
0.5017367587156217	0.4982632412843779
0.5017570637786962	0.49824293622130345
0.5016009204937296	0.49839907950627005
0.5016388795340987	0.498361120465901
0.5018185299404768	0.49818147005952285
0.5017466022144754	0.4982533977855242
0.5017571788079714	0.49824282119202823
0.5018603117674254	0.4981396882325742
0.5017431522672868	0.49825684773271284
0.5018002226228027	0.49819977737719695
0.5016066888032396	0.49839331119676006
0.5016375708393348	0.49836242916066487
0.5018384260171738	0.49816157398282584
0.5016477385482537	0.49835226145174594
0.5018903117865441	0.4981096882134556
0.5019256142711401	0.4980743857288596
0.5018322909317049	0.4981677090682947
0.5017042624529451	0.49829573754705464
0.5016182741354754	0.4983817258645243
0.5016107632160866	0.4983892367839131
0.5017091372537323	0.49829086274626727
0.5016810000248102	0.49831899997518947
0.5018366210839842	0.4981633789160155
0.5017016689015052	0.4982983310984944
0.5017364030714359	0.49826359692856376
0.5016751154062588	0.4983248845937409
0.5018492434702168	0.49815075652978286
0.5015923523578535	0.4984076476421462
0.5016112885749086	0.49838871142509117
0.5018455801469146	0.498154419853085
0.5018795858088444	0.49812041419115527
0.5017038775845268	0.49829612241547283
0.5017187219646283	0.49828127803537137
0.5017876767146303	0.4982123232853693
0.5018635570576502	0.49813644294234954
0.5018167012938453	0.49818329870615435
0.5017755244959899	0.4982244755040098
0.5017006363862528	0.4982993636137468
0.5017570706892365	0.4982429293107632
0.5018709472915631	0.49812905270843655
0.5019178714366284	0.49808212856337136
0.5015959252373039	0.49840407476269577
0.501756127252512	0.49824387274748777
0.5017939696927339	0.49820603030726573
0.5016226123053529	0.4983773876946468
0.5016552048795664	0.4983447951204332
0.5017534084658783	0.4982465915341213
0.5018570324341219	0.4981429675658778
0.5016246170736661	0.4983753829263336
0.5017113148477891	0.4982886851522106
0.5017110036750414	0.4982889963249582
0.5018159314288195	0.49818406857118014
0.5016608269363101	0.4983391730636895
0.5016767250857049	0.4983232749142948
0.5017780698042549	0.49822193019574473
0.5016226218745692	0.49837737812543054
0.5017734333933551	0.4982265666066446
0.5018359442159575	0.49816405578404227
0.5019107221239475	0.4980892778760521
0.5019185505806891	0.49808144941931054
0.501926325972215	0.4980736740277847
0.5017473852859894	0.49825261471401033
0.5016079686030646	0.4983920313969351
0.5017546838085011	0.4982453161914986
0.5017830650786765	0.49821693492132313
0.5018737871021475	0.49812621289785225
0.5017900675270084	0.4982099324729912
0.5016683513475901	0.4983316486524095
0.5017108207184052	0.4982891792815945
0.501745275033756	0.49825472496624373
0.5016145851845483	0.49838541481545134
0.5017378200503388	0.49826217994966077
0.5018434560638145	0.49815654393618514
0.5018805606476179	0.49811943935238184
0.5017057801156486	0.4982942198843511
0.5017912316409446	0.49820876835905503
0.5017021583189278	0.4982978416810719
0.5016294236195327	0.498370576380467
0.5019017209457253	0.4980982790542744
0.5018480429841734	0.4981519570158263
0.5016751932871655	0.49832480671283413
0.5018423227721575	0.4981576772278422
0.5019082146762355	0.4980917853237642
0.5018773852201782	0.49812261477982145
0.5018427711518473	0.4981572288481524
0.5017351739340109	0.4982648260659887
0.5018853890419005	0.49811461095809917
0.5017979842547897	0.49820201574520995
0.5016348409280069	0.4983651590719927
0.5016964371837195	0.49830356281628013
0.5018606676075308	0.4981393323924689
0.5017941291773571	0.49820587082264256
0.5018253698653447	0.498174630134655
0.5017465954920216	0.49825340450797806
0.5016181773267592	0.4983818226732405
0.5016093934190973	0.4983906065809024
0.5017805200950128	0.4982194799049868
0.5016979253516989	0.49830207464830073
0.5017345704478159	0.4982654295521838
0.5016195790474216	0.498380420952578
0.5016823738146753	0.4983176261853244
0.5018999324964153	0.4981000675035844
0.5017930196443177	0.49820698035568195
0.5017167139761753	0.49828328602382427
0.5018369975967878	0.49816300240321193
0.5017840412460963	0.4982159587539034
0.501749810481775	0.49825018951822464
0.5016637612502979	0.49833623874970184
0.5016328968456685	0.49836710315433125
0.5018390183202379	0.4981609816797617
0.5017653392394128	0.4982346607605869
0.5016687677024435	0.49833123229755616
0.5019109717327142	0.4980890282672855
0.5015985135787648	0.49840148642123483
0.5017823937931081	0.49821760620689154
0.5018792177107284	0.4981207822892712
0.5016637186145028	0.4983362813854969
0.5018930163121663	0.4981069836878333
0.5018601198108638	0.4981398801891359
0.5016525598854259	0.49834744011457377
0.5018615160779792	0.4981384839220204
0.5017426868355824	0.49825731316441724
0.5018438941613985	0.4981561058386011
0.5016099724795907	0.4983900275204089
0.5016749018645558	0.4983250981354439
0.5016994415269342	0.4983005584730654
0.5018374917681911	0.49816250823180847
0.5017597927184866	0.4982402072815131
0.5017856939475459	0.49821430605245376
0.501808381908785	0.49819161809121476
0.5018939400989023	0.49810605990109735
0.5018259383699527	0.498174061630047
0.50186339162805	0.4981366083719497
0.501792864733061	0.49820713526693877
0.5017510539061355	0.4982489460938642
0.5017167418202299	0.4982832581797698
0.5019311828739941	0.49806881712600565
0.5016675108881572	0.49833248911184247
0.5016687690009842	0.4983312309990154
0.5016755667069001	0.49832443329309956
0.5016918833124693	0.49830811668753044
0.5018452156519333	0.4981547843480664
0.5018407650310756	0.4981592349689241
0.5019007451270799	0.49809925487291973
0.5018560025565567	0.49814399744344295
0.5017009630220519	0.4982990369779478
0.501808189146705	0.4981918108532947
0.5018869113415128	0.49811308865848697
0.5016472050888986	0.498352794911101
0.5016485904728387	0.4983514095271609
0.5017823609509032	0.49821763904909644
0.5017033784954988	0.49829662150450077
0.5018642065887843	0.49813579341121533
0.501653752650844	0.49834624734915567
0.5018774626664372	0.4981225373335625
0.5017954315979528	0.4982045684020468
0.5016970922474172	0.4983029077525824
0.5018073512735515	0.49819264872644814
0.5016584536317231	0.4983415463682765
0.5017709540967747	0.4982290459032249
0.5017960766161692	0.49820392338383046
0.5017758162775177	0.49822418372248195
0.5018179718300805	0.49818202816991924
0.5018705101692825	0.49812948983071714
0.5017508523159157	0.498249147684084
0.5018875959551244	0.49811240404487517
0.5018523283066936	0.49814767169330604
0.5018254484215038	0.49817455157849594
0.5016553986007938	0.49834460139920594
0.5018725818453742	0.49812741815462547
0.5017467530808861	0.49825324691911355
0.5017668118208625	0.4982331881791372
0.5016097424160789	0.49839025758392075
0.5018262244314503	0.49817377556854936
0.5019015825688619	0.4980984174311378
0.5019122550106196	0.49808774498937997
0.5018285199308807	0.49817148006911893
0.5017693214863251	0.49823067851367453
0.5017143434618138	0.4982856565381859
0.5018346076199172	0.4981653923800825
0.5017819729386476	0.4982180270613521
0.5018354972974015	0.4981645027025981
0.5019175720074815	0.49808242799251806
0.5017938693047851	0.4982061306952146
0.5018801630170263	0.49811983698297335
0.5019300528582115	0.4980699471417882
0.5015972760284131	0.4984027239715866
0.5017646157582767	0.498235384241723
0.5017064210186225	0.49829357898137716
0.5017015235326143	0.4982984764673854
0.5017592143002488	0.49824078569975083
0.501817961420418	0.4981820385795817
0.5018234567140015	0.49817654328599814
0.5018734192706633	0.49812658072933635
0.5018721805514959	0.4981278194485039
0.5017663664559822	0.4982336335440175
0.5017900740056038	0.4982099259943959
0.5018855091989664	0.4981144908010333
0.5019249220170514	0.49807507798294826
0.501887126898198	0.49811287310180163
0.5017893927375928	0.4982106072624068
0.5015953644551786	0.49840463554482106
0.5017297330386751	0.49827026696132465
0.5017610964226471	0.49823890357735257
0.5016932572737691	0.4983067427262305
0.5018576047078921	0.4981423952921076
0.5018933728635864	0.4981066271364133
0.5016985659066124	0.4983014340933872
0.5016831252281154	0.49831687477188424
0.5017199272405902	0.49828007275940944
0.501715460142212	0.4982845398577877
0.5017553810997841	0.4982446189002156
0.5016156028353487	0.49838439716465094
0.5017573155749475	0.4982426844250521
0.5018019146078504	0.4981980853921492
0.5018469843578296	0.49815301564217007
0.5016884854579773	0.4983115145420224
0.5019063207403215	0.49809367925967823
0.5019037915018698	0.4980962084981298
0.501721642984481	0.49827835701551876
0.5016688837293823	0.4983311162706174
0.5017073870649024	0.49829261293509736
0.5017761010415549	0.4982238989584447
0.5016581543818592	0.49834184561814043
0.5017884589408962	0.4982115410591035
0.5016639718611764	0.49833602813882333
0.5016246916385825	0.4983753083614172
0.5017026427216976	0.49829735727830204
0.5016196744893588	0.4983803255106408
0.5019118288296782	0.4980881711703214
0.5016284367870844	0.4983715632129153
0.5017503333667058	0.49824966663329384
0.5017604603889558	0.49823953961104384
0.5019289945540762	0.49807100544592336
0.5017837302609385	0.49821626973906125
0.5018321245300094	0.49816787546999025
0.5018934018063652	0.49810659819363445
0.5016194838887986	0.49838051611120104
0.5017683909301426	0.4982316090698571
0.5019130239747871	0.49808697602521257
0.5017321385057538	0.4982678614942459
0.5018236977091824	0.4981763022908172
0.5018518381276349	0.4981481618723648
0.5017905310950588	0.4982094689049409
0.5018969855038266	0.4981030144961731
0.5018556191441528	0.4981443808558469
0.5017826095195548	0.49821739048044494
0.5018332162253915	0.49816678377460827
0.501895365206759	0.4981046347932406
0.5018671824530808	0.4981328175469189
0.5016928183464753	0.4983071816535244
0.501612270356284	0.4983877296437157
0.5016462686633576	0.4983537313366421
0.5018635327045229	0.4981364672954767
0.50190268984701	0.49809731015298964
0.5016629379632783	0.4983370620367213
0.5016746403794731	0.49832535962052665
0.5019193528151977	0.49808064718480194
0.5017882109927295	0.4982117890072702
0.5015962728615168	0.49840372713848297
0.501671956195065	0.4983280438049347
0.5018141421037251	0.49818585789627456
0.5016304727318739	0.4983695272681258
0.5018289897996304	0.4981710102003692
0.5018545204675705	0.49814547953242916
0.501932299282001	0.4980677007179987
0.5019154917256216	0.49808450827437817
0.5016582764816894	0.49834172351831035
0.5016775530903897	0.49832244690961
0.5018498619990596	0.49815013800094005
0.5019244340796698	0.4980755659203299
0.5017404826051323	0.4982595173948674
0.501779873937037	0.4982201260629626
0.5017244569523941	0.4982755430476056
0.5016080307266727	0.49839196927332696
0.5016586692710336	0.498341330728966
0.5018482197034626	0.49815178029653706
0.5017101564124157	0.498289843587584
0.5016471211621075	0.4983528788378922
0.5016049223978599	0.4983950776021398
0.5017488715218724	0.4982511284781272
0.5016221285626753	0.4983778714373243
0.5016221847438863	0.49837781525611335
0.5017471401769439	0.4982528598230558
0.5017628875575744	0.4982371124424253
0.5019148506816655	0.49808514931833414
0.5018311150853687	0.49816888491463096
0.5016349892194752	0.49836501078052436
0.5018100591493617	0.49818994085063795
0.501675438588163	0.4983245614118366
0.5017895252721858	0.4982104747278138
0.5017658334892553	0.49823416651074437
0.5016953204875849	0.4983046795124147
0.5018906587530554	0.4981093412469442
0.5015930440287861	0.4984069559712136
0.5018945750957762	0.4981054249042235
0.5018666223088241	0.4981333776911756
0.5018475444776156	0.49815245552238413
0.5019035954080323	0.49809640459196736
0.5016963597741353	0.4983036402258644
0.501628013556092	0.4983719864439077
0.5018541915108752	0.49814580848912454
0.5017501700830772	0.49824982991692246
0.5018975954944577	0.498102404505542
0.5016022806632094	0.4983977193367903
0.5016417460123499	0.4983582539876497
0.5017579397774629	0.4982420602225368
0.5017503826580888	0.4982496173419108
0.5017486110434402	0.49825138895655946
0.5017084112083222	0.49829158879167745
0.5017037825964447	0.49829621740355495
0.5019337874899378	0.49806621251006183
0.5018313226081424	0.4981686773918573
0.5019143578891241	0.4980856421108756
0.5018967535693066	0.49810324643069304
0.5018715062310865	0.49812849376891327
0.5017482833023899	0.4982517166976098
0.5017649300274114	0.4982350699725883
0.5018990445568516	0.49810095544314803
0.5018494253270004	0.4981505746729993
0.5017952759616755	0.49820472403832416
0.5017888286020986	0.49821117139790105
0.5017413988374123	0.4982586011625873
0.5018900012365468	0.4981099987634528
0.5019069410931568	0.49809305890684286
0.5019336257382497	0.4980663742617499
0.5018627351365956	0.49813726486340404
0.5018716367447068	0.4981283632552929
0.5016172890183754	0.4983827109816242
0.5018453493109142	0.49815465068908554
0.501906312285522	0.49809368771447765
0.50178175078179	0.49821824921820973
0.5017869505654673	0.49821304943453243
0.5018092680575978	0.4981907319424019
0.5019003657364142	0.4980996342635855
0.5018974764072864	0.49810252359271323
0.5019178970320343	0.49808210296796546
0.5016137572414525	0.49838624275854715
0.5018579426057119	0.49814205739428774
0.5018633542076469	0.4981366457923528
0.5018222866168354	0.4981777133831643
0.5018925990931402	0.49810740090685945
0.5018095576210795	0.4981904423789202
0.5018474949727807	0.49815250502721903
0.501862079473741	0.49813792052625866
0.5016770010398626	0.49832299896013704
0.5017521174694751	0.4982478825305245
0.5016410150422583	0.49835898495774134
0.5018557689097103	0.4981442310902894
0.5018898838790616	0.49811011612093803
0.5019028861197385	0.4980971138802611
0.501637816254082	0.4983621837459177
0.5017791556576127	0.49822084434238695
0.5017652687096676	0.498234731290332
0.501915983287457	0.49808401671254265
0.5019274861981666	0.49807251380183304
0.5017424094145985	0.49825759058540114
0.5017738257602543	0.49822617423974536
0.5016211510433092	0.4983788489566905
0.5019063559132366	0.49809364408676304
0.5017871992821936	0.4982128007178061
0.5019122803251779	0.4980877196748218
0.5018891237531775	0.49811087624682215
0.5018473004366117	0.4981526995633879
0.5018904146523527	0.49810958534764693
0.5018691369342868	0.4981308630657129
0.5018518528911106	0.4981481471088891
0.5016431867138794	0.49835681328612025
0.5016742215438862	0.4983257784561135
0.5017953275222578	0.49820467247774197
0.5018228809265624	0.49817711907343726
0.5017673436995687	0.498232656300431
0.5016483239127978	0.49835167608720193
0.5017288861899158	0.4982711138100838
0.5015920474955496	0.49840795250445
0.5016166465929562	0.49838335340704343
0.5017438854183857	0.498256114581614
0.5018408947699885	0.49815910523001117
0.5016856909056332	0.4983143090943665
0.5018509839575251	0.49814901604247447
0.5016038628957323	0.4983961371042673
0.5018094766774572	0.49819052332254243
0.5018436779270428	0.4981563220729569
0.501658811119412	0.49834118888058765
0.501786943776803	0.49821305622319667
0.5018208877849921	0.4981791122150075
0.5016313363596043	0.49836866364039534
0.5018357126653711	0.49816428733462864
0.5017786693556575	0.4982213306443421
0.5016015291742959	0.4983984708257038
0.5017700763738524	0.4982299236261473
0.5018140711987314	0.49818592880126816
0.5016773027934944	0.49832269720650524
0.5017371033751539	0.49826289662484585
0.5016995719999513	0.4983004280000483
0.5017556594014867	0.49824434059851297
0.5019141935611507	0.49808580643884887
0.5018558136446929	0.4981441863553068
0.5018890645397069	0.49811093546029267
0.5018846000728264	0.49811539992717324
0.5017651622127162	0.49823483778728356
0.5016820985989023	0.49831790140109733
0.5016034782216637	0.49839652177833593
0.5017544009847347	0.498245599015265
0.501924742488788	0.4980752575112116
0.5018973953802118	0.4981026046197879
0.5017193080418977	0.498280691958102
0.5016962548822108	0.4983037451177888
0.5017289442428693	0.49827105575713043
0.5016913429949564	0.49830865700504323
0.5015992470152805	0.49840075298471914
0.501838745690915	0.49816125430908464
0.5018578279487528	0.4981421720512469
0.5017581825865787	0.49824181741342094
0.5016498474587289	0.4983501525412708
0.5016953547417123	0.4983046452582873
0.501849373468625	0.4981506265313747
0.5018637613103968	0.4981362386896029
0.5018014632301838	0.4981985367698159
0.5016080296831188	0.4983919703168809
0.5016298299682498	0.4983701700317499
0.5018572417452157	0.4981427582547839
0.5016667007469097	0.49833329925309006
0.5016907997141399	0.4983092002858598
0.5016387328564214	0.4983612671435783
0.5018838806615278	0.4981161193384719
0.5018587723669055	0.4981412276330942
0.5017834717741511	0.4982165282258486
0.5018301186505989	0.4981698813494007
0.5017803450122598	0.49821965498773985
0.5018056706874198	0.4981943293125799
0.5018277610728175	0.4981722389271822
0.5018662853493392	0.4981337146506604
0.5018183494026703	0.49818165059732933
0.5017351013873892	0.4982648986126105
0.5016686195383325	0.49833138046166714
0.5019112023460555	0.49808879765394426
0.5017733602467991	0.49822663975320053
0.5019207118434499	0.49807928815654984
0.5017586330961824	0.49824136690381726
0.5017568895670111	0.4982431104329886
0.5017184720228964	0.4982815279771032
0.5015969497752707	0.49840305022472897
0.5018674905594713	0.4981325094405283
0.5016363178359053	0.4983636821640943
0.5017427012428116	0.49825729875718805
0.5016173125504713	0.4983826874495284
0.501730446498493	0.49826955350150676
0.5016611339180546	0.4983388660819451
0.5019237768254893	0.49807622317451034
0.5019006560175648	0.49809934398243483
0.5018289688570187	0.498171031142981
0.501639283988121	0.49836071601187865
0.501855034744311	0.4981449652556887
0.5016285960627066	0.498371403937293
0.5019292938362758	0.49807070616372384
0.50189305962063	0.49810694037936964
0.5018011516789131	0.49819884832108646
0.5018693164212206	0.49813068357877904
0.5017332185605804	0.49826678143941927
0.50184510738279	0.49815489261720974
0.5017356762493003	0.4982643237506994
0.501873272754709	0.49812672724529056
0.5018121962147508	0.49818780378524885
0.5018087998633858	0.49819120013661383
0.5017479947159394	0.4982520052840602
0.5017039059553354	0.4982960940446643
0.5017819299904639	0.4982180700095358
0.501646989056329	0.4983530109436707
0.5019045660958364	0.49809543390416317
0.5016810389489952	0.4983189610510044
0.5018747518488701	0.49812524815112963
0.5018013443212906	0.498198655678709
0.5017946766006722	0.4982053233993274
0.5018401884377595	0.49815981156224026
0.5016483753068662	0.49835162469313343
0.5016459318560865	0.4983540681439132
0.5016310762743464	0.4983689237256532
0.501739642377297	0.49826035762270265
0.5018655680163127	0.498134431983687
0.5016678671861204	0.4983321328138792
0.50175046425835	0.49824953574164965
0.5015966588258224	0.4984033411741773
0.5018646360768574	0.49813536392314234
0.50188689537528	0.49811310462471975
0.5019040555176479	0.4980959444823518
0.5017230904547427	0.498276909545257
0.5019065153220512	0.4980934846779484
0.5017314421978423	0.49826855780215745
0.5018082433357849	0.4981917566642148
0.5019026587861403	0.4980973412138594
0.5018473346736361	0.49815266532636354
0.5019257014865596	0.49807429851344004
0.5018501660858175	0.4981498339141822
0.5016403238178575	0.49835967618214216
0.5016055828310249	0.49839441716897487
0.5018898599529965	0.49811014004700316
0.5016325627707776	0.498367437229222
0.5017632963612705	0.49823670363872913
0.501798690229138	0.49820130977086163
0.5017647042226744	0.4982352957773253
0.5015925140769136	0.498407485923086
0.5017150586753397	0.49828494132465995
0.5017638528539962	0.4982361471460035
0.5016502480312668	0.4983497519687328
0.5016337503819118	0.4983662496180879
0.501917551230812	0.49808244876918756
0.5016943713670627	0.4983056286329369
0.5019058005869423	0.4980941994130573
0.50188561824847	0.4981143817515296
0.5016209445117197	0.49837905548828
0.5018987095126305	0.49810129048736923
0.501636119421057	0.49836388057894265
0.5018197903677791	0.49818020963222054
0.5016369142119551	0.49836308578804456
0.5017463298912592	0.49825367010874044
0.5016231401775372	0.4983768598224625
0.5018120663683715	0.4981879336316281
0.5016051195239578	0.4983948804760419
0.5016441665200567	0.49835583347994294
0.5016794045447053	0.49832059545529434
0.5016268151809866	0.498373184819013
0.5016056962613816	0.4983943037386181
0.5016980378108195	0.4983019621891802
0.5016867275397389	0.4983132724602608
0.5017765679266003	0.4982234320733993
0.5017963806738187	0.498203619326181
0.5018743675676562	0.49812563243234337
0.5018339151616342	0.4981660848383654
0.5018616949379452	0.4981383050620545
0.5017661584960613	0.49823384150393835
0.5017145123080511	0.49828548769194864
0.5017449815041353	0.4982550184958644
0.501780825641283	0.4982191743587166
0.5016635079008844	0.49833649209911524
0.5017961941869404	0.49820380581305923
0.5019078426747811	0.49809215732521855
0.5018203142078954	0.49817968579210425
0.5016623330459602	0.4983376669540394
0.501931086979283	0.4980689130207167
0.5018603282984119	0.4981396717015878
0.5018218040869603	0.4981781959130394
0.5018783507213201	0.4981216492786796
0.5017852189266666	0.49821478107333306
0.5016037361873023	0.49839626381269736
0.5016837296624767	0.49831627033752296
0.5018019044099196	0.4981980955900801
0.5017489722859336	0.49825102771406604
0.5018916569106692	0.49810834308933055
0.501614244901429	0.49838575509857064
0.5019071131174836	0.4980928868825161
0.5016731819900357	0.4983268180099639
0.501810745088828	0.4981892549111718
0.5016773628288875	0.49832263717111214
0.5018460432566751	0.4981539567433245
0.5018890085998472	0.49811099140015247
0.5017621034719134	0.49823789652808625
0.5018921236003941	0.49810787639960546
0.5019328469715189	0.49806715302848076
0.5017618418700328	0.4982381581299669
0.5015999316362358	0.4984000683637639
0.5018982267303287	0.49810177326967103
0.5017941417575045	0.49820585824249525
0.5018568402897075	0.4981431597102922
0.5018243807377056	0.4981756192622941
0.5016917881506863	0.4983082118493134
0.5016616579417871	0.4983383420582126
0.5017507460661197	0.49824925393388003
0.5016036006234244	0.4983963993765753
0.5018614936539605	0.4981385063460392
0.501789816567538	0.4982101834324617
0.5016673457087815	0.49833265429121815
0.5018469687503792	0.49815303124962046
0.5016928599654986	0.498307140034501
0.5019114661809723	0.49808853381902735
0.5017311106275586	0.49826888937244107
0.5018971402370637	0.49810285976293606
0.5017978148602188	0.4982021851397808
0.5016618179715971	0.49833818202840247
0.5017031863746768	0.4982968136253229
0.5018343523049859	0.4981656476950138
0.5018021911112305	0.4981978088887692
0.5017928732267402	0.4982071267732595
0.5017823025116879	0.49821769748831174
0.501888770440995	0.49811122955900466
0.5018655711341738	0.4981344288658258
0.501620631286362	0.49837936871363764
0.5019058749876919	0.4980941250123077
0.5019130545269659	0.4980869454730338
0.5017654992566912	0.4982345007433084
0.5018181741174643	0.49818182588253535
0.5017533408271987	0.4982466591728009
0.5016260610480235	0.4983739389519762
0.5016461709729982	0.4983538290270015
0.5017799332847558	0.4982200667152439
0.5019029475000449	0.49809705249995473
0.5017550502420853	0.49824494975791433
0.5017110363525644	0.4982889636474353
0.5017729521149683	0.4982270478850313
0.5016702702732544	0.4983297297267452
0.5017603825451387	0.49823961745486095
0.5017501841339129	0.49824981586608674
0.5016852035358784	0.4983147964641212
0.5017481795508076	0.49825182044919203
0.5017578093859096	0.4982421906140901
0.5016537170188204	0.49834628298117917
0.5019002014663126	0.498099798533687
0.5017850525983991	0.49821494740160055
0.5016913006345162	0.49830869936548344
0.5019194753683326	0.4980805246316671
0.5016376030630956	0.49836239693690415
0.5017309986383933	0.4982690013616064
0.5017881673393942	0.4982118326606054
0.5019153147314726	0.49808468526852706
0.5018171621558056	0.49818283784419404
0.5018222056263607	0.49817779437363896
0.5018643533466163	0.49813564665338333
0.5018115975724418	0.4981884024275579
0.5018989618235614	0.4981010381764382
0.5018925274218129	0.4981074725781867
0.501618196691723	0.4983818033082767
0.5016197576622367	0.498380242337763
0.5018508212293216	0.49814917877067805
0.5018105236032305	0.4981894763967692
0.5016943491166388	0.4983056508833608
0.5017706685176909	0.4982293314823087
0.5018343943588676	0.4981656056411321
0.5018893262475825	0.49811067375241713
0.501748132102661	0.4982518678973386
0.5018760768950985	0.4981239231049011
0.5016955689956821	0.49830443100431754
0.5016433250121758	0.4983566749878238
0.50176459513299	0.4982354048670097
0.5016398594340385	0.49836014056596106
0.5016035091995886	0.49839649080041104
0.5019048798456629	0.4980951201543367
0.5017679907747552	0.49823200922524447
0.5016622352808794	0.4983377647191203
0.5017115159087786	0.4982884840912211
0.5018469671640988	0.4981530328359009
0.5016715888430853	0.4983284111569144
0.5017992927456624	0.4982007072543373
0.5017674371802936	0.498232562819706
0.5018559548667401	0.49814404513325955
0.5016361459988712	0.49836385400112854
0.501858369668783	0.49814163033121656
0.5017375151000147	0.4982624848999849
0.5017174765171425	0.4982825234828572
0.5018768530905077	0.498123146909492
0.501702082303546	0.4982979176964537
0.501817722435861	0.49818227756413863
0.5018569933011239	0.49814300669887585
0.5017238076257942	0.49827619237420556
0.5017758622881857	0.49822413771181395
0.5016223276291002	0.4983776723708995
0.5018586234126701	0.4981413765873296
0.5017047077726082	0.49829529222739144
0.5018210696663616	0.498178930333638
0.501744599917872	0.49825540008212765
0.5016128378313632	0.49838716216863643
0.501604222146405	0.4983957778535946
