0.5462797687426317	0.453720231257368
0.5463540037295243	0.45364599627047547
0.5462033480835834	0.45379665191641627
0.5464278237502451	0.4535721762497546
0.546405862618118	0.4535941373818817
0.5464852976834425	0.45351470231655716
0.5462358335631325	0.4537641664368671
0.5464915835228306	0.4535084164771691
0.5463257932661434	0.4536742067338563
0.5464578652053768	0.4535421347946229
0.5462313742919956	0.453768625708004
0.5464446566947567	0.45355534330524294
0.5465089248472751	0.4534910751527246
0.546481204230812	0.4535187957691877
0.5463885239005505	0.45361147609944924
0.5461936345222387	0.45380636547776104
0.5465058490956051	0.4534941509043946
0.5464309244472249	0.45356907555277476
0.5465084741626767	0.453491525837323
0.5465346789822539	0.4534653210177458
0.5461742213296723	0.4538257786703273
0.5463005023906622	0.45369949760933753
0.5462680595341081	0.4537319404658916
0.5461852693370153	0.4538147306629844
0.5463476990231969	0.4536523009768027
0.5462942803843951	0.4537057196156046
0.5463935709163223	0.4536064290836773
0.5464892869882394	0.4535107130117602
0.5464988662764176	0.453501133723582
0.546282103192603	0.45371789680739666
0.546539924190273	0.45346007580972664
0.5463459888469182	0.45365401115308146
0.5462052261210432	0.4537947738789565
0.5462847743579595	0.45371522564204014
0.546288217658098	0.45371178234190174
0.5461659693547214	0.4538340306452783
0.5463507306961092	0.45364926930389055
0.5461736723446347	0.453826327655365
0.5461630354183781	0.45383696458162165
0.5462270420798989	0.45377295792010075
0.5465377331834295	0.45346226681657015
0.5463577923269807	0.45364220767301894
0.5463856772899255	0.4536143227100741
0.546287862932542	0.45371213706745767
0.5464777679530258	0.45352223204697384
0.5462144293130883	0.45378557068691133
0.5462221260959033	0.4537778739040964
0.5463995588239201	0.45360044117607956
0.546376970263723	0.45362302973627666
0.5463224700537026	0.453677529946297
0.5465459208009814	0.45345407919901826
0.5463430484676411	0.4536569515323585
0.5462418196172717	0.45375818038272797
0.5462154426912463	0.4537845573087534
0.5464610007332811	0.4535389992667186
0.5463708878050775	0.4536291121949222
0.5462284207754964	0.4537715792245033
0.5464655916724939	0.4535344083275058
0.5462846217122321	0.45371537828776753
0.5464864188803081	0.45351358111969153
0.5463406749027567	0.45365932509724294
0.546262800135723	0.4537371998642766
0.5463630997058553	0.4536369002941444
0.546374456352561	0.4536255436474387
0.5462287230792507	0.453771276920749
0.5463310659581948	0.45366893404180486
0.5464137297764896	0.45358627022351006
0.5464221104819446	0.4535778895180551
0.5463466353199911	0.45365336468000855
0.5462907847388461	0.4537092152611536
0.5463306720015891	0.4536693279984106
0.5462485293330942	0.45375147066690547
0.5464964604690383	0.4535035395309613
0.5464383625505915	0.4535616374494082
0.546291346639839	0.45370865336016064
0.5462632296372422	0.4537367703627575
0.5463353165967266	0.453664683403273
0.5464361168198225	0.4535638831801771
0.5463587363350669	0.45364126366493274
0.5464258149220036	0.4535741850779961
0.5464100576294104	0.4535899423705893
0.5462335118579241	0.45376648814207554
0.54653866793177	0.45346133206822964
0.5464803721635566	0.45351962783644306
0.5465260277673645	0.45347397223263525
0.5464935740896175	0.4535064259103821
0.5464918579912972	0.45350814200870254
0.5465450644276217	0.45345493557237787
0.5463121144203084	0.45368788557969136
0.5463115301894	0.45368846981059957
0.5463973189259206	0.4536026810740791
0.5465329957430481	0.4534670042569515
0.5464586554096899	0.4535413445903098
0.5463301159148691	0.45366988408513054
0.5464991256079288	0.4535008743920709
0.5463820010351231	0.4536179989648766
0.5463045801240822	0.45369541987591744
0.5462121794932728	0.4537878205067268
0.5462184518000144	0.45378154819998534
0.5462309297411974	0.45376907025880237
0.5464876779741102	0.45351232202588937
0.5465207163138383	0.4534792836861614
0.5462093153431685	0.45379068465683114
0.5464229845940297	0.4535770154059699
0.5463260157129678	0.4536739842870318
0.5465206693887101	0.4534793306112895
0.546426898304055	0.45357310169594467
0.5463701525886873	0.45362984741131235
0.5463231733876625	0.4536768266123372
0.5465056394633183	0.4534943605366813
0.5465312940878028	0.45346870591219685
0.5462302931677666	0.45376970683223306
0.5462464077660311	0.45375359223396866
0.5463098631437827	0.45369013685621695
0.5464537710460572	0.45354622895394253
0.5463133509417115	0.4536866490582882
0.5462156289800095	0.45378437101999014
0.5465373198263357	0.4534626801736639
0.5464278907403999	0.4535721092595998
0.5464432837804295	0.45355671621957017
0.5462475633552248	0.4537524366447749
0.5461814360354117	0.45381856396458803
0.5464848164051674	0.4535151835948322
0.5463950978261017	0.45360490217389793
0.5463534847807452	0.4536465152192545
0.5463124087810818	0.4536875912189179
0.5463207804251062	0.4536792195748935
0.5463852626557801	0.4536147373442196
0.5461815659901341	0.4538184340098655
0.546349688598736	0.4536503114012636
0.5464312528961731	0.4535687471038265
0.5465329911637926	0.4534670088362071
0.5463823595377337	0.45361764046226594
0.5461659217788326	0.45383407822116706
0.5462541160093246	0.45374588399067506
0.5462716375632046	0.45372836243679504
0.5462816408616183	0.4537183591383814
0.546537184150866	0.4534628158491336
0.5463575039166482	0.45364249608335144
0.5463798543543795	0.4536201456456201
0.5462134997569489	0.4537865002430508
0.5463096719749948	0.4536903280250048
0.5462412613703911	0.4537587386296085
0.5463731639675083	0.4536268360324913
0.5465455993169405	0.45345440068305926
0.5461863823877725	0.45381361761222716
0.5465284445603052	0.4534715554396945
0.5463421987555805	0.4536578012444192
0.5461930511200793	0.4538069488799203
0.5462570461004036	0.45374295389959607
0.5464821586445797	0.45351784135541995
0.5462001161295564	0.45379988387044323
0.5462587258538518	0.45374127414614784
0.5462843935400806	0.4537156064599191
0.5464972579990726	0.4535027420009271
0.5462476187953613	0.45375238120463834
0.5463585095070626	0.45364149049293717
0.5462310862860124	0.4537689137139873
0.5461963008238551	0.45380369917614455
0.5464296352832231	0.45357036471677653
0.5463622937867938	0.4536377062132059
0.5461623099207555	0.4538376900792441
0.5464946507736214	0.45350534922637836
0.5464334631277599	0.45356653687223975
0.5463880554005961	0.45361194459940357
0.5465444478532486	0.45345555214675104
0.5462940628210269	0.4537059371789728
0.5461967124003606	0.45380328759963906
0.5463617010310132	0.45363829896898644
0.5463086622070563	0.45369133779294335
0.5461900698753811	0.45380993012461857
0.5465372391642686	0.45346276083573106
0.5463217546292636	0.45367824537073603
0.5464319828400592	0.4535680171599405
0.5464592244328366	0.45354077556716305
0.5461590182100907	0.45384098178990895
0.5464020373683778	0.4535979626316219
0.5464151924523736	0.45358480754762603
0.5465394060995934	0.4534605939004063
0.5461562937447709	0.4538437062552288
0.5464262337806424	0.45357376621935724
0.5463823113325252	0.45361768866747443
0.5461645578624954	0.45383544213750426
0.5465193915433273	0.45348060845667243
0.5461558201059579	0.4538441798940418
0.5462606299713432	0.4537393700286565
0.5465235941205149	0.4534764058794848
0.546371858615963	0.4536281413840366
0.5464317455087312	0.4535682544912685
0.5462671489176776	0.45373285108232214
0.5465273120099611	0.4534726879900386
0.5465173089860088	0.45348269101399086
0.5464004924307208	0.4535995075692789
0.5462550517623646	0.45374494823763506
0.5462036123240176	0.453796387675982
0.5464116095202071	0.4535883904797926
0.5462874995630707	0.453712500436929
0.5465140851549593	0.4534859148450404
0.546334316089498	0.45366568391050166
0.5462949418901362	0.4537050581098635
0.5463299613488273	0.4536700386511724
0.5462537120581544	0.4537462879418452
0.5465243446179898	0.45347565538200985
0.5462959844524734	0.45370401554752626
0.5462398340541599	0.45376016594583984
0.546249364929849	0.4537506350701507
0.5462161037672696	0.4537838962327301
0.5463169412073521	0.45368305879264753
0.5465041408790484	0.4534958591209513
0.5464865486784781	0.45351345132152154
0.5464092629595843	0.4535907370404154
0.5462287848921257	0.45377121510787405
0.546186429606837	0.45381357039316256
0.5463222114711377	0.4536777885288619
0.5464170573232779	0.45358294267672167
0.5464325453609841	0.45356745463901565
0.54654092702308	0.4534590729769197
0.5464666235636951	0.4535333764363046
0.5463406192798657	0.453659380720134
0.5462067779062024	0.45379322209379724
0.5465026550511255	0.4534973449488741
0.5462020191039292	0.45379798089607043
0.5461552508742333	0.4538447491257664
0.5464480255897082	0.4535519744102915
0.5463358470536003	0.45366415294639945
0.5464413497310456	0.45355865026895403
0.5463536257810352	0.4536463742189645
0.5464966408807935	0.4535033591192062
0.5463057724870118	0.4536942275129878
0.546467853845536	0.45353214615446363
0.5462335401822374	0.4537664598177623
0.5463277600784346	0.453672239921565
0.5462905324812086	0.45370946751879104
0.5461983852601222	0.4538016147398775
0.5461752722542513	0.45382472774574834
0.5464076251707854	0.4535923748292142
0.5463478245788447	0.453652175421155
0.5463978903473781	0.45360210965262154
0.5462016753888157	0.45379832461118397
0.5464341319930061	0.4535658680069936
0.546309139373178	0.4536908606268216
0.5464564523001536	0.45354354769984606
0.5463706416755599	0.4536293583244397
0.5463117575629803	0.4536882424370193
0.546424274044221	0.45357572595577866
0.5462581683271036	0.45374183167289606
0.5463976251587243	0.4536023748412754
0.5463194848751154	0.4536805151248842
0.5464292136248353	0.4535707863751643
0.5465402517240628	0.4534597482759368
0.5461900944220256	0.45380990557797407
0.5465122567452236	0.45348774325477603
0.5464667904055268	0.4535332095944728
0.5461946338540222	0.45380536614597744
0.5463561493056555	0.4536438506943442
0.5464975828173335	0.45350241718266615
0.5464232539054001	0.45357674609459947
0.5461978777941338	0.4538021222058659
0.5463840278345005	0.4536159721654992
0.5464304968782899	0.4535695031217097
0.5464155595693155	0.4535844404306842
0.546294549881753	0.4537054501182467
0.5463736259075739	0.45362637409242584
0.5465083123252362	0.45349168767476344
0.546456074785459	0.4535439252145407
0.5463019250224552	0.4536980749775444
0.5464252828409497	0.45357471715904996
0.5464203568845785	0.4535796431154212
0.5462871268606272	0.45371287313937253
0.546546928172806	0.4534530718271937
0.5464363965193405	0.45356360348065916
0.546190122929805	0.4538098770701947
0.5462306259867704	0.45376937401322925
0.5462002293572283	0.4537997706427713
0.54654799453166	0.4534520054683396
0.5464956272152408	0.4535043727847589
0.5461630525922267	0.453836947407773
0.5465333089563007	0.453466691043699
0.546541899055178	0.4534581009448217
0.5464184656079641	0.4535815343920355
0.5463576128692865	0.45364238713071314
0.5461977401923498	0.4538022598076499
0.5463959573015651	0.4536040426984346
0.5464122343925712	0.4535877656074284
0.5465351648865607	0.45346483511343894
0.5461614191200864	0.45383858087991324
0.5463861765391055	0.4536138234608942
0.5461834319507083	0.4538165680492914
0.5462747884298113	0.45372521157018836
0.5464303135049245	0.4535696864950751
0.5461901057606477	0.4538098942393519
0.5464947917475338	0.4535052082524659
0.5463070678699117	0.453692932130088
0.5464865035443875	0.4535134964556121
0.5463477727458925	0.45365222725410714
0.5462874963175163	0.4537125036824834
0.5464612534712442	0.45353874652875553
0.5463980017150694	0.4536019982849303
0.5463555203014534	0.45364447969854627
0.5465036537080544	0.4534963462919452
0.546374296923767	0.45362570307623257
0.5463603690938453	0.45363963090615433
0.5463591476347419	0.45364085236525775
0.5464119183750796	0.45358808162492
0.546545405523738	0.4534545944762617
0.5462070981084319	0.45379290189156773
0.5461838885005207	0.453816111499479
0.5462781204596316	0.453721879540368
0.5464926559504749	0.45350734404952475
0.5463458751412771	0.45365412485872264
0.5461939023391589	0.45380609766084085
0.5463463419842068	0.4536536580157929
0.5463864359758168	0.45361356402418285
0.5462447598975838	0.45375524010241586
0.5461722400264212	0.45382775997357855
0.5463170820215294	0.45368291797847027
0.5463832882940542	0.4536167117059454
0.5461940705197914	0.45380592948020826
0.546197176093137	0.45380282390686266
0.5464130486031776	0.453586951396822
0.5465140694227221	0.4534859305772776
0.5462366096339007	0.453763390366099
0.5463651987817071	0.4536348012182926
0.5463597301346427	0.453640269865357
0.546353806205442	0.4536461937945576
0.5464337293472894	0.4535662706527102
0.5463801498981785	0.45361985010182115
0.5464061038520597	0.45359389614794
0.5461977186071879	0.45380228139281176
0.5462700748225716	0.45372992517742805
0.5462200854855658	0.45377991451443384
0.5464394808350688	0.4535605191649309
0.546216396503066	0.4537836034969337
0.5463175374269973	0.4536824625730024
0.5462774209230978	0.4537225790769018
0.546218985226271	0.45378101477372873
0.5464061749616159	0.45359382503838375
0.5461768948990787	0.45382310510092094
0.5462766536610498	0.45372334633894984
0.5465298690908242	0.45347013090917543
0.5465079792022419	0.45349202079775774
0.5464836078135352	0.4535163921864644
0.5463909248732007	0.45360907512679893
0.5464457834226742	0.4535542165773254
0.546382660010564	0.45361733998943565
0.5463004703650284	0.4536995296349713
0.5463613283936856	0.45363867160631405
0.5463944968005188	0.4536055031994809
0.5462129867072953	0.4537870132927043
0.5465428316543102	0.4534571683456895
0.546308275632536	0.4536917243674637
0.5464892334998924	0.4535107665001073
0.5464798373912528	0.45352016260874684
0.5465354761267494	0.4534645238732503
0.5463393083285895	0.45366069167141027
0.5463104798333581	0.45368952016664155
0.5462811244453707	0.453718875554629
0.5461963540842458	0.4538036459157539
0.5464218406520243	0.45357815934797546
0.5464289591829706	0.453571040817029
0.5461728820888163	0.45382711791118335
0.5465308433937514	0.4534691566062483
0.5463658228930596	0.4536341771069401
0.5461929355103237	0.45380706448967606
0.5461979418126571	0.45380205818734254
0.5464466907202719	0.45355330927972787
0.5463610289168974	0.4536389710831023
0.5465047238123154	0.45349527618768426
0.5463520456044288	0.4536479543955708
0.5465365021817069	0.4534634978182927
0.5464150280247307	0.453584971975269
0.5463989549279288	0.4536010450720709
0.5463520730816376	0.45364792691836203
0.5464191634270361	0.45358083657296355
0.5463177469999974	0.4536822530000023
0.5463784116898978	0.45362158831010196
0.5461662185771686	0.45383378142283104
0.5463221199892021	0.4536778800107976
0.5463185941764942	0.45368140582350547
0.5463862941071651	0.45361370589283456
0.5462869796492363	0.45371302035076333
0.5462318038416116	0.45376819615838804
0.5462758075919351	0.4537241924080646
0.5463808524707853	0.4536191475292144
0.5465482003070853	0.45345179969291444
0.5464847076908838	0.4535152923091159
0.5463712029644688	0.45362879703553083
0.5463093049223549	0.4536906950776448
0.5461894010924758	0.45381059890752384
0.5463038699226909	0.45369613007730875
0.5462868902045703	0.4537131097954293
0.5463810213971444	0.4536189786028552
0.5462203294591765	0.45377967054082313
0.546319521808187	0.4536804781918127
0.5462811971856013	0.45371880281439836
0.5462520572166409	0.4537479427833588
0.5462769555405734	0.45372304445942624
0.5465094059511674	0.4534905940488323
0.5463310446839491	0.4536689553160506
0.5465175328414902	0.45348246715850954
0.5462783211396828	0.45372167886031683
0.5461750363118744	0.45382496368812536
0.546337274074536	0.45366272592546364
0.5462037428038876	0.4537962571961121
0.5464987850369356	0.4535012149630641
0.5464993877567312	0.4535006122432685
0.5463567535114647	0.453643246488535
0.5464162935217236	0.45358370647827606
0.5465163064926045	0.4534836935073952
0.5461800333757999	0.45381996662419977
0.5464776859926906	0.4535223140073091
0.5463056844030326	0.4536943155969671
0.546528457211457	0.4534715427885426
0.5465448960480457	0.45345510395195393
0.5465281108862489	0.4534718891137508
0.5464402948676765	0.45355970513232313
0.546295540814385	0.4537044591856146
0.5463717052336069	0.45362829476639277
0.5464183286741888	0.45358167132581084
0.5464653646166906	0.4535346353833091
0.5465227891792745	0.4534772108207251
0.5461659755666638	0.45383402443333587
0.5462714204277379	0.4537285795722617
0.5461547487308281	0.4538452512691715
0.5464794969844418	0.45352050301555785
0.5465027531131696	0.45349724688682996
0.5463824581795671	0.45361754182043257
0.546231085605352	0.45376891439464767
0.5465466538174697	0.45345334618252997
0.5465159746268852	0.45348402537311455
0.5462765787406615	0.4537234212593382
0.5462602458948075	0.4537397541051922
0.5463602212741953	0.45363977872580447
0.5464316729983786	0.4535683270016211
0.5464361371009913	0.4535638628990084
0.546394550547125	0.45360544945287457
0.5463570892411833	0.45364291075881635
0.5461825067255063	0.45381749327449333
0.5464418819430509	0.45355811805694873
0.5463611307914985	0.4536388692085012
0.546291326942594	0.4537086730574057
0.5464267707920926	0.4535732292079071
0.5464667065168661	0.45353329348313354
0.546401806268744	0.4535981937312556
0.5463549857983458	0.45364501420165376
0.5464611872795917	0.45353881272040797
0.5463743896703371	0.45362561032966253
0.5464665979343122	0.45353340206568743
0.5464248517814665	0.4535751482185332
0.5464074963155485	0.45359250368445114
0.5462071376142077	0.453792862385792
0.5464655300598271	0.45353446994017255
0.5464656788791593	0.45353432112084036
0.5462255789911145	0.45377442100888526
0.5462946215120618	0.45370537848793785
0.5463574723434029	0.45364252765659674
0.5465075977787337	0.45349240222126597
0.5463398917655914	0.4536601082344082
0.5463385014525735	0.4536614985474262
0.5462369292211473	0.4537630707788524
0.546238677538245	0.4537613224617547
0.5462059199300571	0.4537940800699426
0.546271909599551	0.4537280904004487
0.5462155014813124	0.4537844985186873
0.5464306537938999	0.4535693462060998
0.5464980777278022	0.4535019222721975
0.5461596839359533	0.4538403160640464
0.5462385886994757	0.45376141130052394
0.546159676165645	0.45384032383435474
0.5464276906917739	0.45357230930822584
0.5463399080588353	0.45366009194116436
0.5463157248641028	0.45368427513589676
0.5465405883988191	0.45345941160118053
0.5465428506269039	0.4534571493730957
0.5465022054531673	0.45349779454683237
0.546421127117783	0.4535788728822166
0.5463962510641645	0.4536037489358352
0.546452115866712	0.4535478841332876
0.5464569374320116	0.45354306256798804
0.546179757240542	0.45382024275945765
0.5464464694038191	0.45355353059618053
0.5463229838433746	0.45367701615662503
0.5461817468618941	0.4538182531381055
0.546300764430347	0.45369923556965264
0.5465084240911486	0.453491575908851
0.546500882121914	0.4534991178780857
0.5461961083342997	0.4538038916657
0.5464238950551531	0.45357610494484657
0.546235004167564	0.4537649958324356
0.5461697827418238	0.45383021725817585
0.5462628720366344	0.45373712796336535
0.5461992763328217	0.45380072366717794
0.5463661630410113	0.4536338369589884
0.5461598141736648	0.45384018582633495
0.546527641127022	0.4534723588729776
0.54650468842471	0.4534953115752896
0.5463311351620348	0.45366886483796487
0.5463543084370468	0.45364569156295287
0.5465153348688689	0.45348466513113067
0.5464913452510909	0.4535086547489087
0.546535730599984	0.4534642694000158
0.5464953076406892	0.4535046923593105
0.5464059640212415	0.45359403597875814
0.5464298671926744	0.4535701328073253
0.5465152903405471	0.45348470965945253
0.5462681395377308	0.4537318604622689
0.5462553707588086	0.4537446292411911
0.5461583331957716	0.4538416668042281
0.5462677061219261	0.4537322938780736
0.5463602519754275	0.45363974802457213
0.5463052692628944	0.4536947307371053
0.5464028109774741	0.45359718902252555
0.5463142016510198	0.4536857983489798
0.5464252167362231	0.4535747832637766
0.5464224331984334	0.45357756680156625
0.5465261459634425	0.45347385403655716
0.5463300681040446	0.45366993189595506
0.5461670194832494	0.4538329805167503
0.5465169622318445	0.45348303776815513
0.5463591337287905	0.4536408662712092
0.5464836575430908	0.45351634245690886
0.5463786420184438	0.4536213579815559
0.5462613147025404	0.4537386852974593
0.5463125815805601	0.4536874184194396
0.5461942992803069	0.4538057007196928
0.546451166642267	0.4535488333577326
0.5463492364621623	0.45365076353783745
0.5463115286681614	0.45368847133183837
0.5464145035495448	0.4535854964504548
0.5461997131176193	0.4538002868823804
0.5464420752520226	0.4535579247479771
0.546325205409407	0.4536747945905927
0.5463896313582306	0.45361036864176907
0.5463454993126553	0.4536545006873443
0.5463551808121376	0.4536448191878621
0.5463128851819713	0.45368711481802837
0.5461866271349524	0.4538133728650473
0.5464411526837176	0.45355884731628204
0.5462272863974315	0.4537727136025682
0.5464317636189983	0.4535682363810014
0.5464273919368929	0.45357260806310673
0.5465280847083162	0.4534719152916835
0.5463960236155612	0.45360397638443845
0.5464196011643822	0.45358039883561746
0.5464329318563553	0.45356706814364434
0.5464613264924575	0.4535386735075422
0.546460308163738	0.4535396918362616
0.5464566583114212	0.45354334168857846
0.5462273879753831	0.4537726120246166
0.5464206336840429	0.4535793663159568
0.5465377406446013	0.4534622593553984
0.5464759232476523	0.45352407675234746
0.5463872356681115	0.45361276433188813
0.5463658299965475	0.45363417000345213
0.5464305015033964	0.4535694984966032
0.5462505875116308	0.45374941248836886
0.5463568015636311	0.45364319843636863
0.5463662087581266	0.45363379124187314
0.5463027997330555	0.4536972002669441
0.5463252000096296	0.4536747999903701
0.5462017056293147	0.453798294370685
0.5462277589092054	0.45377224109079434
0.5465284538245072	0.45347154617549246
0.5463609143396275	0.4536390856603721
0.5465362238213837	0.453463776178616
0.5465297614387918	0.4534702385612078
0.5464784179331581	0.4535215820668415
0.546429335846777	0.45357066415322267
0.5461975211077335	0.4538024788922662
0.5462457254767948	0.45375427452320477
0.54629952477436	0.45370047522563967
0.5463408981974371	0.45365910180256247
0.5463172183966531	0.4536827816033465
0.5465367786710551	0.4534632213289446
0.5463822612388761	0.45361773876112355
0.5461799330510843	0.45382006694891536
0.5464062816932193	0.45359371830678047
0.5464951111343104	0.4535048888656893
0.5463171917814205	0.45368280821857915
0.5464303047601943	0.45356969523980545
0.5464304408623044	0.45356955913769526
0.5464099798327773	0.4535900201672224
0.5461567600923601	0.45384323990763953
0.5464659795730119	0.4535340204269878
0.5464028962741339	0.45359710372586576
0.5465116096240261	0.45348839037597355
0.5462490404118059	0.4537509595881938
0.5464120032649654	0.45358799673503425
0.5464295609498341	0.4535704390501656
0.5463145988031892	0.4536854011968105
0.5463992904359971	0.4536007095640026
0.5463958422180746	0.4536041577819251
0.5461904688804432	0.45380953111955646
0.546283537190288	0.4537164628097117
0.5462311336734135	0.45376886632658614
0.54651514793395	0.45348485206604966
0.5465411495695316	0.4534588504304681
0.5464486966302224	0.45355130336977717
0.5462197601286812	0.45378023987131844
0.5463864163452321	0.4536135836547676
0.546393517673291	0.4536064823267087
0.5461685405938345	0.4538314594061652
0.5464585640794629	0.45354143592053675
0.5463958790076201	0.45360412099237957
0.5465091217058051	0.4534908782941946
0.5462757394717472	0.4537242605282525
0.5463469277658711	0.45365307223412854
0.546532987721928	0.4534670122780717
0.5464121575028626	0.453587842497137
0.5464466594491606	0.45355334055083907
0.54650908132307	0.45349091867692976
0.5465156665628123	0.4534843334371874
0.5463602864012003	0.4536397135987994
0.5462809237028557	0.4537190762971439
0.5463050242991504	0.4536949757008493
0.546548739253548	0.4534512607464517
0.5464156849682742	0.4535843150317254
0.5464977648200003	0.4535022351799993
0.5462521943301119	0.4537478056698878
0.5465132848865107	0.4534867151134889
0.5464772447803513	0.45352275521964835
0.5461869348092315	0.45381306519076814
0.5465462543228571	0.4534537456771426
0.5464471586364469	0.45355284136355273
0.5463685818730057	0.4536314181269939
0.5464826867622722	0.4535173132377274
0.5462828081613061	0.4537171918386935
0.5462129348857343	0.4537870651142654
0.5464156415385145	0.45358435846148515
0.546291775661956	0.45370822433804375
0.5465399778292179	0.45346002217078174
0.5465105272163261	0.4534894727836736
0.546468366574782	0.45353163342521763
0.5463992405180546	0.4536007594819451
0.5462347113476558	0.45376528865234395
0.5463919252997937	0.45360807470020587
0.546528049843222	0.45347195015677766
0.5463979837838109	0.4536020162161888
0.5461854090585023	0.45381459094149734
0.5461903006891555	0.45380969931084414
0.5464170619698845	0.4535829380301152
0.5465347488184616	0.45346525118153796
0.5463847924095349	0.45361520759046486
0.5465142248829431	0.45348577511705657
0.5463065224108177	0.45369347758918205
0.5461884839879141	0.4538115160120856
0.5462079439925627	0.453792056007437
0.5462899266493956	0.4537100733506041
0.5463017846248756	0.4536982153751241
0.5463290901118885	0.4536709098881112
0.5461869673310766	0.4538130326689231
0.5464408535064887	0.4535591464935109
0.5461731733802667	0.45382682661973295
0.5461644917991456	0.453835508200854
0.5462330752772787	0.453766924722721
0.5462146092767628	0.45378539072323687
0.5462068615210846	0.4537931384789151
0.5461957276857183	0.45380427231428133
0.5462400875466785	0.45375991245332115
0.546532352245368	0.4534676477546316
0.5464543948168745	0.4535456051831251
0.5461634787068065	0.4538365212931932
0.5463426956813865	0.4536573043186132
0.5463956496875273	0.45360435031247237
0.5461691879809224	0.4538308120190772
0.5463361846143775	0.4536638153856221
0.5463850742623243	0.4536149257376753
0.5463303406733561	0.4536696593266436
0.5461830923016119	0.45381690769838784
0.5462210637985793	0.45377893620142035
0.5463066751891654	0.4536933248108343
0.5462356910192444	0.4537643089807553
0.5462007146006742	0.4537992853993255
0.5461740682619584	0.4538259317380413
0.5464060098464135	0.45359399015358615
0.5462025326529599	0.45379746734703974
0.5463729394742245	0.4536270605257752
0.5462726857147009	0.4537273142852988
0.546226076238567	0.4537739237614327
0.5464234799899108	0.4535765200100888
0.5464533608154821	0.4535466391845175
0.5461886626767987	0.45381133732320095
0.5462094768862137	0.453790523113786
0.54617680035465	0.4538231996453496
0.5462167953023792	0.4537832046976204
0.5464545621158853	0.45354543788411433
0.5462764887615502	0.45372351123844945
0.5461833401778503	0.45381665982214936
0.5465007060085397	0.4534992939914599
0.5463200854590144	0.4536799145409853
0.5461706390690583	0.4538293609309414
0.5463331797982562	0.45366682020174337
0.5461884416183596	0.4538115583816401
0.5462279727339093	0.4537720272660904
0.5464626762147822	0.4535373237852175
0.546344721796199	0.4536552782038007
0.54643607730638	0.45356392269361967
0.5462381941378134	0.4537618058621863
0.5461642398018678	0.45383576019813193
0.5463330835254337	0.4536669164745659
0.5462624043805241	0.4537375956194756
0.5464496207056894	0.4535503792943103
0.54649120312666	0.4535087968733396
0.5462116198926972	0.4537883801073025
0.5462910116394956	0.4537089883605041
0.5463184960359252	0.4536815039640744
0.5462162087174037	0.4537837912825959
0.5462552402428896	0.45374475975711
0.546269107272171	0.4537308927278286
0.5461589842417223	0.4538410157582774
0.5464972800652974	0.4535027199347023
0.5463463606438318	0.4536536393561679
0.5463613990257484	0.45363860097425124
0.5463613613092801	0.4536386386907195
0.546224717656477	0.45377528234352277
0.5464652194809625	0.45353478051903723
0.5462418677838233	0.4537581322161764
0.5465313717914403	0.4534686282085594
0.5462123750308694	0.4537876249691302
0.5463257087552881	0.4536742912447116
0.5463852853776047	0.453614714622395
0.5462053338219319	0.4537946661780678
0.5464016217436389	0.4535983782563607
0.5464787878472278	0.45352121215277186
0.5463028472722888	0.45369715272771083
0.5462471242801229	0.4537528757198768
0.5461641245530643	0.45383587544693543
0.5463029349495331	0.4536970650504666
0.5464152224640006	0.453584777535999
0.5462653014378178	0.45373469856218185
0.5464656992829395	0.45353430071706013
0.5464027321397834	0.45359726786021626
0.5463227161469049	0.4536772838530948
0.5462286320799827	0.4537713679200169
0.5462762097823621	0.45372379021763753
0.5462286505150586	0.453771349484941
0.5463169630614002	0.45368303693859946
0.546194288386853	0.45380571161314665
0.5463710784222631	0.4536289215777366
0.546507075939889	0.45349292406011066
0.5464877818928598	0.4535122181071398
0.5464186869545353	0.4535813130454643
0.546334699183775	0.45366530081622464
0.5463247301396053	0.4536752698603944
0.5463498462568694	0.4536501537431302
0.5464059566967011	0.4535940433032985
0.5463819835185418	0.4536180164814578
0.5464700203765057	0.45352997962349395
0.5462833483199921	0.45371665168000747
0.546292768886275	0.4537072311137247
0.546413100031364	0.45358689996863566
0.5464993187150485	0.4535006812849511
0.5464827167681683	0.4535172832318314
0.5465337154709013	0.45346628452909826
0.5463744985554592	0.4536255014445405
0.546351721974441	0.4536482780255586
0.5462146831612777	0.453785316838722
0.5461776029089679	0.45382239709103184
0.5464083059570045	0.45359169404299515
0.546504303032945	0.4534956969670548
0.546269239036297	0.4537307609637027
0.5464900444081828	0.4535099555918168
0.5463983865940745	0.4536016134059252
0.5464779053814077	0.45352209461859194
0.5465355970582972	0.4534644029417024
0.5464923207265363	0.45350767927346336
0.5464096988502178	0.4535903011497818
0.5464946305475069	0.4535053694524927
0.5465071722982198	0.45349282770177984
0.5463429222943419	0.4536570777056577
0.5461702597822962	0.45382974021770345
0.5462267318018503	0.4537732681981493
0.5464326849697734	0.4535673150302263
0.5462176953589135	0.4537823046410862
0.5462010193368332	0.4537989806631665
0.5465087748640052	0.4534912251359945
0.546251606993422	0.45374839300657765
0.5461822585648324	0.4538177414351673
0.5463159572346653	0.45368404276533436
0.5464990915404339	0.4535009084595658
0.5465244757863101	0.45347552421368953
0.5463006636406023	0.45369933635939735
0.5464414985693342	0.4535585014306654
0.5463493104164951	0.4536506895835045
0.5462625482554094	0.4537374517445902
0.5464547730887912	0.45354522691120847
0.5464579355258107	0.453542064474189
0.54632181856971	0.4536781814302897
0.5461965596737794	0.4538034403262202
0.5463881673186631	0.4536118326813366
0.5462720423762158	0.4537279576237838
0.5463337922973192	0.45366620770268046
0.546244974565325	0.4537550254346747
0.5464529227234994	0.45354707727650023
0.5463656691858613	0.4536343308141384
0.5465468807799065	0.4534531192200932
0.5464430869928717	0.45355691300712797
0.5462506482909063	0.45374935170909336
0.5463973517901679	0.4536026482098317
0.5462819083657768	0.4537180916342228
0.5464157907021191	0.45358420929788057
0.5464984961217328	0.45350150387826677
0.5464599335148124	0.45354006648518735
0.5464616154615508	0.45353838453844886
0.5463488240485036	0.45365117595149607
0.5463344431960945	0.4536655568039052
0.5464001179071423	0.4535998820928574
0.5462918835481035	0.4537081164518962
0.5463177392010305	0.45368226079896906
0.5463527384823124	0.45364726151768736
0.5463831846283597	0.45361681537163995
0.5463880531195989	0.45361194688040074
0.546381344084992	0.4536186559150078
0.5465120958127021	0.45348790418729756
0.5462388843129193	0.45376111568708033
0.5463267257321327	0.45367327426786697
0.5463491554173143	0.45365084458268534
0.5465083943390368	0.45349160566096286
0.5464086499322681	0.4535913500677316
0.546237819160761	0.45376218083923864
0.5464537037070522	0.4535462962929475
0.5463576801021466	0.4536423198978531
0.5462423515909886	0.45375764840901117
0.5461762728814527	0.45382372711854696
0.5462501790058462	0.4537498209941535
0.5462900399035417	0.45370996009645786
0.5463826263151412	0.4536173736848585
0.5463822653096366	0.45361773469036304
0.5465329666164972	0.4534670333835025
0.5462168420840599	0.4537831579159398
0.5465460662952697	0.45345393370473
0.5461966184165973	0.45380338158340233
0.5464771802118014	0.45352281978819836
0.5464741516889707	0.45352584831102893
0.5462280161868668	0.4537719838131329
0.5463348536759094	0.4536651463240903
0.5464854029381089	0.4535145970618908
0.5461609875059956	0.4538390124940041
0.5462146866433067	0.4537853133566929
0.5464904694249143	0.4535095305750853
0.5465104203604176	0.45348957963958203
0.546467218299923	0.45353278170007677
0.5465003334814037	0.45349966651859597
0.5465481232825751	0.4534518767174246
0.5464197926822918	0.45358020731770793
0.5464113888424263	0.4535886111575733
0.5462942694605295	0.45370573053947016
0.5463836041217023	0.45361639587829733
0.5465050320532928	0.45349496794670685
0.5462254911941306	0.4537745088058691
0.5463361869309625	0.4536638130690371
0.5463902931240932	0.4536097068759065
0.546283142508692	0.4537168574913076
0.5463282503486007	0.453671749651399
0.5465054484941346	0.45349455150586504
0.5461994507829852	0.45380054921701446
0.5464355623989879	0.4535644376010117
0.5463799939416631	0.4536200060583365
0.5463090551393696	0.45369094486063016
0.5464614293643445	0.4535385706356551
0.5462823360448994	0.45371766395510027
0.5463798567003015	0.45362014329969813
0.5463149372550377	0.45368506274496206
0.5462413451007294	0.4537586548992702
0.5461884027198699	0.4538115972801298
0.5463250257961256	0.45367497420387404
0.5463023581050523	0.4536976418949474
0.5463110414948114	0.45368895850518826
0.5462432594103045	0.4537567405896951
0.5464518770530657	0.4535481229469339
0.5463998890905921	0.45360011090940755
0.5464493966596401	0.45355060334035957
0.5462845503798242	0.4537154496201755
0.5464041109416208	0.4535958890583789
0.5465273758898306	0.45347262411016903
0.5464456836010289	0.45355431639897087
0.546261504405365	0.4537384955946346
0.5464349451468107	0.453565054853189
0.5462564921620819	0.4537435078379177
0.5463265970506105	0.4536734029493892
0.5462151347754941	0.45378486522450556
0.5463361150210607	0.45366388497893895
0.5461767161956488	0.45382328380435083
0.5464445056015749	0.4535554943984248
0.5465448413035917	0.4534551586964079
0.5464405078937533	0.45355949210624635
0.5461653893352338	0.4538346106647658
0.5463219912200947	0.4536780087799049
0.5462523754601387	0.45374762453986095
0.5463554490347902	0.4536445509652095
0.5463905836848248	0.45360941631517476
0.5463192889628743	0.4536807110371254
0.5464029833405082	0.45359701665949154
0.5462995287542566	0.45370047124574303
0.5464619598432151	0.4535380401567845
0.546366378187179	0.45363362181282063
0.5464992045506044	0.4535007954493952
0.5464440670252455	0.4535559329747541
0.5461742010270434	0.4538257989729562
0.5463246165748141	0.4536753834251856
0.5463134043634825	0.4536865956365171
0.5464979101587255	0.45350208984127416
0.5463248295164969	0.4536751704835028
0.5465364892054132	0.45346351079458647
0.5465073419372461	0.45349265806275346
0.5462568638450793	0.45374313615492035
0.5462178715102561	0.4537821284897436
0.5462836916763174	0.45371630832368226
0.546173568588523	0.45382643141147677
0.5462218079072528	0.4537781920927468
0.5461708878823944	0.4538291121176053
0.5462920931601372	0.45370790683986256
0.5462331984551866	0.4537668015448131
0.5461776802849374	0.4538223197150623
0.5461596741088588	0.45384032589114087
0.5465407208855905	0.45345927911440925
0.5463622706066941	0.45363772939330566
0.546231847987178	0.4537681520128216
0.5464355124374218	0.4535644875625778
0.5462535631161828	0.4537464368838169
0.5462291714959255	0.45377082850407413
0.5462239209749996	0.45377607902500006
0.5463725557829527	0.453627444217047
0.5463011474761096	0.4536988525238901
0.5464020898452016	0.45359791015479817
0.5464736427312274	0.4535263572687723
0.546212435282213	0.45378756471778664
0.5463659651180653	0.45363403488193427
0.5465381561435325	0.4534618438564671
0.5464813678034055	0.4535186321965941
0.5463446129876209	0.45365538701237873
0.5464261061722018	0.45357389382779795
0.546300273228404	0.45369972677159565
0.5463202179686714	0.45367978203132836
0.5464202790763547	0.45357972092364496
0.5461700126143385	0.45382998738566116
0.5462719699130223	0.45372803008697743
0.5463918544655136	0.45360814553448603
0.5464672367438408	0.4535327632561589
0.5461889001757392	0.4538110998242605
0.5461908674619559	0.4538091325380438
0.5462272588855175	0.4537727411144822
0.5463974364237446	0.453602563576255
0.546203181337972	0.4537968186620277
0.5462465157635411	0.4537534842364585
0.5461691906371282	0.45383080936287146
0.5464094771718215	0.45359052282817813
0.5463431040369998	0.4536568959629998
0.5462196301828314	0.4537803698171683
0.546278927587945	0.4537210724120546
0.5464332621690955	0.4535667378309041
0.5463111932242943	0.4536888067757053
0.546400469662577	0.45359953033742256
0.5464414988444132	0.4535585011555865
0.5461794777532045	0.45382052224679514
0.5464819327079575	0.45351806729204214
0.5462035381426711	0.4537964618573286
0.5464172281489512	0.4535827718510485
0.5461910683444301	0.4538089316555696
0.5462822909534168	0.4537177090465829
0.5464329520560866	0.45356704794391317
0.5464713216772235	0.4535286783227762
0.5462049505309915	0.4537950494690081
0.5463208386159932	0.4536791613840065
0.5463191312012159	0.4536808687987838
0.5462720609512579	0.45372793904874176
0.5462841767193289	0.4537158232806707
0.5464599685184599	0.45354003148153976
0.5462519469224023	0.45374805307759736
0.5462687180883996	0.4537312819116001
0.546385641491597	0.4536143585084027
0.5462542616020905	0.45374573839790927
0.5463717768608493	0.45362822313915035
0.5461726570622778	0.45382734293772187
0.5461787798625468	0.45382122013745285
0.5465444631212022	0.45345553687879747
0.546435927708389	0.4535640722916107
0.546227803235221	0.45377219676477865
0.5461799628855993	0.4538200371144003
0.5464705079056967	0.45352949209430293
0.5464309475864666	0.45356905241353307
0.5462497982786876	0.45375020172131203
0.5464925922523028	0.4535074077476968
0.5463309346265116	0.45366906537348806
0.5462183785910885	0.4537816214089112
0.5463147594813913	0.4536852405186083
0.5463966012734698	0.4536033987265299
0.5461793776214119	0.4538206223785878
0.5465184719189956	0.45348152808100406
0.546159709370636	0.45384029062936376
0.546539589312582	0.45346041068741766
0.5464217992776944	0.45357820072230526
0.5464437378049899	0.4535562621950098
0.5464054574016507	0.4535945425983489
0.5462292752324099	0.45377072476758973
0.5463729477032188	0.45362705229678096
0.5463032811146874	0.45369671888531227
0.5464601889728874	0.45353981102711227
0.5464661946905992	0.4535338053094005
0.546345385761187	0.4536546142388127
