0.9350295343311303	0.06497046566886933
0.6024330036833352	0.3975669963166645
0.724551464447387	0.2754485355526126
0.9521976719936557	0.047802328006343986
0.06641034798973888	0.9335896520102608
0.8404634995597167	0.15953650044028295
0.3371801224090669	0.6628198775909327
0.8496480780570771	0.15035192194292257
0.9946057061655311	0.005394293834468544
0.7758302539028001	0.22416974609719947
0.7771246136917819	0.2228753863082178
0.493417499765721	0.5065825002342786
0.5229532548627565	0.47704674513724327
0.27732666802608885	0.7226733319739108
0.570333461157387	0.42966653884261263
0.868388038807221	0.13161196119277863
0.23645450011262742	0.7635454998873723
0.8214889961101246	0.178511003889875
0.6975056084321605	0.3024943915678392
0.042013477858934556	0.9579865221410651
0.09508482154697356	0.904915178453026
0.47932833710291656	0.5206716628970831
0.7448774942781843	0.2551225057218154
0.07398329494957029	0.9260167050504293
0.27161619599726006	0.7283838040027396
0.030115801103933804	0.9698841988960658
0.5363201682967255	0.46367983170327415
0.5452902786131795	0.4547097213868202
0.3796849314025479	0.6203150685974518
0.6889588962209583	0.31104110377904143
0.04780497963878022	0.9521950203612195
0.3625237529083784	0.6374762470916213
0.8285981282635799	0.17140187173641974
0.466062674034865	0.5339373259651347
0.37425834829619187	0.6257416517038078
0.3762582624026005	0.6237417375973991
0.8875090792853695	0.11249092071463018
0.790812563233088	0.2091874367669117
0.5156578577814427	0.484342142218557
0.31349244114294667	0.6865075588570531
0.6467046607453216	0.35329533925467804
0.05363093962085097	0.9463690603791487
0.44993894761419967	0.5500610523857999
0.47974369403895406	0.5202563059610456
0.2876552983082647	0.712344701691735
0.7236529276481881	0.27634707235181155
0.17379982175338726	0.8262001782466124
0.8310254880008597	0.16897451199913993
0.31933041498339754	0.6806695850166021
0.3677862432275403	0.6322137567724594
0.2303155261170347	0.7696844738829649
0.8655370808166223	0.13446291918337733
0.5600025469447694	0.43999745305523025
0.8168781496599486	0.18312185034005102
0.0456598030206522	0.9543401969793475
0.607068106233285	0.39293189376671467
0.6158146374894713	0.3841853625105283
0.42045698188501	0.5795430181149896
0.6641958520078435	0.3358041479921562
0.7825751054236139	0.21742489457638586
0.8001177103573915	0.19988228964260812
0.6798275289821145	0.32017247101788515
0.71564840800048	0.28435159199951965
0.575211025249199	0.4247889747508007
0.2912149449490475	0.7087850550509522
0.8593258364835961	0.14067416351640366
0.11260610339883154	0.8873938966011681
0.5679010622705484	0.43209893772945124
0.3384957073464977	0.661504292653502
0.09326904102400801	0.9067309589759917
0.9626139398884932	0.037386060111506414
0.040078868695346936	0.9599211313046527
0.8710927126536938	0.12890728734630585
0.8578108662303279	0.1421891337696718
0.059539796303692605	0.940460203696307
0.005046986120732899	0.9949530138792668
0.9245184915734999	0.07548150842649981
0.44567018076807674	0.5543298192319229
0.711005920093212	0.2889940799067877
0.7134934657530732	0.28650653424692646
0.8147547786449735	0.1852452213550262
0.9006646673597702	0.09933533264022937
0.2763274609732908	0.7236725390267089
0.6303171766197697	0.36968282338023
0.7299982747801106	0.270001725219889
0.13308045419671177	0.8669195458032879
0.7533898586997008	0.24661014130029896
0.7149418844044316	0.28505811559556804
0.6782996929342182	0.32170030706578145
0.1445581451911941	0.8554418548088056
0.28590127709196245	0.7140987229080372
0.07760387850400663	0.922396121495993
0.5681885146878382	0.43181148531216157
0.7357052468046694	0.2642947531953303
0.8385323489748571	0.16146765102514254
0.019982733508653483	0.9800172664913462
0.8579466565673942	0.14205334343260545
0.13821289744111115	0.8617871025588886
0.17038922741367907	0.8296107725863207
0.4117301488810614	0.5882698511189383
0.5779683431204681	0.4220316568795316
0.6350373070223505	0.3649626929776491
0.049360199755417056	0.9506398002445826
0.9477460327685832	0.052253967231416454
0.5439282939166871	0.4560717060833126
0.2052844731655848	0.7947155268344148
0.163049110213001	0.8369508897869986
0.8847187630178588	0.11528123698214093
0.6935754153118499	0.30642458468814987
0.8706474640995656	0.129352535900434
0.5721725550747793	0.42782744492522035
0.8385963370876354	0.1614036629123643
0.6332230054126241	0.36677699458737556
0.1525889811693648	0.8474110188306349
0.10301153134619645	0.8969884686538032
0.1537646418885129	0.8462353581114868
0.7509663229218275	0.2490336770781721
0.8534747772841961	0.1465252227158036
0.44717261386573254	0.5528273861342671
0.4381784527184122	0.5618215472815875
0.49491690562332186	0.5050830943766779
0.7995203993930243	0.20047960060697534
0.018753634871410074	0.9812463651285896
0.9313093865525289	0.06869061344747074
0.9305458311794501	0.06945416882054961
0.32267770441086285	0.6773222955891368
0.7259937839415843	0.27400621605841535
0.8896655839471944	0.11033441605280525
0.5663532633104735	0.4336467366895262
0.18693285346034821	0.8130671465396515
0.33624642096831836	0.6637535790316813
0.8508905439826021	0.14910945601739756
0.5094910825476294	0.4905089174523702
0.562480995457203	0.43751900454279663
0.5896811562431951	0.4103188437568046
0.4902744028746908	0.5097255971253088
0.003152867470244569	0.9968471325297551
0.7963935888897442	0.20360641111025546
0.8157165657977857	0.18428343420221394
0.7689838098310408	0.2310161901689589
0.3503685025586842	0.6496314974413155
0.6957907596023131	0.3042092403976866
0.5923624985681737	0.40763750143182603
0.4549414333435459	0.5450585666564538
0.24796317726360023	0.7520368227363994
0.568247971768163	0.43175202823183667
0.44691777491776336	0.5530822250822364
0.8192000477387034	0.18079995226129625
0.9536930951544235	0.0463069048455762
0.5855191831323598	0.41448081686763977
0.5063614917125604	0.49363850828743927
0.8295943155134312	0.17040568448656845
0.9819757402721855	0.018024259727814185
0.30828793436806323	0.6917120656319364
0.42687725388177034	0.5731227461182293
0.09167085565591282	0.9083291443440868
0.42062449992661344	0.5793755000733862
0.8597344202253279	0.14026557977467174
0.6754442284044537	0.324555771595546
0.7739394575816148	0.22606054241838486
0.6722249362853192	0.32777506371468046
0.1495361995929817	0.850463800407018
0.8288969423870067	0.17110305761299288
0.5316717142964327	0.468328285703567
0.12283748822979296	0.8771625117702067
0.8288107765069734	0.17118922349302618
0.3763312538255328	0.6236687461744669
0.4085702227787368	0.5914297772212629
0.2698772748122722	0.7301227251877275
0.16628757333493566	0.833712426665064
0.0829969672692713	0.9170030327307284
0.27890138129706643	0.7210986187029332
0.37423313293346827	0.6257668670665314
0.30299751330551916	0.6970024866944805
0.2826499001448506	0.7173500998551491
0.15723779520591985	0.8427622047940798
0.7481295363458766	0.251870463654123
0.008237745894382476	0.9917622541056172
0.7389376072151723	0.26106239278482735
0.25183377911329996	0.7481662208866997
0.9015933787761251	0.09840662122387456
0.8031000416496419	0.19689995835035778
0.5956397610752345	0.4043602389247652
0.37910453064477967	0.62089546935522
0.3875573898755677	0.612442610124432
0.2164384747400383	0.7835615252599614
0.7595271323438466	0.2404728676561531
0.29328537899282525	0.7067146210071744
0.8191708415178901	0.18082915848210956
0.12921620726563365	0.870783792734366
0.4222456080267441	0.5777543919732555
0.32817067542190625	0.6718293245780934
0.1409605844248666	0.8590394155751331
0.7765826061368833	0.22341739386311632
0.30647988926385206	0.6935201107361476
0.6361763055525305	0.36382369444746926
0.2602253838291946	0.7397746161708051
0.003975694142095976	0.9960243058579037
0.39626395933610487	0.6037360406638947
0.28379324067501754	0.7162067593249821
0.04931240150931576	0.950687598490684
0.9332675543923667	0.06673244560763297
0.4853850850383134	0.5146149149616862
0.5698730050316299	0.4301269949683698
0.0585793338168058	0.9414206661831939
0.289987954520382	0.7100120454796177
0.47948603789654015	0.5205139621034595
0.5458656241151805	0.45413437588481914
0.3724857475330171	0.6275142524669826
0.3960120195667574	0.6039879804332423
0.493076276359214	0.5069237236407856
0.02483713106598412	0.9751628689340155
0.7501794931073837	0.24982050689261592
0.6084402065374379	0.3915597934625617
0.2310029957879825	0.7689970042120171
0.7923439906488601	0.20765600935113954
0.5801469806058269	0.41985301939417274
0.8837402545879676	0.11625974541203216
0.09797862640832045	0.9020213735916792
0.45799765582878904	0.5420023441712106
0.8908081267173764	0.10919187328262325
0.44933082369792704	0.5506691763020726
0.76502122855401	0.23497877144598966
0.5093895231485506	0.4906104768514491
0.09684532370706261	0.903154676292937
0.9698254226970499	0.030174577302949812
0.28928667258113316	0.7107133274188665
0.8612146594352056	0.13878534056479408
0.774060927845863	0.22593907215413672
0.22100462452156205	0.7789953754784376
0.4398125831895635	0.5601874168104362
0.9955749631391587	0.004425036860840947
0.07701472513275226	0.9229852748672474
0.4059888004194302	0.5940111995805695
0.9682440380384367	0.031755961961562884
0.9314320078772881	0.06856799212271159
0.5398810127556221	0.46011898724437766
0.3546167883416912	0.6453832116583085
0.9944994922578168	0.0055005077421828585
0.04073240684142404	0.9592675931585757
0.7299124894889575	0.27008751051104224
0.7486574924778897	0.2513425075221099
0.18046802901578313	0.8195319709842166
0.07326605168838374	0.9267339483116159
0.08744269919085185	0.9125573008091479
0.9975846950874525	0.0024153049125471004
0.47842784395336313	0.5215721560466365
0.03798052303208471	0.9620194769679149
0.8764641191072198	0.12353588089277989
0.6655270167094525	0.3344729832905472
0.7431871148293334	0.25681288517066625
0.8165902906361875	0.18340970936381223
0.3806073663520612	0.6193926336479385
0.8216942329707788	0.1783057670292209
0.8086775191484681	0.19132248085153164
0.21355921747573703	0.7864407825242626
0.535632349226603	0.4643676507733967
0.003154948488132081	0.9968450515118676
0.16200030554298855	0.8379996944570112
0.9479309969303693	0.052069003069630304
0.7898012646907246	0.21019873530927502
0.5839965121071138	0.4160034878928859
0.19864874011909794	0.8013512598809017
0.7983431890237969	0.20165681097620286
0.12758465215822928	0.8724153478417704
0.6563965279867526	0.34360347201324704
0.05548922040087273	0.944510779599127
0.3272888276184004	0.6727111723815993
0.17551723805333502	0.8244827619466646
0.2321718364441004	0.7678281635558992
0.6150463945171343	0.3849536054828654
0.6976461503136582	0.3023538496863415
0.8369139437372219	0.16308605626277772
0.437297085795629	0.5627029142043707
0.5334795738761308	0.46652042612386896
0.34260273418438436	0.6573972658156153
0.4140541083697837	0.585945891630216
0.6071705358076658	0.3928294641923339
0.5969424932698439	0.4030575067301558
0.9501474282699583	0.04985257173004132
0.17062075013663497	0.8293792498633648
0.6065675807476392	0.3934324192523605
0.8333109751246868	0.16668902487531284
0.07602189181572766	0.923978108184272
0.5608846910666614	0.4391153089333383
0.35279594516572677	0.6472040548342729
0.1887019898565085	0.8112980101434912
0.24489480416001846	0.7551051958399813
0.5728280170420603	0.42717198295793934
0.1197148869309213	0.8802851130690783
0.8755405602770199	0.12445943972297974
0.6693240743105676	0.33067592568943205
0.6834673766173514	0.3165326233826483
0.9440459719189671	0.05595402808103256
0.5652235256237984	0.4347764743762012
0.7843334606776069	0.21566653932239271
0.8923821066401676	0.10761789335983207
0.5020161040738634	0.49798389592613623
0.2376146044926145	0.7623853955073852
0.7180152140116406	0.2819847859883591
0.5763597095471382	0.4236402904528615
0.9608803872737874	0.03911961272621228
0.3004147743723691	0.6995852256276306
0.3928089786999892	0.6071910213000105
0.2523762771579578	0.7476237228420419
0.7056649731909719	0.2943350268090278
0.006862294469890007	0.9931377055301096
0.32677908216766993	0.6732209178323297
0.8264455572681931	0.17355444273180654
0.19539350371994862	0.804606496280051
0.9494605026885563	0.050539497311443415
0.20470699658787667	0.7952930034121231
0.0075279864476044955	0.9924720135523952
0.8987985115804583	0.10120148841954135
0.08856542814013058	0.9114345718598691
0.0921554807081989	0.9078445192918008
0.47635932834654054	0.5236406716534591
0.12503395851390992	0.8749660414860898
0.1893074488096972	0.8106925511903025
0.4421517588748967	0.5578482411251029
0.1350288021233158	0.8649711978766839
0.5818060389293013	0.4181939610706984
0.9536617734530015	0.04633822654699815
0.9377337284905538	0.0622662715094458
0.6770955178326321	0.3229044821673676
0.5484872877884456	0.4515127122115541
0.11675521483908952	0.8832447851609102
0.6109740881344499	0.3890259118655498
0.5526330269746021	0.4473669730253975
0.940247462648296	0.05975253735170366
0.49244108597166925	0.5075589140283304
0.07195600363141497	0.9280439963685847
0.13572962666855048	0.8642703733314492
0.7718411733780772	0.22815882662192244
0.8512189530766774	0.14878104692332222
0.3298912631492682	0.6701087368507315
0.60086099140888	0.39913900859111967
0.5816995224785217	0.4183004775214779
0.8406191798521123	0.1593808201478873
0.11606332512919926	0.8839366748708004
0.9810604720780172	0.018939527921982446
0.11350173733315755	0.8864982626668421
0.16551381457884634	0.8344861854211534
0.054621203249007044	0.9453787967509926
0.5681809177051421	0.43181908229485755
0.9057019265638098	0.09429807343618996
0.3755296974971875	0.6244703025028122
0.757867524471542	0.24213247552845757
0.40098041561361	0.5990195843863897
0.9713976098067538	0.02860239019324584
0.1627627970502632	0.8372372029497365
0.20406079634833113	0.7959392036516686
0.023468876669483996	0.9765311233305156
0.5984177222055155	0.4015822777944842
0.004682861885916267	0.9953171381140834
0.639502501935455	0.36049749806454473
0.9435088575944992	0.056491142405500516
0.36808521927833093	0.6319147807216687
0.6240691347600305	0.3759308652399692
0.3907833109790403	0.6092166890209594
0.5633381769343976	0.4366618230656021
0.3919014048977833	0.6080985951022164
0.15667491893114294	0.8433250810688567
0.23582041497708095	0.7641795850229187
0.29160040643761403	0.7083995935623857
0.7798089421784224	0.22019105782157716
0.5161566755080848	0.4838433244919149
0.9221024919027339	0.07789750809726581
0.9796193675078789	0.020380632492120743
0.010791731909795543	0.9892082680902041
0.17472909789825541	0.8252709021017443
0.48047336902919113	0.5195266309708085
0.7642638870778147	0.23573611292218505
0.9878868951935096	0.012113104806490027
0.9383202303268161	0.06167976967318356
0.26282811705022746	0.7371718829497722
0.06438852186900479	0.9356114781309949
0.8180377540802817	0.181962245919718
0.48073840454684397	0.5192615954531558
0.1334209055274712	0.8665790944725285
0.36024245978665015	0.6397575402133495
0.15312573623595005	0.8468742637640496
0.7924662293736648	0.20753377062633482
0.8886333323598502	0.11136666764014946
0.4771878211435605	0.5228121788564392
0.6559595836621743	0.3440404163378253
0.9801607570494518	0.019839242950547842
0.44575590344602284	0.5542440965539769
0.7946405891415181	0.20535941085848153
0.02953440020759346	0.9704655997924062
0.1468353259769578	0.8531646740230419
0.19305662436475657	0.8069433756352431
0.9313396989107849	0.06866030108921473
0.07926216306829309	0.9207378369317065
0.11110081085582246	0.8888991891441772
0.20815251094830128	0.7918474890516984
0.1379925091513794	0.8620074908486203
0.851468847398663	0.14853115260133665
0.15373572778159877	0.8462642722184008
0.12628438851413226	0.8737156114858674
0.6768893942787796	0.3231106057212201
0.03732021284756726	0.9626797871524324
0.6966543724325167	0.30334562756748296
0.39226813959707213	0.6077318604029276
0.2741877261220973	0.7258122738779024
0.46114444074942934	0.5388555592505704
0.2492003603495308	0.7507996396504688
0.691565792170977	0.3084342078290227
0.5184988447460491	0.48150115525395054
0.14940017909009817	0.8505998209099015
0.6996118708904215	0.3003881291095782
0.7693902709247459	0.2306097290752538
0.08707951780778678	0.9129204821922129
0.8917479275304392	0.10825207246956053
0.882610463122547	0.11738953687745268
0.7122173981750608	0.28778260182493887
0.5262254028145535	0.4737745971854461
0.6534921888987332	0.3465078111012665
0.4103715385461378	0.5896284614538618
0.2939982870429661	0.7060017129570335
0.9364362606796914	0.06356373932030823
0.4495302285448542	0.5504697714551454
0.7910085996103433	0.2089914003896563
0.08410202127538646	0.9158979787246132
0.11226372567995391	0.8877362743200458
0.6285917563932795	0.3714082436067202
0.8814320330898058	0.11856796691019389
0.7749366678800974	0.22506333211990226
0.03783377513677394	0.9621662248632257
0.5859705831153983	0.4140294168846014
0.5384563184917736	0.4615436815082261
0.22559799224817778	0.7744020077518219
0.5472182055167629	0.4527817944832368
0.8052090801177969	0.19479091988220282
0.06981524857857524	0.9301847514214244
0.8738333667356122	0.12616663326438748
0.2255339416226942	0.7744660583773055
0.14388061164915988	0.8561193883508398
0.7581506860105788	0.2418493139894209
0.405167436220651	0.5948325637793487
0.9238297546749777	0.07617024532502192
0.3501512018699713	0.6498487981300284
0.2991491099760168	0.7008508900239829
0.9135418892687543	0.08645811073124537
0.2666415811044315	0.7333584188955682
0.6322235308767233	0.36777646912327633
0.010096046073697684	0.9899039539263019
0.4833616523779447	0.516638347622055
0.07468088679471618	0.9253191132052835
0.8267409810272017	0.17325901897279788
0.7688105981439611	0.23118940185603853
0.4823925531008086	0.5176074468991911
0.4767048113634192	0.5232951886365805
0.6456964541118914	0.3543035458881083
0.4665504287707133	0.5334495712292864
0.5139625376292065	0.4860374623707931
0.9896830930613132	0.010316906938686532
0.9461838094371222	0.05381619056287745
0.5983846061980764	0.40161539380192324
0.11641574977231034	0.8835842502276894
0.11353005743756478	0.8864699425624349
0.5533750161906225	0.4466249838093772
0.5561189975100354	0.44388100248996437
0.2287177788311423	0.7712822211688574
0.023450740420642935	0.9765492595793568
0.8947299417406935	0.10527005825930613
0.4331526232288472	0.5668473767711525
0.2177822150406974	0.7822177849593023
0.9719746889529562	0.028025311047043422
0.4249787225189972	0.5750212774810024
0.5294261158810685	0.47057388411893125
0.6523802978994101	0.34761970210058957
0.36157217725125035	0.6384278227487493
0.8036362823258563	0.19636371767414335
0.869979298602696	0.1300207013973037
0.49095711585588414	0.5090428841441156
0.5698415674821548	0.4301584325178449
0.387673203049885	0.6123267969501147
0.8993225038503994	0.10067749614960037
0.7465200274269439	0.2534799725730558
0.058238130233440044	0.9417618697665596
0.7869416070713384	0.2130583929286612
0.28082533157658907	0.7191746684234106
0.9292562529766093	0.07074374702339042
0.6938347348082525	0.30616526519174714
0.7023438042539081	0.2976561957460916
0.22474875954172352	0.7752512404582761
0.2714698832806841	0.7285301167193156
0.790902752836662	0.20909724716333766
0.8652201825744985	0.1347798174255012
0.7117589805404703	0.2882410194595294
0.6770527089728536	0.32294729102714603
0.3542158819641211	0.6457841180358785
0.3642490855326288	0.6357509144673709
0.2275581980921309	0.7724418019078687
0.42261857343445297	0.5773814265655467
0.9881301456184899	0.011869854381509781
0.8941116883467191	0.10588831165328055
0.6779791323730967	0.32202086762690296
0.19095318738082712	0.8090468126191726
0.6514089243091131	0.34859107569088654
0.825452911533618	0.17454708846638162
0.6902413936737799	0.3097586063262198
0.5677498629072499	0.43225013709274973
0.7506849706978215	0.2493150293021782
0.5870336252235872	0.41296637477641257
0.06098329765987237	0.9390167023401272
0.24369592384083744	0.7563040761591622
0.6990285079740682	0.30097149202593143
0.11631394884301699	0.8836860511569826
0.6997049723794895	0.3002950276205102
0.495472350537873	0.5045276494621267
0.44406226422644884	0.5559377357735509
0.943792731265405	0.056207268734594695
0.7035254563426102	0.29647454365738946
0.8593428570089887	0.140657142991011
0.10162599172175668	0.898374008278243
0.5632859357167093	0.4367140642832904
0.9686262651247918	0.03137373487520789
0.16330172890841282	0.8366982710915869
0.06050098898225398	0.9394990110177457
0.07183366679735143	0.9281663332026482
0.8741363163516609	0.12586368364833878
0.9278923518593472	0.07210764814065257
0.840423865802379	0.15957613419762062
0.2499135080659855	0.7500864919340142
0.8306452293893802	0.16935477061061943
0.669248122605679	0.33075187739432066
0.5725936081250239	0.4274063918749758
0.09222828865895832	0.9077717113410413
0.9892760248085459	0.010723975191453794
0.30945759893002023	0.6905424010699794
0.23897932802890892	0.7610206719710908
0.19283399017735275	0.807166009822647
0.7975312480533946	0.20246875194660507
0.6283757806510075	0.37162421934899215
0.18316563541005643	0.8168343645899432
0.403072019759808	0.5969279802401917
0.6375097092433871	0.36249029075661254
0.9196802029817526	0.0803197970182471
0.9766615444476057	0.023338455552394
0.6610497545936794	0.33895024540632024
0.5740283901024786	0.42597160989752103
0.7688544033974318	0.23114559660256778
0.0907931875061398	0.9092068124938599
0.8699854794956361	0.13001452050436357
0.314667879060769	0.6853321209392307
0.4566078454945159	0.5433921545054838
0.09683088695009573	0.903169113049904
0.6280606227904696	0.3719393772095301
0.32201037563423385	0.6779896243657658
0.7167971631316886	0.28320283686831105
0.8126190466548107	0.18738095334518906
0.17135273950667673	0.8286472604933229
0.45561284396076	0.5443871560392397
0.5177055263190382	0.4822944736809615
0.6977079935037767	0.302292006496223
0.004238728455632723	0.9957612715443669
0.19268153303304475	0.8073184669669549
0.6332413959348427	0.3667586040651569
0.8170775418621068	0.18292245813789293
0.927154497337173	0.07284550266282669
0.27434172183891314	0.7256582781610865
0.24453036896150143	0.7554696310384983
0.6288063904007102	0.37119360959928954
0.378097389306847	0.6219026106931527
0.41186868987156144	0.5881313101284382
0.7402533828356554	0.2597466171643442
0.8656532782021304	0.13434672179786916
0.3793065668902773	0.6206934331097224
0.9004421521760326	0.0995578478239671
0.32126574549641385	0.6787342545035858
0.03449980740174102	0.9655001925982587
0.4682188555370811	0.5317811444629186
0.32313152749514606	0.6768684725048536
0.506657107611076	0.49334289238892376
0.4932156942742457	0.506784305725754
0.7641746820167512	0.23582531798324852
0.05809490135878964	0.9419050986412101
0.1260247552638334	0.8739752447361663
0.7896734629330684	0.21032653706693122
0.3666880176110325	0.6333119823889672
0.057363286011386905	0.9426367139886127
0.6054709091268436	0.3945290908731561
0.3857026363225995	0.6142973636774002
0.17688764518801026	0.8231123548119894
0.2792924181008448	0.7207075818991548
0.8208260270974637	0.17917397290253606
0.108328302031454	0.8916716979685457
0.6217003198410901	0.37829968015890963
0.07048473995714072	0.9295152600428589
0.27113188978497893	0.7288681102150207
0.5800394797181575	0.41996052028184216
0.8443898524148852	0.15561014758511443
0.657024655360717	0.3429753446392827
0.7482711954406557	0.251728804559344
0.6279476555288972	0.37205234447110247
0.1937662212058162	0.8062337787941835
0.4312644652313379	0.5687355347686618
0.3837615792835073	0.6162384207164924
0.017706776720523898	0.9822932232794758
0.9626535538528569	0.03734644614714283
0.9258429832705088	0.07415701672949082
0.5011289315300372	0.4988710684699624
0.1937922361362338	0.8062077638637659
0.7057806192486081	0.29421938075139153
0.658492429192171	0.3415075708078287
0.09734435190172747	0.9026556480982721
0.5462886828656274	0.4537113171343723
0.009923680276884506	0.9900763197231152
0.12010718983843988	0.8798928101615597
0.9647950395993354	0.035204960400664176
0.9138626025208132	0.08613739747918647
0.814139391665494	0.18586060833450563
0.6612764301975127	0.33872356980248697
0.6660025210619556	0.3339974789380441
0.7228539141726761	0.2771460858273236
0.8360653104297677	0.16393468957023188
0.5353405361356889	0.46465946386431073
0.19870249551617952	0.8012975044838202
0.8479855631460266	0.1520144368539731
0.16977105424381084	0.8302289457561889
0.09729848100990635	0.9027015189900933
0.8138754173652931	0.1861245826347065
0.17466463328827098	0.8253353667117287
0.24394380717742353	0.7560561928225762
0.03904461343121357	0.9609553865687861
0.5473777361835831	0.45262226381641657
0.49993458083137066	0.500065419168629
0.7293358258919745	0.2706641741080251
0.8585270878544853	0.14147291214551433
0.5025888956719656	0.4974111043280341
0.03313053341687505	0.9668694665831246
0.5348171412518936	0.46518285874810605
0.4100872782507096	0.5899127217492901
0.2912904683410927	0.7087095316589069
0.3274518204455227	0.672548179554477
0.21397893739816132	0.7860210626018383
0.46764166496439374	0.5323583350356059
0.13586204694543974	0.8641379530545599
0.22231126041709726	0.7776887395829024
0.8454984616014587	0.15450153839854103
0.9389113962184468	0.0610886037815529
0.38310195224233634	0.6168980477576633
0.37253526506883144	0.6274647349311682
0.4359789979120626	0.564021002087937
0.49155519333799674	0.5084448066620029
0.2712852634734664	0.7287147365265333
0.7421915947262119	0.25780840527378784
0.5813753241688524	0.41862467583114726
0.8326636655886706	0.1673363344113291
0.029881534073677274	0.9701184659263224
0.6511850406813154	0.3488149593186842
0.2182917020135568	0.7817082979864429
0.2203127284397819	0.7796872715602178
0.16555335706423863	0.8344466429357611
0.39791465011757643	0.6020853498824232
0.7456398597951591	0.25436014020484055
0.8697124468393345	0.1302875531606652
0.29475946404622183	0.7052405359537779
0.2715247922878741	0.7284752077121256
0.2238848650509233	0.7761151349490764
0.706729248735632	0.2932707512643676
0.5345277183773933	0.4654722816226064
0.5776723468839662	0.42232765311603354
0.31147182564355613	0.6885281743564435
0.3572043862389442	0.6427956137610555
0.12192262086069178	0.878077379139308
0.35165421572711497	0.6483457842728847
0.9558393841261543	0.044160615873845344
0.8303603301380618	0.16963966986193796
0.7203235297490582	0.2796764702509414
0.5753864266987573	0.4246135733012424
0.5939813020150202	0.4060186979849795
0.6232507470025498	0.37674925299744993
0.47831042804210205	0.5216895719578977
0.029914685834879773	0.9700853141651199
0.44383589763559717	0.5561641023644025
0.575400441489985	0.42459955851001463
0.8083343536003376	0.1916656463996621
0.6268158951160956	0.3731841048839041
0.617964074375621	0.38203592562437877
0.7502094674949585	0.24979053250504113
0.662382911297514	0.33761708870248563
0.25294971555720036	0.7470502844427993
0.09772388699957091	0.9022761130004288
0.1349686330214162	0.8650313669785834
0.3270483331045809	0.6729516668954187
0.13246594443337895	0.8675340555666207
0.32053401783093777	0.6794659821690618
0.5399681704984878	0.46003182950151195
0.30989945506880034	0.6901005449311993
0.955529435674579	0.044470564325420625
0.5611299783583764	0.43887002164162325
0.7226373021427817	0.277362697857218
0.3658963866627361	0.6341036133372635
0.8079658403288519	0.19203415967114784
0.4584443880275836	0.5415556119724161
0.5349695263800978	0.4650304736199019
0.6641425659935777	0.335857434006422
0.24933599670885032	0.7506640032911494
0.04598096930213336	0.9540190306978663
0.6489889721269416	0.35101102787305805
0.8637787214493821	0.1362212785506176
0.09518411217406925	0.9048158878259305
0.09850140790977763	0.9014985920902221
0.09500516111997365	0.904994838880026
0.3145454790765236	0.6854545209234761
0.16001060261288824	0.8399893973871114
0.7687022011106985	0.23129779888930113
0.42093838065602407	0.5790616193439756
0.01707956685944917	0.9829204331405506
0.13759976626062942	0.8624002337393702
0.8083335698170075	0.19166643018299212
0.20523927315069973	0.7947607268493
0.1957717771147346	0.8042282228852651
0.5866611478261214	0.4133388521738782
0.9683974641451746	0.03160253585482509
0.5121357449084578	0.4878642550915419
0.535581254060604	0.4644187459393957
0.31702913548918965	0.68297086451081
0.46811151713079446	0.5318884828692052
0.9889469775899679	0.01105302241003181
0.3957518261991745	0.6042481738008252
0.15015049826242816	0.8498495017375716
0.05804198168894886	0.9419580183110507
0.3095973911745595	0.6904026088254402
0.1333868485570171	0.8666131514429826
0.4980173219456413	0.5019826780543584
0.6010129579668978	0.39898704203310187
0.7583940342139698	0.24160596578602989
0.6745698050299286	0.3254301949700711
0.9831590984236287	0.016840901576371026
0.5232246500570639	0.4767753499429358
0.9481145768859538	0.051885423114045814
0.38889079857212216	0.6111092014278775
0.4439439365550188	0.5560560634449809
0.1187152044533174	0.8812847955466823
0.44319668346624685	0.5568033165337528
0.820157763353906	0.17984223664609367
0.5257459979402184	0.47425400205978135
0.118080643095263	0.8819193569047367
0.8962785359388445	0.10372146406115518
0.375376258302547	0.6246237416974527
0.5069406887835336	0.49305931121646607
0.5736676219985943	0.42633237800140533
0.46256857397250833	0.5374314260274913
0.005034639841236033	0.9949653601587636
0.8334457527403367	0.166554247259663
0.3980192606532661	0.6019807393467336
0.38430692921183923	0.6156930707881604
0.6513372764635825	0.34866272353641714
0.33172099389690557	0.6682790061030941
0.06223195112353991	0.9377680488764597
0.9116082904983358	0.08839170950166392
0.2374706514932568	0.7625293485067428
0.6364482235622462	0.3635517764377535
0.3531043315119703	0.6468956684880294
0.9922240378805129	0.007775962119486779
0.011125831175631706	0.988874168824368
0.038030631804345516	0.9619693681956542
0.3685082273268747	0.631491772673125
0.7046175199624419	0.29538248003755774
0.3161300746112625	0.6838699253887371
0.6791347114748097	0.3208652885251899
0.9176927778931738	0.08230722210682584
0.5472706189993367	0.45272938100066296
0.42140198328127293	0.5785980167187268
0.2607552377897927	0.739244762210207
0.7116111717939022	0.28838882820609746
0.4501371500516554	0.5498628499483442
0.9394563999589215	0.06054360004107817
0.10997563165639024	0.8900243683436094
0.6587451875875175	0.3412548124124821
0.17974791986197775	0.820252080138022
0.9481938904779774	0.05180610952202219
0.6175222648183096	0.38247773518169
0.36390169281067625	0.6360983071893234
0.5771089704293216	0.4228910295706781
0.24296826760613144	0.7570317323938682
0.23727501816146862	0.7627249818385311
0.8445582204794215	0.1554417795205782
0.6197730638600394	0.38022693613996034
0.8364098761417126	0.16359012385828708
0.9053604551899597	0.09463954481004005
0.5545665257619223	0.44543347423807733
0.9779919579779637	0.02200804202203599
0.14934252445050206	0.8506574755494976
0.034400094948958126	0.9655999050510415
0.1873550480623773	0.8126449519376224
0.8506990994139194	0.1493009005860802
0.4354568458777611	0.5645431541222385
0.12673331313851322	0.8732666868614865
0.3386004694827025	0.6613995305172972
0.4487527439361402	0.5512472560638595
0.8507100651855328	0.14928993481446678
0.3736234481948225	0.6263765518051772
0.48181317980773186	0.5181868201922678
0.49765654640569473	0.5023434535943049
0.9163066268972739	0.08369337310272573
0.8714964401902319	0.12850355980976774
0.07309007571597015	0.9269099242840295
0.14354223323373821	0.8564577667662614
0.23625666239873783	0.7637433376012619
0.5068568217336197	0.49314317826638
0.2833160506812337	0.716683949318766
0.932395880368412	0.06760411963158769
0.7327602922857885	0.26723970771421107
0.43486939279686876	0.5651306072031309
0.28593854632781424	0.7140614536721854
0.9889112268708509	0.011088773129148799
0.2664712164997274	0.7335287835002723
0.9885961287700851	0.011403871229914542
0.0977270967988692	0.9022729032011305
0.42869303019177857	0.571306969808221
0.7282965775204362	0.2717034224795635
0.6318407590181212	0.36815924098187847
0.6858818916274906	0.3141181083725091
0.3169892160485608	0.6830107839514389
0.43653158284306526	0.5634684171569344
0.704692256001882	0.29530774399811766
0.7797250135268234	0.22027498647317628
0.46611501053076215	0.5338849894692376
0.38897115458649884	0.6110288454135009
0.5546036569379388	0.44539634306206094
0.16786840355668114	0.8321315964433185
0.9052983527948999	0.09470164720509983
0.12437139584855156	0.875628604151448
0.011317132729138868	0.9886828672708607
0.884443894463238	0.11555610553676171
0.5683955253034632	0.43160447469653657
0.5839908158777435	0.4160091841222562
0.4214555654166669	0.5785444345833328
0.1635973316536279	0.8364026683463718
0.9337770319505188	0.06622296804948086
0.5895715763099614	0.41042842369003835
0.10314270239414702	0.8968572976058526
0.6725278880981646	0.3274721119018351
0.7868624017623054	0.21313759823769435
0.4253488961908347	0.574651103809165
0.4688662783568255	0.5311337216431742
0.38530126111718666	0.614698738882813
0.2850780112860724	0.7149219887139273
0.009292654621999186	0.9907073453780004
0.074228801659739	0.9257711983402607
0.21064887698993268	0.7893511230100669
0.4890412336337008	0.5109587663662989
0.9201193729899346	0.07988062701006499
0.2413146784895504	0.7586853215104492
0.2867123590160073	0.7132876409839923
0.0670458458636124	0.9329541541363873
0.1494052872678026	0.8505947127321971
0.39176510056010644	0.6082348994398932
0.473976020690932	0.5260239793090677
0.4277683141205364	0.5722316858794633
0.47833920677670727	0.5216607932232924
0.5768031718768938	0.42319682812310583
0.15347725124556671	0.8465227487544329
0.1411401353209636	0.8588598646790361
0.0717392452109859	0.9282607547890138
0.029552364683903654	0.970447635316096
0.3100046632322765	0.6899953367677232
0.4844464927321148	0.5155535072678848
0.5791837479601409	0.42081625203985873
0.7710799937058878	0.2289200062941119
0.11691503507661594	0.8830849649233837
0.9019879206595229	0.09801207934047668
0.5370480950382546	0.4629519049617451
0.797432328954057	0.2025676710459426
0.2695008200054365	0.7304991799945632
0.9906204133831611	0.009379586616838631
0.9654961021143736	0.03450389788562602
0.5577664731724052	0.44223352682759437
0.86794757035377	0.13205242964622965
0.29670275260377077	0.7032972473962289
0.6161794104043342	0.38382058959566545
0.05776611295064232	0.9422338870493574
0.17396898318999382	0.8260310168100058
0.5389522847084658	0.4610477152915339
0.11869561062722095	0.8813043893727788
0.18158494146716952	0.8184150585328301
0.8323141029805184	0.16768589701948122
0.4866625039318522	0.5133374960681475
0.24424660208258941	0.7557533979174103
0.900427837195128	0.09957216280487174
0.21501235776500888	0.7849876422349908
0.6308575801164926	0.36914241988350704
0.4162297263889475	0.5837702736110522
0.3420740549886449	0.6579259450113548
0.02261761216348568	0.977382387836514
0.5861091069462966	0.4138908930537031
0.6246438545198157	0.3753561454801839
0.6775036110215932	0.3224963889784065
0.47734768195713323	0.5226523180428665
0.4659963507216649	0.5340036492783348
0.3918726310970583	0.6081273689029414
0.2663564855769436	0.7336435144230561
0.09467677268313918	0.9053232273168605
0.4090915543703129	0.5909084456296868
0.07854077938344711	0.9214592206165526
0.19457300258465987	0.8054269974153399
0.1667983649696489	0.8332016350303508
0.6512444613381312	0.3487555386618685
0.8267810507721591	0.17321894922784054
0.43922023784217534	0.5607797621578243
0.9837710674964506	0.01622893250354901
0.5455482884575988	0.45445171154240077
0.6492996371729313	0.3507003628270684
0.846726950135096	0.15327304986490364
0.8966882485729413	0.1033117514270584
0.29071102665530624	0.7092889733446934
0.8384224230157196	0.16157757698428016
0.7456529739078736	0.2543470260921261
0.4955987340106677	0.504401265989332
0.4470160793165928	0.5529839206834068
0.4850213371691379	0.5149786628308618
0.8176045793730196	0.18239542062698005
0.8115667864622107	0.18843321353778902
0.012434499901259721	0.98756550009874
0.9320550381229578	0.06794496187704185
0.9472869370472858	0.05271306295271383
0.33747247161789706	0.6625275283821026
0.545175099203685	0.45482490079631466
0.9493424750547153	0.05065752494528436
0.1329675258564646	0.8670324741435351
0.5603942682258312	0.4396057317741685
0.42887931514374195	0.5711206848562578
0.39048020631987934	0.6095197936801203
0.326335818744671	0.6736641812553287
0.768609938857894	0.23139006114210575
0.800550405973151	0.19944959402684875
0.10311114006330657	0.8968888599366931
0.19864042669103965	0.80135957330896
0.8932736348085408	0.1067263651914589
0.5108059886498407	0.48919401135015894
0.4366375146103474	0.5633624853896523
0.8286814090964115	0.17131859090358814
0.693994283831491	0.30600571616850875
0.5053419584647408	0.49465804153525883
0.1504658273687539	0.8495341726312458
0.9218472920571446	0.07815270794285517
0.16160464961629784	0.8383953503837018
0.6947344984972478	0.3052655015027519
0.5833463074333141	0.4166536925666856
0.5948704798133633	0.40512952018663634
0.37390497941933354	0.6260950205806661
0.5137981458874541	0.4862018541125456
0.9443147501851055	0.0556852498148942
0.5147439985074597	0.48525600149254
0.8628739841675521	0.13712601583244755
0.9951222391933132	0.004877760806686449
0.8510621428452598	0.1489378571547399
0.6547021242561513	0.34529787574384835
0.35390423268558113	0.6460957673144185
0.8012963242764415	0.19870367572355813
0.9754203173313148	0.02457968266868482
0.6901414434416766	0.30985855655832306
0.2949256895347255	0.7050743104652741
0.6213152462044091	0.37868475379559047
0.7485082974546596	0.25149170254534003
0.6294181125327354	0.3705818874672643
0.6970225847669516	0.30297741523304816
0.020292415269535125	0.9797075847304646
0.7583345895307223	0.24166541046927742
0.6393931687102231	0.36060683128977655
0.9626659043876911	0.037334095612308604
0.7988378911086486	0.2011621088913511
0.020524850489159197	0.9794751495108405
0.6630802290949209	0.3369197709050788
0.2017945283907559	0.7982054716092437
0.43342019362064926	0.5665798063793503
0.21998427092334177	0.7800157290766578
0.6818874828973802	0.31811251710261945
0.5438816293433607	0.456118370656639
0.17505497823254418	0.8249450217674554
0.28767039424838836	0.7123296057516113
0.6126314487818434	0.3873685512181563
0.492937131290675	0.5070628687093247
0.3639851939421827	0.636014806057817
0.5667396117747596	0.43326038822524005
0.3774182650009474	0.6225817349990523
0.5868833399797692	0.4131166600202305
0.9468536104165163	0.05314638958348339
0.23992516672246894	0.7600748332775307
0.8703568242880733	0.12964317571192646
0.617143452901833	0.38285654709816663
0.3791626087300786	0.620837391269921
0.4966157427962276	0.503384257203772
0.4500759481077168	0.5499240518922829
0.753093257012702	0.2469067429872976
0.31980396844497716	0.6801960315550225
0.23711722423917725	0.7628827757608224
0.679872600366827	0.3201273996331727
0.646908067195888	0.3530919328041116
0.9852873743548043	0.01471262564519532
0.22304356458104535	0.7769564354189543
0.7402341438142678	0.2597658561857319
0.6218931189998583	0.3781068810001413
0.6979688518607268	0.3020311481392729
0.8567188328357964	0.1432811671642032
