0.5024676229369095	0.4975323770630902
0.5024716977230729	0.49752830227692674
0.5024867904616802	0.49751320953831946
0.5024536483538589	0.49754635164614086
0.5024487766664175	0.4975512233335822
0.5024695306851183	0.4975304693148813
0.5024853361690166	0.4975146638309831
0.5024579047012	0.49754209529879967
0.50248070988596	0.49751929011403956
0.5024805560313579	0.49751944396864184
0.5024787586263857	0.4975212413736139
0.5024431409516344	0.4975568590483652
0.5024664883768108	0.4975335116231888
0.5024795814865006	0.49752041851349904
0.5024686799849087	0.4975313200150909
0.5024632170195245	0.49753678298047516
0.5024666934148739	0.49753330658512573
0.502457011986367	0.4975429880136326
0.5024613559984368	0.4975386440015629
0.5024638090170477	0.497536190982952
0.5024708641522097	0.49752913584779
0.5024867292202222	0.4975132707797775
0.502485506456177	0.4975144935438227
0.5024664189603083	0.49753358103969136
0.5024706102998544	0.4975293897001452
0.5024579045622353	0.49754209543776445
0.5024794813741961	0.4975205186258036
0.5024742154974368	0.49752578450256285
0.5024776192483212	0.49752238075167843
0.5024795125106025	0.4975204874893971
0.5024591207399381	0.4975408792600616
0.50247331948777	0.49752668051222976
0.5024484633759115	0.49755153662408813
0.5024840580719017	0.49751594192809806
0.5024769864096709	0.49752301359032886
0.5024451005502357	0.4975548994497639
0.5024848272021013	0.4975151727978983
0.50245435118049	0.49754564881950963
0.5024629797807585	0.49753702021924123
0.5024848432190516	0.49751515678094804
0.5024629679667849	0.49753703203321475
0.5024447109653817	0.49755528903461793
0.5024483916236133	0.49755160837638635
0.5024849277556565	0.49751507224434327
0.5024487176839912	0.4975512823160085
0.502462893843431	0.4975371061565686
0.5024733096896199	0.4975266903103797
0.502449879523414	0.49755012047658564
0.5024561134219958	0.4975438865780039
0.5024438453679184	0.4975561546320813
0.5024493303422306	0.49755066965776906
0.502463520167506	0.49753647983249366
0.5024888835097632	0.49751111649023644
0.502476156802523	0.4975238431974767
0.5024875397372845	0.49751246026271506
0.5024638035359813	0.4975361964640184
0.5024646759312752	0.49753532406872447
0.502457498079693	0.49754250192030675
0.5024875957921021	0.4975124042078975
0.5024926858162471	0.49750731418375255
0.5024907604928742	0.49750923950712544
0.5024693092704139	0.4975306907295857
0.5024659613062742	0.4975340386937254
0.5024750339288603	0.49752496607113944
0.5024460552882136	0.497553944711786
0.5024720687307435	0.49752793126925626
0.5024717404216765	0.4975282595783231
0.50245783005033	0.4975421699496697
0.5024632149774566	0.49753678502254306
0.5024689614428343	0.4975310385571654
0.5024811287314134	0.4975188712685863
0.5024762577804024	0.4975237422195972
0.5024830129727764	0.4975169870272232
0.5024680594753581	0.4975319405246416
0.5024614464038704	0.4975385535961293
0.5024520813771277	0.497547918622872
0.5024525026878275	0.4975474973121722
0.5024709672527219	0.4975290327472777
0.5024698506650765	0.4975301493349232
0.5024650631847248	0.49753493681527483
0.502463296045817	0.49753670395418265
0.502493290547754	0.4975067094522456
0.5024925625228	0.4975074374771997
0.5024524550374593	0.49754754496254033
0.5024709242363932	0.49752907576360655
0.5024513858041811	0.49754861419581853
0.5024533024309938	0.4975466975690058
0.5024689597268719	0.4975310402731278
0.5024794620546177	0.4975205379453819
0.502476256680612	0.49752374331938765
0.5024511912538364	0.4975488087461633
0.5024472232997289	0.49755277670027076
0.5024725019143755	0.4975274980856242
0.5024632474185783	0.4975367525814214
0.5024715390315212	0.4975284609684785
0.502443014430228	0.4975569855697717
0.502460331703062	0.49753966829693763
0.5024874927215224	0.4975125072784773
0.5024863029954084	0.4975136970045913
0.5024857785683169	0.4975142214316827
0.5024461409867921	0.4975538590132076
0.5024670046344357	0.49753299536556395
0.5024800689833293	0.49751993101667036
0.5024847764880485	0.49751522351195115
0.5024719045223932	0.49752809547760646
0.502456257082866	0.4975437429171336
0.5024722829786622	0.49752771702133747
0.5024784976834726	0.49752150231652703
0.5024633436997147	0.497536656300285
0.5024918702734074	0.4975081297265923
0.5024572312788578	0.4975427687211419
0.5024906550751363	0.4975093449248634
0.5024728231709642	0.4975271768290355
0.5024807021537688	0.4975192978462309
0.5024711177797916	0.4975288822202081
0.5024862306928866	0.49751376930711305
0.5024652574920254	0.49753474250797425
0.5024757199595612	0.49752428004043847
0.5024534243936792	0.4975465756063204
0.5024556619014074	0.4975443380985922
0.5024722697633077	0.4975277302366919
0.5024555500173786	0.4975444499826211
0.5024680983270267	0.497531901672973
0.5024637534974633	0.4975362465025364
0.5024794205985966	0.49752057940140304
0.5024733191226685	0.49752668087733126
0.5024878330612372	0.4975121669387625
0.5024518184900106	0.4975481815099891
0.5024823803473351	0.4975176196526646
0.5024785760183161	0.49752142398168353
0.5024459699164331	0.4975540300835666
0.5024596669108663	0.4975403330891334
0.5024454019441263	0.4975545980558734
0.5024610300642569	0.4975389699357428
0.5024719249013286	0.4975280750986711
0.5024764791764907	0.49752352082350887
0.5024512829723553	0.4975487170276443
0.502454387855806	0.4975456121441937
0.5024852405703184	0.4975147594296813
0.5024430003635341	0.49755699963646555
0.5024470197251829	0.49755298027481676
0.5024686509768544	0.4975313490231453
0.5024872510539079	0.4975127489460917
0.502457446052232	0.49754255394776764
0.5024826061222986	0.49751739387770116
0.50249357474507	0.4975064252549297
0.5024862599877773	0.4975137400122223
0.5024561222941495	0.4975438777058502
0.5024792786150564	0.49752072138494324
0.5024570051024716	0.49754299489752807
0.5024719736887018	0.49752802631129794
0.5024917204084531	0.49750827959154653
0.5024673429926977	0.497532657007302
0.5024613882843664	0.49753861171563324
0.5024700543645244	0.49752994563547526
0.5024881762932423	0.49751182370675734
0.5024752576371487	0.4975247423628509
0.5024568233387544	0.4975431766612453
0.5024489518173905	0.4975510481826092
0.5024646368743566	0.49753536312564306
0.5024689891096491	0.4975310108903505
0.5024627712569923	0.4975372287430074
0.5024517822202245	0.49754821777977526
0.5024865208595852	0.49751347914041444
0.5024872912420685	0.49751270875793124
0.5024762730381197	0.49752372696187996
0.5024721238345062	0.4975278761654935
0.5024611951377619	0.4975388048622378
0.5024703223139694	0.4975296776860303
0.502456518302501	0.4975434816974986
0.5024891645112103	0.4975108354887894
0.5024611329218646	0.4975388670781351
0.5024517319340758	0.49754826806592384
0.5024903937656555	0.49750960623434415
0.5024906548895287	0.49750934511047096
0.5024807495613581	0.4975192504386415
0.5024463181460681	0.49755368185393156
0.5024733068246071	0.49752669317539255
0.502468777116968	0.49753122288303164
0.5024878029837598	0.49751219701623983
0.5024911559545271	0.4975088440454726
0.5024817750206395	0.4975182249793602
0.5024795896796324	0.4975204103203673
0.5024816215019399	0.49751837849805985
0.5024456347880044	0.49755436521199525
0.5024724208814599	0.4975275791185398
0.5024439933817036	0.497556006618296
0.5024739877327353	0.4975260122672643
0.5024479464237548	0.49755205357624493
0.5024485235999134	0.49755147640008623
0.502457881296688	0.4975421187033116
0.502446544693793	0.4975534553062066
0.5024598326655951	0.4975401673344045
0.5024457691802522	0.4975542308197475
0.5024927272944797	0.49750727270552
0.5024742321158245	0.49752576788417513
0.5024573677081843	0.49754263229181545
0.5024911884173521	0.4975088115826476
0.5024807392990476	0.4975192607009521
0.5024837756692782	0.49751622433072157
0.5024626051784773	0.4975373948215223
0.5024880028192684	0.4975119971807313
0.5024785802150165	0.49752141978498327
0.5024557551671137	0.4975442448328859
0.5024551211477696	0.4975448788522301
0.5024799826805643	0.4975200173194354
0.5024904474066425	0.49750955259335716
0.5024609808985624	0.49753901910143733
0.5024625383699112	0.49753746163008855
0.5024734635292322	0.4975265364707675
0.5024533056756206	0.497546694324379
0.502488379964661	0.4975116200353387
0.5024749715524568	0.4975250284475428
0.502475335846423	0.4975246641535767
0.5024638333039502	0.4975361666960495
0.5024579020973867	0.4975420979026129
0.5024528442928827	0.49754715570711694
0.5024510368065492	0.49754896319345043
0.502483865359925	0.49751613464007477
0.5024682953711848	0.49753170462881485
0.5024907458235784	0.49750925417642117
0.5024451855572509	0.4975548144427487
0.5024689434600286	0.4975310565399711
0.5024701287348848	0.49752987126511483
0.5024716693503638	0.49752833064963586
0.5024737984969762	0.4975262015030235
0.5024810832689872	0.49751891673101245
0.5024746869696934	0.4975253130303063
0.5024916121358212	0.49750838786417845
0.5024759978313713	0.49752400216862835
0.5024481227150001	0.4975518772849996
0.5024740375772894	0.49752596242271024
0.5024520523868702	0.4975479476131294
0.5024682191216792	0.4975317808783205
0.50244694805961	0.49755305194038973
0.502490818834541	0.49750918116545856
0.5024935546362195	0.49750644536378025
0.5024731261572756	0.4975268738427241
0.5024823695687983	0.49751763043120134
0.5024663722196605	0.49753362778033916
0.5024761077186897	0.49752389228131
0.5024803096001077	0.49751969039989197
0.5024612910561397	0.49753870894386004
0.5024643297884746	0.4975356702115251
0.5024579033500706	0.4975420966499291
0.5024548324034882	0.4975451675965114
0.5024702183207362	0.4975297816792634
0.5024667100588665	0.4975332899411332
0.5024710070343689	0.49752899296563086
0.5024651206743157	0.49753487932568397
0.5024604798724118	0.49753952012758784
0.5024619280913335	0.4975380719086661
0.5024501243538381	0.4975498756461616
0.5024823267685659	0.4975176732314338
0.5024841797378247	0.497515820262175
0.5024895926538598	0.4975104073461398
0.5024901903887729	0.4975098096112268
0.502493038975639	0.4975069610243606
0.5024717157284689	0.4975282842715308
0.5024818099689122	0.49751819003108744
0.5024434270489319	0.4975565729510678
0.5024780857245686	0.497521914275431
0.5024547802066123	0.49754521979338734
0.502473703016354	0.4975262969836457
0.5024608580777837	0.4975391419222159
0.5024863711958194	0.49751362880418026
0.5024763488953964	0.4975236511046032
0.5024597013615067	0.4975402986384929
0.5024476204304685	0.4975523795695312
0.5024710069692762	0.49752899303072345
0.5024713954320971	0.49752860456790254
0.5024566386753752	0.49754336132462457
0.5024925007857449	0.49750749921425474
0.5024630567565813	0.4975369432434183
0.5024459299629558	0.49755407003704394
0.5024886583395276	0.49751134166047206
0.5024802127295921	0.4975197872704076
0.5024873063766011	0.49751269362339856
0.5024643305831668	0.49753566941683286
0.5024856540268666	0.49751434597313304
0.5024744407120255	0.49752555928797415
0.5024677355092262	0.49753226449077353
0.5024716285051639	0.49752837149483575
0.5024689933130855	0.49753100668691413
0.5024686927450235	0.4975313072549762
0.5024641389715258	0.4975358610284739
0.5024680532709631	0.49753194672903656
0.5024827765537737	0.497517223446226
0.5024696826870542	0.4975303173129455
0.5024540669477038	0.49754593305229583
0.5024438126690323	0.4975561873309674
0.5024643628453438	0.4975356371546558
0.5024828666880319	0.4975171333119678
0.5024801767714261	0.49751982322857363
0.5024796623614948	0.4975203376385049
0.5024866446553714	0.4975133553446283
0.5024586161592854	0.4975413838407143
0.5024514865336646	0.49754851346633516
0.5024450332722628	0.4975549667277369
0.5024751826021526	0.4975248173978471
0.502492034710388	0.4975079652896118
0.5024741419355275	0.4975258580644722
0.5024530154391539	0.49754698456084584
0.5024629633053048	0.4975370366946949
0.5024608339229951	0.49753916607700455
0.502468418329361	0.49753158167063877
0.5024878691704555	0.49751213082954415
0.5024492961239444	0.4975507038760552
0.5024645857676472	0.4975354142323525
0.5024643187400555	0.49753568125994424
0.5024748126993006	0.4975251873006991
0.502468647380995	0.4975313526190047
0.502466808457768	0.49753319154223163
0.5024670676040601	0.49753293239593954
0.5024537071439538	0.49754629285604585
0.5024715317684796	0.4975284682315201
0.5024696054600896	0.49753039453991005
0.5024901294557863	0.4975098705442133
0.5024923628027461	0.49750763719725355
0.502493262462962	0.4975067375370376
0.5024700984232767	0.497529901576723
0.5024444922097976	0.49755550779020213
0.502487957311523	0.49751204268847676
0.5024784641301555	0.49752153586984416
0.5024600128704091	0.4975399871295906
0.502445867142432	0.4975541328575676
0.5024810479989742	0.49751895200102547
0.5024623296775784	0.4975376703224212
0.5024474536462226	0.4975525463537771
0.502467853715561	0.4975321462844386
0.5024661603423084	0.49753383965769127
0.5024843902732296	0.4975156097267701
0.5024755832069141	0.49752441679308557
0.502443913202437	0.49755608679756275
0.5024495342630066	0.497550465736993
0.5024583798607967	0.49754162013920294
0.5024534670470889	0.49754653295291074
0.502487271102475	0.4975127288975246
0.5024696992490464	0.4975303007509533
0.5024873029122987	0.4975126970877009
0.5024718674391224	0.49752813256087725
0.5024532345990461	0.4975467654009535
0.5024773855280419	0.49752261447195784
0.5024466866252165	0.4975533133747832
0.5024532606596547	0.49754673934034505
0.5024794232724215	0.49752057672757816
0.5024871261422754	0.49751287385772425
0.5024507937717351	0.49754920622826465
0.5024527288826041	0.4975472711173956
0.5024517226766182	0.4975482773233815
0.5024465433045425	0.4975534566954572
0.502486632956994	0.49751336704300564
0.5024506038167209	0.49754939618327876
0.5024467827390577	0.49755321726094187
0.5024872950719514	0.49751270492804817
0.5024915587224343	0.4975084412775653
0.5024796094249959	0.4975203905750037
0.502447376768388	0.49755262323161165
0.5024615929212468	0.4975384070787528
0.5024824012815235	0.4975175987184762
0.5024652421398719	0.4975347578601278
0.5024888145000613	0.49751118549993834
0.5024600678257515	0.4975399321742482
0.5024495088086973	0.49755049119130235
0.5024552711794174	0.49754472882058237
0.502446511131625	0.4975534888683747
0.5024905119143638	0.49750948808563594
0.5024838241535455	0.4975161758464541
0.50246791553412	0.4975320844658797
0.5024715579563638	0.4975284420436359
0.5024624728680699	0.4975375271319298
0.5024864320656544	0.4975135679343453
0.5024585397793158	0.4975414602206839
0.5024882170915252	0.49751178290847436
0.5024440305208587	0.4975559694791409
0.5024913907886034	0.4975086092113963
0.5024908081085476	0.49750919189145204
0.5024922790649297	0.49750772093507
0.5024908347727712	0.49750916522722843
0.5024905606052024	0.49750943939479736
0.5024506075000761	0.49754939249992364
0.5024661784124705	0.4975338215875291
0.5024499809387102	0.49755001906128943
0.5024516875145209	0.49754831248547876
0.5024783437824549	0.4975216562175447
0.5024550511319335	0.49754494886806616
0.5024900214818767	0.4975099785181229
0.5024519685347298	0.49754803146526977
0.5024607988807427	0.4975392011192569
0.5024644415179229	0.49753555848207676
0.5024530803314282	0.49754691966857145
0.5024751557388576	0.49752484426114213
0.5024923470925	0.4975076529074996
0.5024653638330755	0.49753463616692417
0.5024447202367008	0.4975552797632988
0.5024782873852242	0.4975217126147755
0.5024657217366119	0.4975342782633878
0.5024618245813387	0.4975381754186609
0.5024803518823946	0.49751964811760513
0.5024589240672614	0.4975410759327382
0.5024645348795491	0.49753546512045055
0.5024864805505659	0.4975135194494337
0.5024702304603443	0.4975297695396554
0.5024777891291721	0.49752221087082754
0.5024595037639205	0.4975404962360792
0.5024662015381685	0.4975337984618312
0.5024628749714782	0.4975371250285214
0.5024817324842393	0.49751826751576034
0.5024587021791116	0.4975412978208881
0.5024517319669426	0.497548268033057
0.5024744732007663	0.4975255267992334
0.5024454286642204	0.4975545713357793
0.502461755897339	0.4975382441026606
0.502487584802242	0.4975124151977577
0.5024536720263173	0.4975463279736824
0.5024677250600185	0.49753227493998126
0.502446573728946	0.4975534262710537
0.5024619805258594	0.49753801947414017
0.5024495425601248	0.49755045743987486
0.5024729494120673	0.4975270505879323
0.5024612790264247	0.497538720973575
0.502466271611987	0.4975337283880127
0.5024927801876863	0.4975072198123134
0.5024527834240705	0.4975472165759291
0.5024559660698573	0.49754403393014235
0.5024930992908169	0.4975069007091828
0.502444479869716	0.4975555201302837
0.5024807157503018	0.49751928424969777
0.502445334486764	0.4975546655132357
0.5024933660785462	0.49750663392145344
0.5024820008121516	0.49751799918784817
0.5024728372178825	0.4975271627821172
0.5024574764829182	0.49754252351708145
0.5024887108645401	0.4975112891354596
0.502469548513081	0.49753045148691866
0.5024470078128912	0.4975529921871085
0.5024694945552534	0.49753050544474636
0.5024803350959751	0.49751966490402455
0.5024939249605325	0.4975060750394672
0.5024598948102825	0.49754010518971714
0.5024569380273782	0.4975430619726215
0.5024876520775402	0.4975123479224595
0.5024723196779977	0.49752768032200195
0.5024885001603671	0.4975114998396326
0.5024649736349556	0.49753502636504415
0.5024434863556406	0.497556513644359
0.5024690161044343	0.4975309838955654
0.5024883883989533	0.4975116116010464
0.5024857734356791	0.4975142265643206
0.5024803368145665	0.4975196631854332
0.502477520165058	0.49752247983494163
0.5024693782962133	0.49753062170378637
0.5024544349790685	0.49754556502093117
0.5024898694587498	0.4975101305412498
0.5024733938575949	0.4975266061424047
0.5024904144724246	0.497509585527575
0.5024680692024143	0.49753193079758534
0.5024704628693363	0.49752953713066334
0.5024641859182443	0.49753581408175535
0.5024650611290277	0.497534938870972
0.5024610588940124	0.49753894110598723
0.5024698191517645	0.4975301808482352
0.5024486233714237	0.49755137662857596
0.5024763476194782	0.49752365238052143
0.5024746451090963	0.4975253548909033
0.5024776464321736	0.49752235356782604
0.5024867723664095	0.4975132276335902
0.502477832443118	0.4975221675568816
0.5024456233903939	0.4975543766096057
0.5024586642767908	0.4975413357232089
0.5024717184067884	0.4975282815932113
0.5024764976628661	0.49752350233713355
0.5024708493649972	0.49752915063500247
0.5024842029074568	0.49751579709254296
0.5024937178144452	0.49750628218555454
0.5024568155887997	0.49754318441119993
0.5024775343521171	0.4975224656478826
0.5024806611822485	0.4975193388177512
0.502476640576639	0.4975233594233607
0.5024479421922106	0.49755205780778916
0.5024871279584553	0.4975128720415444
0.5024577089627765	0.4975422910372231
0.5024689829298528	0.4975310170701469
0.5024926027263912	0.49750739727360854
0.5024640308837226	0.49753596911627707
0.5024432935954866	0.4975567064045131
0.5024517801019738	0.49754821989802595
0.5024818576369259	0.4975181423630738
0.5024899081682913	0.4975100918317083
0.5024445534554193	0.49755544654458034
0.5024593849013244	0.49754061509867525
0.5024751016618094	0.4975248983381903
0.5024603310455675	0.4975396689544321
0.5024749623614062	0.49752503763859346
0.5024502224840333	0.49754977751596635
0.5024561714942261	0.49754382850577356
0.5024536580681679	0.4975463419318317
0.5024605768730414	0.4975394231269583
0.5024828163960047	0.497517183603995
0.502453208577982	0.49754679142201763
0.5024630587623031	0.49753694123769654
0.502472920424945	0.49752707957505476
0.5024766782522506	0.49752332174774905
0.5024631865710131	0.49753681342898654
0.5024535465593181	0.4975464534406816
0.5024662676400484	0.49753373235995124
0.5024538172302995	0.4975461827697002
0.5024521727938668	0.4975478272061329
0.5024797543916746	0.4975202456083251
0.5024716306569165	0.4975283693430832
0.5024523557203684	0.49754764427963133
0.5024538358016534	0.49754616419834635
0.5024930903686304	0.4975069096313692
0.5024532714016882	0.4975467285983115
0.5024858402690358	0.4975141597309639
0.5024854342113754	0.49751456578862435
0.502466243696485	0.49753375630351465
0.5024438878754511	0.4975561121245486
0.5024820625397757	0.49751793746022405
0.5024661389743342	0.4975338610256655
0.5024563877399595	0.49754361226004024
0.5024496628482065	0.4975503371517932
0.5024760471530363	0.4975239528469634
0.5024863389198179	0.4975136610801818
0.5024530633097685	0.49754693669023115
0.5024635219006095	0.49753647809939017
0.5024610941030091	0.4975389058969905
0.5024548744841055	0.49754512551589414
0.5024639822289235	0.4975360177710762
0.502464298659877	0.4975357013401227
0.5024826265993098	0.4975173734006899
0.5024690499159903	0.4975309500840094
0.5024749660844475	0.4975250339155522
0.5024657183916311	0.4975342816083685
0.5024675758493043	0.49753242415069526
0.502473109143534	0.4975268908564656
0.502454406136877	0.49754559386312264
0.5024903989405839	0.49750960105941583
0.5024562449890421	0.49754375501095754
0.5024627897143958	0.4975372102856039
0.5024599612837193	0.4975400387162804
0.5024623956074677	0.49753760439253186
0.5024694917170388	0.49753050828296086
0.5024797510942487	0.497520248905751
0.5024883335834716	0.4975116664165281
0.5024576741480058	0.4975423258519939
0.5024527609849868	0.49754723901501285
0.5024609801152987	0.4975390198847009
0.5024935553253163	0.49750644467468347
0.5024907232344447	0.49750927676555495
0.5024674685500603	0.49753253144993936
0.5024915842403349	0.4975084157596647
0.5024713015540211	0.4975286984459786
0.5024636238998846	0.49753637610011503
0.5024800741420953	0.49751992585790444
0.5024811225009258	0.4975188774990739
0.5024734470442436	0.4975265529557561
0.5024656846111875	0.49753431538881215
0.5024728609688092	0.4975271390311905
0.5024488248048845	0.4975511751951152
0.5024451314032474	0.49755486859675224
0.502445735236396	0.4975542647636037
0.5024893872781745	0.4975106127218251
0.502451094823206	0.4975489051767936
0.5024434204592966	0.4975565795407031
0.502481013103561	0.49751898689643864
0.5024648262285103	0.4975351737714894
0.5024431722989084	0.49755682770109116
0.5024502213328019	0.4975497786671977
0.5024845482042448	0.49751545179575485
0.502478706495248	0.4975212935047517
0.5024631163987294	0.49753688360127024
0.5024887713706297	0.49751122862937
0.5024455572288209	0.49755444277117883
0.5024846458205308	0.4975153541794689
0.5024638023817914	0.4975361976182082
0.5024754199526417	0.497524580047358
0.5024881375678647	0.49751186243213497
0.5024633592734306	0.4975366407265691
0.5024798534130502	0.4975201465869494
0.5024502192748049	0.4975497807251947
0.5024580436611581	0.4975419563388416
0.5024673609438018	0.4975326390561978
0.5024593495137218	0.4975406504862778
0.5024685538253656	0.4975314461746341
0.5024586051783796	0.4975413948216201
0.5024815902562925	0.4975184097437072
0.5024603584914586	0.4975396415085411
0.502477399701629	0.4975226002983707
0.5024553320101949	0.4975446679898048
0.5024841785513552	0.4975158214486445
0.5024766465987623	0.49752335340123727
0.5024839065975139	0.49751609340248576
0.5024598952481107	0.4975401047518889
0.5024648340814386	0.49753516591856106
0.5024709064069923	0.49752909359300734
0.5024818666020255	0.49751813339797407
0.5024509218964367	0.497549078103563
0.5024631448087238	0.4975368551912759
0.5024574067595984	0.4975425932404013
0.5024814053535646	0.4975185946464351
0.5024843198209912	0.4975156801790085
0.5024884813072834	0.49751151869271626
0.502443550408664	0.4975564495913357
0.5024663006393306	0.497533699360669
0.5024853482630202	0.4975146517369795
0.5024453411275207	0.4975546588724789
0.5024532392844926	0.4975467607155071
0.5024440073405735	0.4975559926594262
0.502488621059709	0.4975113789402906
0.5024535911373105	0.49754640886268914
0.5024938395690979	0.49750616043090173
0.5024725590701656	0.49752744092983403
0.5024877341545027	0.497512265845497
0.502457237211216	0.4975427627887837
0.502458794784094	0.4975412052159056
0.5024676719736235	0.4975323280263762
0.5024585744566847	0.4975414255433149
0.5024705428771068	0.49752945712289287
0.5024605795767706	0.4975394204232291
0.5024566376613845	0.4975433623386151
0.5024443423412429	0.49755565765875676
0.5024500679394269	0.4975499320605727
0.5024896981785199	0.49751030182147987
0.5024857821291143	0.49751421787088534
0.5024662737361579	0.4975337262638417
0.5024601710646901	0.49753982893530957
0.5024604641394036	0.49753953586059607
0.5024839426628631	0.49751605733713655
0.5024666743917484	0.4975333256082512
0.5024542742700757	0.4975457257299239
0.5024633779008745	0.49753662209912525
0.5024864459117336	0.49751355408826603
0.5024783082555376	0.4975216917444621
0.5024641974103061	0.49753580258969354
0.5024913847913633	0.4975086152086364
0.5024606534732609	0.49753934652673876
0.5024825403029901	0.4975174596970096
0.502492506239731	0.4975074937602687
0.5024673784171584	0.4975326215828413
0.5024870435457335	0.49751295645426624
0.5024568702173662	0.49754312978263354
0.5024614637186917	0.49753853628130795
0.5024631965240929	0.4975368034759068
0.5024828696627892	0.4975171303372104
0.502464604837249	0.4975353951627507
0.5024798333047353	0.4975201666952643
0.5024815503863641	0.49751844961363556
0.5024599527358158	0.4975400472641839
0.5024694324090503	0.4975305675909494
0.5024495833725845	0.4975504166274152
0.5024885107355119	0.4975114892644877
0.502491221010195	0.49750877898980467
0.5024745447382369	0.4975254552617628
0.5024555885337714	0.4975444114662283
0.5024634602215542	0.4975365397784455
0.5024705742969486	0.4975294257030511
0.5024437920140378	0.4975562079859619
0.5024897180419164	0.4975102819580832
0.5024652087828433	0.4975347912171564
0.5024885069259639	0.49751149307403575
0.5024882782283611	0.49751172177163866
0.5024480323177782	0.49755196768222143
0.5024790454964503	0.4975209545035494
0.5024689424108588	0.4975310575891409
0.5024687423724491	0.4975312576275506
0.5024714606278462	0.49752853937215347
0.5024595754195961	0.4975404245804036
0.5024890614419324	0.4975109385580672
0.5024805581232075	0.49751944187679215
0.5024921655785511	0.4975078344214486
0.5024843310592345	0.49751566894076515
0.5024724177121517	0.49752758228784794
0.5024843334312875	0.49751566656871216
0.5024493514456659	0.49755064855433373
0.5024834096887935	0.4975165903112062
0.5024873281503082	0.4975126718496915
0.5024934202956557	0.497506579704344
0.5024526516421102	0.4975473483578895
0.5024691408624776	0.497530859137522
0.502460748099654	0.4975392519003456
0.502467663304811	0.49753233669518876
0.5024558652355499	0.4975441347644498
0.5024504246110341	0.4975495753889656
0.502481645917009	0.4975183540829907
0.5024497573664639	0.49755024263353576
0.5024564077002781	0.49754359229972156
0.5024543779599421	0.4975456220400576
0.5024686783320844	0.49753132166791525
0.5024742930533641	0.4975257069466355
0.5024825983521978	0.4975174016478019
0.5024862666764969	0.49751373332350274
0.5024616094580238	0.4975383905419759
0.5024559195703261	0.4975440804296736
0.5024473339822184	0.49755266601778125
0.502464968068514	0.4975350319314856
0.5024823458610858	0.4975176541389139
0.5024752521486519	0.4975247478513478
0.502459195263163	0.49754080473683665
0.50248783966097	0.4975121603390297
0.5024432527501228	0.4975567472498768
0.5024470082814811	0.4975529917185186
0.5024775986144181	0.4975224013855815
0.5024734611434518	0.4975265388565479
0.5024693468382634	0.4975306531617363
0.5024706253339385	0.4975293746660612
0.5024570905017702	0.4975429094982294
0.5024704647853871	0.49752953521461246
0.5024534374048614	0.4975465625951383
0.5024901235404257	0.49750987645957406
0.502478965270202	0.49752103472979764
0.5024551856418401	0.4975448143581596
0.5024536228425427	0.497546377157457
0.5024683553733165	0.4975316446266832
0.5024631127073895	0.49753688729261014
0.5024602967018584	0.4975397032981413
0.5024738880063866	0.4975261119936131
0.5024524187648413	0.4975475812351584
0.5024844335551057	0.49751556644489386
0.5024492662874688	0.4975507337125309
0.5024839373947462	0.4975160626052535
0.5024535727682541	0.4975464272317456
0.5024444866559024	0.4975555133440973
0.50246689053567	0.49753310946432977
0.5024445403197916	0.4975554596802081
0.5024523987597421	0.49754760124025754
0.50249369723891	0.4975063027610896
0.5024671872013683	0.4975328127986314
0.5024442881874971	0.49755571181250263
0.5024866665190442	0.49751333348095544
0.5024812732510732	0.49751872674892655
0.5024603796787309	0.4975396203212688
0.5024841173921851	0.4975158826078146
0.5024939065875842	0.4975060934124155
0.5024736216427834	0.49752637835721625
0.5024593493723162	0.49754065062768354
0.5024596072891084	0.4975403927108913
0.5024931169939194	0.4975068830060802
0.5024633396156403	0.4975366603843594
0.5024491853378065	0.4975508146621932
0.5024712569917656	0.49752874300823396
0.5024622409844257	0.49753775901557395
0.5024697730330377	0.497530226966962
0.5024511943028284	0.49754880569717136
0.5024811488575516	0.49751885114244804
0.5024437572535607	0.49755624274643895
0.5024838627971333	0.4975161372028663
0.5024502029752576	0.49754979702474206
0.5024867809281283	0.49751321907187135
0.5024912776460985	0.4975087223539012
0.5024544136032929	0.49754558639670676
0.5024638734631406	0.4975361265368591
0.502443828374733	0.49755617162526666
0.5024708398507375	0.4975291601492622
0.5024727064909418	0.49752729350905783
0.502456046802904	0.49754395319709566
0.5024846680312597	0.4975153319687399
0.502465698834202	0.49753430116579767
0.5024450673002482	0.4975549326997515
0.5024655248319531	0.4975344751680466
0.5024658383529296	0.49753416164707015
0.5024806469778226	0.49751935302217704
0.5024494045379783	0.49755059546202135
0.5024613058969677	0.4975386941030319
0.5024681965897903	0.4975318034102094
0.5024844547604901	0.4975155452395095
0.502449358508121	0.4975506414918787
0.5024696132911158	0.4975303867088839
0.5024696078612625	0.4975303921387371
0.5024477211383129	0.49755227886168674
0.5024549462264101	0.4975450537735896
0.5024917211237107	0.49750827887628896
0.5024851873416245	0.49751481265837516
0.5024815323784739	0.49751846762152574
0.5024898607929982	0.49751013920700143
0.5024464871000072	0.4975535128999925
0.5024572983921334	0.4975427016078663
0.5024649340264888	0.4975350659735108
0.502443633677061	0.49755636632293865
0.5024872793417303	0.49751272065826935
0.5024434052048424	0.49755659479515724
0.5024771862625528	0.4975228137374469
0.5024678483467412	0.4975321516532584
0.5024699778776812	0.49753002212231845
0.5024803679415935	0.49751963205840627
0.5024549218610365	0.49754507813896326
0.5024713365370373	0.49752866346296226
0.5024930219742476	0.49750697802575206
0.502455298589902	0.49754470141009766
0.5024786296847444	0.4975213703152553
0.5024697410675889	0.4975302589324107
0.502450294639098	0.4975497053609017
0.5024597992818923	0.4975402007181074
0.5024443281468186	0.497555671853181
0.5024743666382334	0.49752563336176625
0.5024823109306131	0.4975176890693866
0.502457228614244	0.4975427713857556
0.5024891951929853	0.4975108048070144
0.5024806977684263	0.49751930223157337
0.5024604371460093	0.4975395628539904
0.502476825709663	0.4975231742903366
0.50244988365731	0.4975501163426897
0.5024581492273383	0.4975418507726614
0.5024937815471242	0.49750621845287546
0.502483009187984	0.49751699081201556
0.5024773798668118	0.49752262013318777
0.5024596625812455	0.49754033741875414
0.5024819057765266	0.49751809422347304
0.5024554995796725	0.4975445004203272
0.5024810201493319	0.49751897985066773
0.5024753055436657	0.497524694456334
0.5024501386913918	0.49754986130860795
0.5024714147713115	0.49752858522868815
0.5024688290581651	0.4975311709418345
0.5024463377910926	0.49755366220890707
0.5024524562503306	0.49754754374966903
0.5024872799439302	0.49751272005606956
0.5024813940427165	0.4975186059572832
0.5024902175000635	0.49750978249993616
0.5024533167598781	0.4975466832401215
0.5024700493212667	0.49752995067873296
0.5024918495719938	0.4975081504280059
0.5024860910705158	0.49751390892948394
0.5024540877114959	0.4975459122885038
0.5024928989002672	0.4975071010997325
0.5024640812593197	0.49753591874068
0.5024642115159681	0.4975357884840316
0.5024895626908553	0.4975104373091444
0.5024936807692527	0.4975063192307469
0.5024463357495649	0.49755366425043485
0.5024479870329871	0.4975520129670126
0.5024688792754447	0.49753112072455496
0.5024708474851631	0.49752915251483654
0.502482869584935	0.4975171304150646
0.5024497128528006	0.49755028714719907
0.5024702374394706	0.49752976256052905
0.5024596433182567	0.49754035668174296
0.502485894647284	0.49751410535271573
0.5024837826652766	0.49751621733472307
0.5024551539997206	0.49754484600027904
0.5024537870855983	0.49754621291440143
0.5024646022504515	0.4975353977495482
0.5024906122962234	0.4975093877037763
0.5024784171217054	0.4975215828782943
0.5024903832343419	0.49750961676565775
0.5024494420002537	0.497550557999746
0.5024835571100785	0.49751644288992114
0.5024718454213368	0.4975281545786629
0.5024462322648634	0.4975537677351363
0.5024704967612671	0.4975295032387325
0.502479855745015	0.49752014425498464
0.5024507535992876	0.49754924640071213
0.5024544272530579	0.49754557274694183
0.502487713861275	0.4975122861387247
0.502463013328046	0.4975369866719537
0.5024605616796456	0.49753943832035413
0.5024852478246791	0.49751475217532054
0.5024443478758339	0.4975556521241658
0.5024571425893046	0.497542857410695
0.5024483815992622	0.49755161840073747
0.5024536437091798	0.4975463562908199
0.5024815563757967	0.497518443624203
0.502474858770368	0.49752514122963165
0.5024657492960581	0.49753425070394147
0.5024617715864417	0.497538228413558
0.5024807602337354	0.4975192397662642
0.5024467702557974	0.49755322974420224
0.5024654414173859	0.4975345585826137
0.5024713738019428	0.4975286261980568
0.5024769845226666	0.49752301547733296
0.502488446776645	0.4975115532233547
0.5024797802557531	0.49752021974424654
0.5024569279002907	0.497543072099709
0.5024488622989848	0.49755113770101494
0.502468163814893	0.49753183618510666
0.502450855034139	0.49754914496586067
0.5024771866012532	0.4975228133987465
0.5024937669715598	0.4975062330284399
0.5024749310357892	0.49752506896421045
0.5024851685331673	0.4975148314668324
0.5024913367313428	0.4975086632686569
0.5024581665329234	0.4975418334670763
0.5024934073343399	0.4975065926656598
0.50247528547583	0.49752471452416963
0.5024918893623882	0.4975081106376114
0.5024485486418685	0.4975514513581312
0.5024809939004701	0.49751900609952965
0.5024709341370923	0.4975290658629074
0.5024872937195543	0.4975127062804454
0.5024660444961312	0.4975339555038684
0.502481990348696	0.49751800965130366
0.502446249558401	0.4975537504415987
0.5024823485935231	0.4975176514064766
0.5024585495085747	0.49754145049142495
0.5024534682702181	0.49754653172978164
0.5024728843535032	0.4975271156464964
0.502459762234345	0.4975402377656547
0.502444039004597	0.49755596099540267
0.5024455882885213	0.49755441171147846
0.502474867530604	0.4975251324693956
0.5024482749090874	0.49755172509091233
0.5024669919869836	0.4975330080130161
0.502452598389541	0.4975474016104586
0.5024838407460235	0.49751615925397624
0.5024876267109614	0.49751237328903825
0.5024573220452633	0.49754267795473633
0.5024577797063169	0.4975422202936828
0.5024580932857939	0.49754190671420573
0.5024727339304472	0.4975272660695525
0.5024453700627188	0.4975546299372808
0.502446590988588	0.4975534090114117
0.5024609052818114	0.4975390947181882
0.5024733029357267	0.49752669706427294
0.5024737636840564	0.4975262363159433
0.5024730493192696	0.49752695068073005
0.5024727058340716	0.49752729416592806
0.502483189624547	0.49751681037545264
0.5024762291543481	0.49752377084565164
0.5024600784126738	0.4975399215873259
0.5024843581269266	0.49751564187307307
0.5024818481877814	0.49751815181221826
0.5024871867863385	0.4975128132136612
0.5024826971982578	0.49751730280174195
0.5024432777660233	0.4975567222339764
0.5024461353646094	0.4975538646353903
0.5024453168929635	0.4975546831070362
0.5024669261222928	0.4975330738777069
0.5024722839420295	0.49752771605797014
0.5024548638372612	0.49754513616273843
0.5024683376414303	0.4975316623585693
0.502446824554122	0.4975531754458776
0.5024542726081026	0.49754572739189706
0.5024880747965753	0.49751192520342435
0.5024751259675193	0.4975248740324803
0.5024599298696972	0.49754007013030244
0.5024682970295355	0.49753170297046406
0.502482424235806	0.4975175757641937
0.5024847051988927	0.497515294801107
0.5024615376699991	0.4975384623300006
0.5024755096854289	0.4975244903145708
0.5024810540780572	0.4975189459219424
0.5024648473719938	0.49753515262800585
0.5024557919889503	0.49754420801104937
0.5024773200708955	0.49752267992910415
0.5024659233228299	0.4975340766771698
0.5024518137331742	0.4975481862668255
0.5024438531069558	0.4975561468930439
0.5024439645324109	0.4975560354675887
0.5024766189449225	0.4975233810550772
0.5024653044453569	0.4975346955546428
0.5024909276330799	0.4975090723669198
0.5024652194893897	0.49753478051060995
0.5024439373917358	0.4975560626082639
0.502450949567948	0.4975490504320517
0.5024751517435699	0.49752484825642973
0.5024814281107425	0.49751857188925713
0.5024447327335984	0.4975552672664013
0.502460429341564	0.4975395706584357
0.5024647230712476	0.49753527692875205
0.5024861277780984	0.49751387222190124
0.5024851695177766	0.49751483048222317
0.5024737673583259	0.4975262326416737
0.5024920826325981	0.4975079173674015
0.5024680680410547	0.497531931958945
0.5024647894593817	0.497535210540618
0.5024559578833279	0.49754404211667175
0.5024551531281479	0.49754484687185174
0.5024926658933072	0.4975073341066925
0.5024698740518649	0.4975301259481347
0.5024807394871016	0.49751926051289813
0.5024920499167798	0.4975079500832199
0.502445368493334	0.49755463150666573
0.5024925595144625	0.49750744048553713
0.5024598198128718	0.4975401801871278
0.5024611167804814	0.4975388832195182
0.5024930687477462	0.49750693125225337
0.5024588698888648	0.4975411301111348
0.5024455368597769	0.49755446314022284
0.5024753966196613	0.49752460338033827
0.5024647345816295	0.4975352654183701
0.502487036093227	0.49751296390677263
0.5024535318006107	0.49754646819938897
0.5024794520873439	0.4975205479126557
0.5024581482736765	0.49754185172632315
0.5024702155718699	0.4975297844281298
0.5024677820972268	0.4975322179027729
0.5024837616008471	0.49751623839915254
0.5024922589020656	0.49750774109793405
0.5024604061878658	0.4975395938121339
0.5024580611147688	0.49754193888523085
0.502449573418998	0.4975504265810017
0.5024746033336747	0.497525396666325
0.5024578307153776	0.49754216928462197
0.5024725164309638	0.4975274835690358
0.5024901220149173	0.49750987798508234
0.5024641864684269	0.4975358135315727
0.5024499923828734	0.4975500076171263
0.5024906392724309	0.49750936072756874
0.5024465585040768	0.49755344149592284
0.5024693754534723	0.4975306245465274
