0.7496616286603035	0.25033837133969616
0.749807905269483	0.2501920947305167
0.7496877526462723	0.25031224735372737
0.7497348465011797	0.25026515349881995
0.7496957866270485	0.25030421337295117
0.7496308090273881	0.25036919097261157
0.7498006188695382	0.2501993811304615
0.7498137752088814	0.25018622479111835
0.7496523622283393	0.25034763777166036
0.7498076090167962	0.25019239098320345
0.749857435022938	0.25014256497706167
0.749829636107017	0.25017036389298264
0.7498078369193872	0.25019216308061243
0.7496772734783261	0.2503227265216735
0.7496500064917972	0.2503499935082025
0.7498568250610211	0.2501431749389785
0.7497408316065203	0.2502591683934794
0.7498099250442606	0.2501900749557391
0.749803588943616	0.2501964110563837
0.749711643204529	0.25028835679547073
0.7497631840650099	0.2502368159349898
0.7497936965768324	0.25020630342316724
0.7496306668315784	0.2503693331684212
0.7497765665434589	0.25022343345654074
0.7497495330719147	0.25025046692808495
0.7497347281165938	0.2502652718834059
0.7498144092612666	0.25018559073873303
0.7496901059836437	0.25030989401635595
0.7496287365634868	0.2503712634365128
0.7497644950210229	0.2502355049789768
0.7498209021795486	0.25017909782045106
0.7498319593542209	0.2501680406457788
0.7496966371664753	0.25030336283352445
0.749798135420644	0.2502018645793556
0.7497556817321045	0.2502443182678951
0.7496471115246368	0.25035288847536286
0.7496467042230543	0.2503532957769453
0.7496373862302764	0.25036261376972324
0.7496922694910222	0.2503077305089775
0.7497782831598224	0.25022171684017724
0.7496207611100032	0.25037923888999647
0.749840597417662	0.2501594025823377
0.7498351260324058	0.2501648739675939
0.7497510254470816	0.25024897455291806
0.7498288575219249	0.2501711424780748
0.7496713345769228	0.25032866542307686
0.7496479028309817	0.25035209716901796
0.7496971970679323	0.25030280293206736
0.7498343204607871	0.25016567953921254
0.7496545881656085	0.2503454118343912
0.7497565103922059	0.2502434896077937
0.7498406425476015	0.25015935745239815
0.7497601564459353	0.2502398435540643
0.7497008434039394	0.2502991565960603
0.7496699270757	0.25033007292429965
0.7496338951655748	0.25036610483442495
0.7497264913997325	0.2502735086002672
0.7498296657932519	0.2501703342067477
0.7496928172870383	0.25030718271296143
0.7496333237540136	0.2503666762459861
0.7498499258301691	0.2501500741698306
0.7498063161963328	0.2501936838036669
0.7498170602629777	0.250182939737022
0.7496913139304419	0.2503086860695578
0.7497635253276158	0.25023647467238386
0.7497898866144235	0.25021011338557614
0.749756985381471	0.25024301461852877
0.7497030128418314	0.2502969871581683
0.7497663437442623	0.25023365625573735
0.7496744977323357	0.2503255022676639
0.7496620733961038	0.25033792660389587
0.7498052918934285	0.2501947081065712
0.7496498864357684	0.25035011356423137
0.7496726667389647	0.25032733326103496
0.7497381071712826	0.250261892828717
0.7498406635408053	0.25015933645919447
0.7497404402850444	0.2502595597149553
0.7497441856061238	0.2502558143938759
0.7496680712910689	0.25033192870893073
0.7498591542965516	0.25014084570344813
0.7497723816477958	0.25022761835220386
0.7496849654111603	0.2503150345888394
0.7496284188808244	0.25037158111917523
0.7497986986395728	0.25020130136042684
0.7496581823434619	0.25034181765653774
0.7497183831421504	0.2502816168578492
0.7496474858837032	0.25035251411629644
0.749759147473719	0.2502408525262807
0.7496922967832873	0.2503077032167124
0.7497478334672376	0.25025216653276205
0.7498369226424567	0.25016307735754295
0.7497094231747538	0.2502905768252459
0.7497793266501918	0.25022067334980785
0.7497401745790517	0.2502598254209479
0.7498259839146724	0.2501740160853273
0.7497091655311513	0.25029083446884837
0.749795245717234	0.2502047542827657
0.7497826960231125	0.25021730397688713
0.7497478473863208	0.25025215261367884
0.7498059665087606	0.25019403349123903
0.7497724724835916	0.2502275275164081
0.7497315083318288	0.2502684916681709
0.7497563419617336	0.2502436580382661
0.7498214217732133	0.25017857822678635
0.7496778922822257	0.25032210771777397
0.7497681625364095	0.2502318374635901
0.7497251233880579	0.2502748766119418
0.7498345320875368	0.25016546791246286
0.7498195240384024	0.2501804759615973
0.7497208268022147	0.2502791731977849
0.7498241460090489	0.25017585399095077
0.7497330586242147	0.250266941375785
0.7498014320080251	0.25019856799197454
0.7498371936283549	0.2501628063716448
0.7498300189336301	0.25016998106636956
0.7496632952559462	0.25033670474405345
0.7496181881622899	0.25038181183770974
0.7498371562595159	0.25016284374048386
0.7496405653936682	0.2503594346063315
0.7496641850375954	0.25033581496240426
0.7496890137795652	0.25031098622043446
0.7496655079639977	0.250334492036002
0.7496517574680236	0.2503482425319761
0.7498151329335888	0.25018486706641085
0.7496486615145447	0.250351338485455
0.7497169535138823	0.2502830464861173
0.7496655849987308	0.25033441500126885
0.7497857801041883	0.2502142198958114
0.7497315897120074	0.25026841028799224
0.7497404566623633	0.2502595433376363
0.749724027880782	0.2502759721192177
0.7497816074865885	0.25021839251341116
0.7497999865210496	0.2502000134789501
0.7497408355362041	0.2502591644637956
0.7497780638171069	0.2502219361828928
0.7496876449844014	0.25031235501559823
0.7498405616126413	0.2501594383873583
0.749771999454867	0.2502280005451326
0.749618801178352	0.2503811988216477
0.749631935725411	0.2503680642745887
0.7497700087797492	0.25022999122025047
0.7496845600566533	0.2503154399433464
0.7496340948202007	0.2503659051797989
0.7496238129158654	0.2503761870841342
0.7496180447846356	0.2503819552153641
0.749640313986532	0.2503596860134677
0.7497973558321211	0.2502026441678785
0.7496196517363196	0.2503803482636801
0.7497258162236805	0.25027418377631916
0.7497124785585929	0.25028752144140676
0.7498320625358263	0.2501679374641733
0.7497071802121004	0.2502928197878993
0.7496453610229551	0.2503546389770446
0.7497905748364705	0.2502094251635292
0.7496663900962257	0.250333609903774
0.7497483572618033	0.25025164273819633
0.7498061046389158	0.25019389536108383
0.7496301942966579	0.25036980570334183
0.7498592658568317	0.25014073414316795
0.7498482739410075	0.25015172605899216
0.749724238560467	0.2502757614395327
0.7497195048788003	0.2502804951211993
0.7497448735211283	0.2502551264788714
0.7498030744071689	0.25019692559283074
0.7498440918702252	0.2501559081297745
0.7497076397548343	0.2502923602451653
0.7497432572132877	0.25025674278671195
0.7496470972733101	0.25035290272668953
0.7496624886532008	0.2503375113467988
0.7496666848385	0.2503333151614997
0.749784113337105	0.2502158866628947
0.7497223565195097	0.25027764348049
0.7497395618513801	0.25026043814861954
0.7497115365379085	0.2502884634620912
0.7496802565356446	0.25031974346435504
0.7498040877086336	0.25019591229136606
0.7497014682528476	0.2502985317471521
0.7497817104182931	0.25021828958170655
0.7497451107595399	0.2502548892404598
0.7496604241801276	0.2503395758198721
0.7497660922781724	0.2502339077218273
0.749853705008086	0.25014629499191365
0.7496636693836984	0.2503363306163012
0.7496688552826136	0.250331144717386
0.7496747689894585	0.2503252310105411
0.749656842197377	0.2503431578026226
0.7497031147238493	0.25029688527615035
0.7498046999524842	0.25019530004751545
0.7497749236360476	0.2502250763639521
0.749705308702656	0.2502946912973438
0.7498030980396317	0.2501969019603679
0.749710956292466	0.2502890437075337
0.7496403060096417	0.25035969399035796
0.7497251276443663	0.2502748723556334
0.7496377884853291	0.25036221151467053
0.7497312583611538	0.2502687416388458
0.7497064437328065	0.2502935562671932
0.7496711571988068	0.25032884280119283
0.749818396411038	0.2501816035889617
0.7498575163317033	0.2501424836682964
0.7496233243658672	0.25037667563413246
0.7497134967626642	0.2502865032373355
0.7497469610430703	0.2502530389569294
0.7497585638380271	0.2502414361619726
0.7497025206370251	0.25029747936297453
0.7498154072550619	0.25018459274493776
0.7496534101162415	0.2503465898837581
0.7497253764522664	0.2502746235477332
0.7498060595195131	0.2501939404804866
0.7497352647401343	0.25026473525986537
0.7498250003861826	0.25017499961381706
0.7497391929055323	0.2502608070944674
0.7496950218308864	0.2503049781691132
0.7498076094210526	0.250192390578947
0.7498523818217065	0.2501476181782931
0.7496354612199543	0.2503645387800454
0.7497344431219276	0.25026555687807206
0.7496469997857734	0.25035300021422624
0.7497699554469945	0.25023004455300507
0.7497648152104601	0.2502351847895396
0.749758473890768	0.25024152610923167
0.7496322853528952	0.25036771464710444
0.7496574563013078	0.2503425436986919
0.7497279571357739	0.2502720428642258
0.7497718685862214	0.25022813141377837
0.7496296473386465	0.2503703526613532
0.749850534213363	0.25014946578663666
0.749716172427247	0.25028382757275264
0.7497485710342254	0.25025142896577424
0.7497709633378078	0.2502290366621919
0.7496855555379532	0.2503144444620464
0.7497577619153722	0.2502422380846274
0.7496659350108099	0.25033406498918975
0.7497335460898855	0.25026645391011415
0.7498200854914104	0.25017991450858923
0.7496914887358668	0.25030851126413295
0.7496967848997312	0.25030321510026843
0.7496484957531331	0.2503515042468666
0.7498028184631897	0.2501971815368099
0.7497576894896413	0.2502423105103584
0.749845296164103	0.25015470383589666
0.7497637782508024	0.2502362217491972
0.7497735147595783	0.25022648524042135
0.7497422314677065	0.25025776853229326
0.7496777447428186	0.2503222552571811
0.7496384913366663	0.2503615086633334
0.749676747753457	0.2503232522465426
0.7497359773816271	0.25026402261837255
0.749672917642955	0.2503270823570447
0.749755686369278	0.25024431363072164
0.7497674246115196	0.2502325753884801
0.7496317051770522	0.2503682948229474
0.7498340719380593	0.2501659280619404
0.7496747222153742	0.25032527778462543
0.7497818395549168	0.2502181604450828
0.7496220800022195	0.2503779199977802
0.7498341826611796	0.2501658173388201
0.7497664075570968	0.2502335924429029
0.7496641826565453	0.25033581734345434
0.7498287735704838	0.2501712264295158
0.7497138076271366	0.25028619237286315
0.7497631211523877	0.2502368788476119
0.7496525314635074	0.25034746853649226
0.7496203012060155	0.25037969879398414
0.7496269974159332	0.2503730025840665
0.7496647673401935	0.2503352326598062
0.7498551316226552	0.2501448683773445
0.7497814208017874	0.25021857919821217
0.7497867074385411	0.2502132925614585
0.74982333380625	0.2501766661937497
0.7498338978780417	0.25016610212195806
0.7498293018893032	0.2501706981106965
0.7498026389267312	0.25019736107326856
0.7497227075553328	0.2502772924446669
0.7497110236010085	0.25028897639899117
0.7497660015186218	0.25023399848137784
0.7497277026891249	0.25027229731087475
0.7497345566873637	0.25026544331263595
0.7496834225251987	0.25031657747480096
0.7497661817427128	0.2502338182572869
0.7497933678323576	0.250206632167642
0.7497274053000826	0.250272594699917
0.7497885673240002	0.25021143267599943
0.7497092473337784	0.25029075266622125
0.7496265799173587	0.250373420082641
0.7497473580450283	0.2502526419549713
0.7498094469433865	0.2501905530566132
0.7496534255146576	0.2503465744853421
0.749798250863291	0.25020174913670873
0.7496872169264562	0.25031278307354343
0.7496861212927688	0.2503138787072309
0.7497744209461642	0.25022557905383547
0.7498310129834322	0.25016898701656737
0.7496434346037912	0.25035656539620843
0.7496455784136076	0.2503544215863921
0.7498081083234759	0.2501918916765238
0.749823263958657	0.2501767360413427
0.7498133996331267	0.250186600366873
0.7497062397295767	0.25029376027042294
0.7497176478822493	0.2502823521177504
0.749657868454473	0.25034213154552665
0.7497647259306524	0.25023527406934726
0.7497668232624981	0.25023317673750156
0.7498192056746015	0.2501807943253982
0.7496188877608674	0.25038111223913234
0.7496523001572408	0.25034769984275884
0.7497899682245784	0.2502100317754212
0.7496260139049383	0.25037398609506134
0.7497412828559067	0.2502587171440929
0.7498081609547053	0.2501918390452944
0.7496616870285235	0.25033831297147613
0.7497845048995263	0.25021549510047336
0.7497887609689022	0.25021123903109743
0.7496973097032604	0.2503026902967392
0.7497306812265715	0.2502693187734282
0.7498156413823959	0.2501843586176038
0.7498170276531171	0.2501829723468826
0.7497037529898863	0.2502962470101133
0.7497425652336891	0.2502574347663105
0.7498119467823869	0.25018805321761267
0.7497415524589754	0.2502584475410243
0.7497994891697097	0.25020051083028993
0.7496323344775803	0.2503676655224194
0.7498003784194303	0.2501996215805694
0.7496825175508436	0.2503174824491561
0.7497116321450519	0.25028836785494774
0.749667193042719	0.25033280695728066
0.7497308107616167	0.2502691892383829
0.749700502347737	0.25029949765226267
0.7496411324525749	0.25035886754742476
0.7497144083692563	0.2502855916307434
0.7498415402715003	0.25015845972849937
0.7497685886991152	0.25023141130088444
0.7497590341588238	0.25024096584117583
0.7496705431548544	0.2503294568451453
0.7496974839049972	0.2503025160950025
0.7496392313984135	0.2503607686015862
0.7496379490369054	0.25036205096309433
0.7497420865237382	0.2502579134762615
0.74978928598183	0.2502107140181696
0.7497673439244096	0.2502326560755901
0.7497577612537074	0.2502422387462922
0.749653362015081	0.25034663798491863
0.7498109082876996	0.2501890917123001
0.7497423084952562	0.2502576915047434
0.7497017024887538	0.2502982975112458
0.7497168681805088	0.2502831318194909
0.7497621121659598	0.2502378878340399
0.7497340339265731	0.25026596607342655
0.7497625602119686	0.2502374397880311
0.7497779874554005	0.25022201254459914
0.7497037281949108	0.25029627180508884
0.7496682002533658	0.2503317997466339
0.7497317950831975	0.25026820491680213
0.7497521241116523	0.2502478758883474
0.7498522035244408	0.2501477964755588
0.7497329357567007	0.2502670642432989
0.7497513975673517	0.250248602432648
0.749640017750816	0.2503599822491837
0.7496695597797169	0.2503304402202828
0.7498467604408073	0.25015323955919233
0.749626149482651	0.2503738505173486
0.7497981376803214	0.2502018623196782
0.7496823389298564	0.25031766107014336
0.7496896467664989	0.25031035323350087
0.7498209764515511	0.25017902354844856
0.7496562853690264	0.25034371463097327
0.7496613108656823	0.25033868913431734
0.7498114534450337	0.25018854655496586
0.7496859930085771	0.2503140069914226
0.7498003826647599	0.2501996173352398
0.7498361161788396	0.25016388382116006
0.7498006325505653	0.2501993674494344
0.7497680110890537	0.250231988910946
0.7497653289936961	0.2502346710063036
0.7497898166597046	0.2502101833402951
0.7496228329947188	0.25037716700528084
0.7496247725772953	0.25037522742270435
0.7497735888461398	0.2502264111538599
0.7496638770645363	0.25033612293546337
0.7496303065034946	0.2503696934965051
0.7496769846187024	0.25032301538129736
0.749647981688705	0.2503520183112947
0.7497435649874195	0.2502564350125802
0.7496457359562003	0.25035426404379935
0.7497522939901191	0.2502477060098805
0.7498411131173603	0.2501588868826393
0.7496332963586217	0.2503667036413779
0.7498065907139465	0.25019340928605316
0.7497634800195344	0.25023651998046526
0.7496195156693256	0.25038048433067406
0.7497103645411849	0.2502896354588147
0.7497542880655861	0.25024571193441353
0.7497629680715945	0.25023703192840524
0.7497542499656674	0.25024575003433225
0.7497047214590591	0.2502952785409406
0.7497372614991871	0.2502627385008126
0.7496533012213252	0.25034669877867444
0.7498038447629876	0.25019615523701205
0.7498490533653501	0.2501509466346496
0.7497253161975257	0.250274683802474
0.7498512625009686	0.2501487374990311
0.7497636500820379	0.25023634991796173
0.7497648313343077	0.2502351686656919
0.7497680442919474	0.2502319557080522
0.7498165686578068	0.2501834313421929
0.7496276983620133	0.2503723016379864
0.7496983077195928	0.2503016922804069
0.7497985740593135	0.2502014259406862
0.749707330431981	0.25029266956801866
0.749679236249065	0.2503207637509347
0.7498203124628229	0.25017968753717673
0.7498142699276963	0.2501857300723034
0.7496722370339127	0.25032776296608694
0.7496516243298641	0.25034837567013557
0.749723196775295	0.2502768032247047
0.7497739908163272	0.2502260091836724
0.7496831765948501	0.2503168234051496
0.7497562947546745	0.25024370524532513
0.7497115081607898	0.25028849183920987
0.7496690384927711	0.2503309615072286
0.7496543299513307	0.2503456700486689
0.7496637399993715	0.2503362600006281
0.7497066064760811	0.2502933935239185
0.7496960516840139	0.25030394831598585
0.7498152739887899	0.2501847260112098
0.7498423957667927	0.250157604233207
0.7497745978872883	0.25022540211271144
0.7497474844851337	0.2502525155148659
0.7496529990216946	0.2503470009783051
0.7496451831743036	0.25035481682569605
0.7497845970443202	0.25021540295567946
0.7496935789914984	0.2503064210085013
0.7496449439925525	0.2503550560074472
0.7496620347913263	0.25033796520867335
0.7498017947544565	0.25019820524554315
0.7497972665674439	0.2502027334325558
0.7496516628288196	0.2503483371711801
0.7496681835883774	0.2503318164116222
0.7496393735923195	0.2503606264076802
0.7498340171316435	0.25016598286835606
0.7496800267072222	0.25031997329277744
0.7496524071419937	0.250347592858006
0.7497870711455579	0.2502129288544418
0.7496254716916233	0.25037452830837637
0.7496653887303899	0.25033461126960976
0.7498470744427534	0.25015292555724616
0.7497931878731172	0.25020681212688245
0.7497460717986912	0.25025392820130843
0.7498471162737326	0.2501528837262671
0.7497088680978887	0.25029113190211094
0.7497065318690157	0.25029346813098396
0.7498386915998612	0.25016130840013845
0.7497583219805715	0.25024167801942815
0.7497280223418377	0.25027197765816195
0.7497604895055947	0.250239510494405
0.7496850882118657	0.25031491178813386
0.7497731356888191	0.2502268643111806
0.7496362339746981	0.2503637660253015
0.7498537481994688	0.25014625180053085
0.7497337845045364	0.25026621549546324
0.7497530635322927	0.25024693646770696
0.7496235060984282	0.25037649390157146
0.7496853346891208	0.25031466531087887
0.7496604096636955	0.25033959033630415
0.7496481275191854	0.25035187248081425
0.7497381854865164	0.25026181451348334
0.7497252586807649	0.2502747413192348
0.7496642647142395	0.2503357352857602
0.7496389726054334	0.2503610273945662
0.7497422754949012	0.2502577245050985
0.7497615669236584	0.2502384330763413
0.7498336386283722	0.2501663613716275
0.7496890619340162	0.2503109380659834
0.7497871881736811	0.2502128118263186
0.7496688614298674	0.25033113857013223
0.7498535269889668	0.2501464730110329
0.7496627949293764	0.2503372050706233
0.7496724471143114	0.2503275528856883
0.7496257259135377	0.25037427408646196
0.7498468170455541	0.2501531829544455
0.7498348960268583	0.2501651039731414
0.7497440336310635	0.2502559663689362
0.7497550394496879	0.25024496055031176
0.7497039562635598	0.2502960437364399
0.7497278188149841	0.25027218118501554
0.749646080512814	0.25035391948718566
0.7497629338907847	0.25023706610921487
0.749636462786588	0.25036353721341165
0.7497113526240018	0.2502886473759978
0.749763411374559	0.25023658862544057
0.7497890855404937	0.25021091445950594
0.7497620289217981	0.25023797107820156
0.7498522962235743	0.25014770377642537
0.7497252131091342	0.25027478689086546
0.7497593014664681	0.2502406985335316
0.7497772345785665	0.2502227654214331
0.7498160114973257	0.250183988502674
0.7497056294499431	0.2502943705500565
0.7498309867582822	0.2501690132417174
0.7496524841720619	0.2503475158279378
0.7498562164530688	0.2501437835469309
0.7497282325975541	0.25027176740244567
0.7498297950909125	0.25017020490908715
0.7498557686011894	0.25014423139881026
0.7497230384701035	0.25027696152989615
0.749828027292099	0.25017197270790065
0.7496543058884166	0.25034569411158303
0.7497900849588695	0.2502099150411302
0.7497293948418879	0.2502706051581117
0.749738009556441	0.2502619904435587
0.7498116697224338	0.2501883302775658
0.7498179599323931	0.2501820400676066
0.7497251951339495	0.25027480486605014
0.749647748985621	0.25035225101437864
0.7498070686372573	0.25019293136274234
0.7497804009539786	0.2502195990460211
0.7497911043436877	0.250208895656312
0.7498077098570973	0.25019229014290234
0.7497719984068518	0.25022800159314784
0.7497991731526044	0.25020082684739525
0.749800698724111	0.25019930127588863
0.7496867163809399	0.2503132836190598
0.7498240787189138	0.2501759212810859
0.7496170055603069	0.2503829944396928
0.7497840353985993	0.2502159646014004
0.7496235625416509	0.2503764374583488
0.7498213687068236	0.25017863129317613
0.749824444344797	0.25017555565520266
0.7498325675209255	0.25016743247907414
0.7498564261629296	0.2501435738370701
0.7497763445418476	0.25022365545815206
0.7497729906857572	0.25022700931424247
0.749683589905343	0.25031641009465666
0.7496625987145058	0.2503374012854939
0.7497013091554415	0.25029869084455814
0.7498559177814905	0.2501440822185092
0.7496801210496753	0.25031987895032437
0.7497155186822757	0.25028448131772396
0.7498461067542066	0.2501538932457931
0.7496861067570599	0.25031389324293973
0.7497325473961947	0.250267452603805
0.7497859578388741	0.2502140421611255
0.749787494457058	0.2502125055429417
0.7498412716913894	0.25015872830861025
0.749631184432296	0.25036881556770363
0.7497726371271062	0.2502273628728935
0.7497723113428443	0.2502276886571554
0.7497240242758108	0.25027597572418897
0.749810406880981	0.25018959311901867
0.7497454610481129	0.25025453895188676
0.7497264507103043	0.2502735492896953
0.7496836478540307	0.2503163521459689
0.7497006364258834	0.2502993635741163
0.7497896431091694	0.25021035689083027
0.7496663694124427	0.250333630587557
0.7498324478125303	0.25016755218746933
0.7496741934181531	0.25032580658184655
0.7497841865160839	0.2502158134839157
0.7498529344713822	0.25014706552861743
0.749724448609615	0.2502755513903847
0.7497104896190654	0.2502895103809343
0.7497139276815786	0.25028607231842104
0.7497113178297776	0.25028868217022204
0.7496218664007215	0.2503781335992782
0.7498127172308666	0.25018728276913305
0.7497362909648165	0.25026370903518314
0.7496699814609957	0.25033001853900394
0.7496301089164813	0.25036989108351837
0.7497583354237564	0.2502416645762433
0.7497729246525605	0.25022707534743915
0.7497675211824288	0.2502324788175708
0.7496566564680704	0.2503433435319293
0.7498150050111396	0.25018499498886004
0.7497985174160469	0.2502014825839528
0.7496421006746208	0.25035789932537883
0.749672070649087	0.25032792935091264
0.749859772954048	0.2501402270459516
0.7497447463365126	0.2502552536634871
0.7497895432258538	0.2502104567741459
0.7496556213888155	0.25034437861118425
0.7497192162437982	0.2502807837562014
0.7497268731979614	0.2502731268020383
0.749725829407455	0.25027417059254464
0.7496883794073481	0.25031162059265155
0.7496455196155427	0.25035448038445696
0.7496581535385735	0.2503418464614262
0.7498371824064317	0.25016281759356795
0.7497588241038604	0.25024117589613926
0.7496767482305792	0.2503232517694205
0.7497361635179389	0.25026383648206074
0.7496401031528724	0.25035989684712723
0.74973365228664	0.2502663477133596
0.7497456129821766	0.2502543870178231
0.749765602892996	0.2502343971070037
0.749642155843664	0.25035784415633566
0.7496198292481688	0.2503801707518309
0.7497788640851226	0.25022113591487705
0.7498434423849476	0.25015655761505207
0.7497645061365364	0.2502354938634632
0.749679273969662	0.2503207260303376
0.7497919504904846	0.250208049509515
0.7496929818069861	0.2503070181930136
0.7496967972629229	0.25030320273707674
0.7497020585674598	0.2502979414325399
0.7496439957458714	0.2503560042541283
0.7498167832207221	0.2501832167792775
0.7498539024710226	0.2501460975289771
0.7497282641584408	0.25027173584155876
0.7497045287566256	0.25029547124337403
0.7497149888453657	0.250285011154634
0.7497868388819137	0.250213161118086
0.7496887066864433	0.2503112933135564
0.7497077387592662	0.25029226124073345
0.7496756018211901	0.2503243981788095
0.749806628611366	0.2501933713886336
0.7496606381790327	0.2503393618209669
0.7497249088987095	0.2502750911012902
0.7498534038583867	0.25014659614161294
0.7497994297412038	0.2502005702587959
0.7497977230992698	0.2502022769007298
0.7498206250519664	0.2501793749480332
0.7498561543826738	0.25014384561732583
0.7497237655646625	0.2502762344353372
0.7496457331174795	0.2503542668825201
0.749657050669383	0.2503429493306166
0.7498202599582422	0.25017974004175747
0.7497443881875924	0.2502556118124073
0.7497478491310712	0.2502521508689285
0.7498247967796026	0.2501752032203971
0.7498280168453131	0.2501719831546866
0.7498076292126458	0.2501923707873539
0.7496267099137309	0.25037329008626874
0.749683474845384	0.2503165251546156
0.7497762343966703	0.2502237656033293
0.7496569433896643	0.25034305661033535
0.7497026201608467	0.250297379839153
0.7497482272991423	0.2502517727008574
0.7496189180915933	0.25038108190840636
0.7497852086921201	0.2502147913078796
0.749634348513966	0.2503656514860336
0.7496168520870392	0.25038314791296046
0.7498313750651846	0.25016862493481506
0.7497299175551535	0.25027008244484616
0.7498465095489986	0.2501534904510011
0.7498471245128198	0.2501528754871799
0.7496274241132038	0.25037257588679585
0.7496789306251056	0.25032106937489407
0.7497448510294806	0.2502551489705191
0.749630149043049	0.2503698509569506
0.7497634803249253	0.2502365196750743
0.749624188681384	0.25037581131861564
0.749683262305147	0.25031673769485263
0.7496553825729995	0.25034461742700015
0.7497428335336102	0.2502571664663895
0.7497560843272366	0.250243915672763
0.7496189801850985	0.2503810198149011
0.7498397873085415	0.25016021269145816
0.7497801144238698	0.2502198855761299
0.7497945940402269	0.2502054059597728
0.7497999516163598	0.25020004838363985
0.7497447852718105	0.2502552147281891
0.7497830257931778	0.2502169742068219
0.749649429979428	0.2503505700205717
0.749683639696647	0.2503163603033527
0.7496262783879547	0.25037372161204496
0.7498438452748363	0.2501561547251634
0.7498206812286562	0.2501793187713435
0.7496277709892841	0.25037222901071554
0.7497716380067008	0.25022836199329895
0.7496695405612606	0.25033045943873905
0.7497147158075083	0.2502852841924914
0.7496684064755985	0.25033159352440115
0.7497276004115112	0.2502723995884885
0.7497817533299571	0.2502182466700426
0.7497376154083822	0.2502623845916174
0.7496630613199019	0.25033693868009776
0.7496228173476619	0.25037718265233777
0.749809573119232	0.2501904268807677
0.749707361288917	0.25029263871108265
0.7496558021100879	0.25034419788991175
0.7497542242627231	0.2502457757372766
0.749626097647934	0.2503739023520657
0.7498557437218784	0.2501442562781213
0.7498036378987393	0.2501963621012604
0.7498315502329149	0.25016844976708474
0.7498371852443517	0.25016281475564794
0.7496722410903813	0.25032775890961834
0.7497748716877235	0.25022512831227617
0.7498390954225214	0.25016090457747836
0.7497333477667903	0.2502666522332093
0.7497732674926821	0.25022673250731753
0.7496423015787633	0.25035769842123634
0.7497054306527609	0.25029456934723876
0.7497436383569329	0.2502563616430668
0.7496949476640471	0.25030505233595257
0.7498168579342759	0.2501831420657238
0.7497728346792631	0.2502271653207365
0.749746862371426	0.2502531376285737
0.7498163353487096	0.25018366465129005
0.7497622270909533	0.25023777290904636
0.7497246728644346	0.2502753271355651
0.7498122384203504	0.2501877615796493
0.7496442509217232	0.2503557490782765
0.7498432366626455	0.25015676333735415
0.7497840708203534	0.25021592917964625
0.7496399787181336	0.2503600212818661
0.7498162067374952	0.25018379326250456
0.7498026934674268	0.2501973065325729
0.749718129258883	0.2502818707411166
0.7497826922674735	0.25021730773252615
0.7497567632346143	0.2502432367653854
0.7497570678231825	0.25024293217681715
0.7497543320977007	0.25024566790229896
0.7497305723865059	0.2502694276134938
0.749639868715014	0.2503601312849857
0.7497349887408202	0.2502650112591794
0.7496447376712457	0.25035526232875394
0.749664610100516	0.2503353898994836
0.7496317573304693	0.2503682426695304
0.7497693156637003	0.25023068433629936
0.7497904748568409	0.25020952514315875
0.7496424703762399	0.25035752962375984
0.7496797387940621	0.25032026120593753
0.7498534686205545	0.2501465313794452
0.7496382817951455	0.2503617182048542
0.7497331376587596	0.25026686234124007
0.7496619730394813	0.2503380269605183
0.749796597383381	0.25020340261661866
0.7496750302334736	0.250324969766526
0.7498566141959101	0.25014338580408957
0.7497456752876923	0.25025432471230735
0.7497591842400569	0.2502408157599427
0.749670925396159	0.2503290746038407
0.7496215925908882	0.25037840740911144
0.7498264144486774	0.2501735855513223
0.7498488298895134	0.2501511701104863
0.7497743054227037	0.25022569457729593
0.7498107676703075	0.25018923232969215
0.749772066427687	0.25022793357231266
0.7496926210154619	0.2503073789845378
0.7497275655912821	0.2502724344087176
0.7496267493639496	0.2503732506360501
0.7496321502692231	0.2503678497307765
0.7497401612855061	0.25025983871449353
0.7497476037842936	0.25025239621570605
0.7497631940372561	0.25023680596274356
0.7496402049296735	0.25035979507032613
0.7498319710581188	0.25016802894188084
0.7497400975990757	0.250259902400924
0.7497134647782026	0.2502865352217971
0.7497355563717254	0.2502644436282742
0.7498302015324383	0.2501697984675613
0.7497508724388978	0.25024912756110185
0.7496182673411096	0.2503817326588901
0.7497418357788653	0.25025816422113434
0.7497624804298396	0.25023751957016005
0.7497069504214026	0.2502930495785971
0.7498107511105786	0.25018924888942107
0.7496622009245824	0.25033779907541737
0.7496968720644179	0.25030312793558174
0.7497838221353056	0.2502161778646941
0.749739908324384	0.2502600916756157
0.7498368778889608	0.25016312211103886
0.7497340926688766	0.2502659073311231
0.7497942895736993	0.25020571042630035
0.7496540931163518	0.25034590688364783
0.7497195909891905	0.25028040901080917
0.7497606520538684	0.2502393479461313
0.7497866191238438	0.25021338087615586
0.7496610931780207	0.250338906821979
0.7497055883144141	0.25029441168558547
0.7498355971938544	0.25016440280614527
0.7498143687251415	0.2501856312748582
0.7498345244369078	0.2501654755630919
0.7496619359605166	0.2503380640394831
0.7496516142993033	0.2503483857006964
0.749761117153884	0.25023888284611556
0.7497878860394767	0.25021211396052295
0.7498241194953931	0.2501758805046066
0.7497417169648691	0.25025828303513054
0.7498392853829087	0.250160714617091
0.749727923296069	0.2502720767039307
0.7496171596493432	0.2503828403506565
0.7496883213596861	0.25031167864031356
0.7497005624043729	0.25029943759562673
0.749761070471126	0.25023892952887367
0.7496701778534315	0.2503298221465682
0.7498135049838255	0.2501864950161742
0.7497895163699844	0.2502104836300153
0.7496549472878521	0.2503450527121476
0.7497909888435099	0.25020901115648975
0.7498284044935721	0.2501715955064276
0.7496910314713261	0.2503089685286736
0.7496992278229175	0.2503007721770822
0.7497332854266401	0.2502667145733596
0.7498328144015853	0.25016718559841433
0.7496792087271014	0.2503207912728983
0.749694943438224	0.2503050565617757
0.7496447207713048	0.25035527922869477
0.7498154525365551	0.25018454746344454
0.7496601434467384	0.2503398565532613
0.7496697998070637	0.25033020019293595
0.7498392819497947	0.250160718050205
0.749819615934814	0.2501803840651856
0.7498257944006654	0.25017420559933423
0.7497428386324303	0.25025716136756937
0.7497520572197118	0.2502479427802879
0.7497220353692682	0.2502779646307315
0.7498170759710954	0.2501829240289043
0.7497174016967043	0.25028259830329536
0.7497999716520283	0.2502000283479714
0.7497211290548372	0.25027887094516243
0.7496166310617842	0.2503833689382155
0.7496455370046157	0.250354462995384
0.7497866429876194	0.25021335701238023
0.7497235190583962	0.25027648094160343
0.7497366628521348	0.25026333714786486
0.7496254684499761	0.25037453155002354
0.7496560282828584	0.25034397171714134
0.7497437690659207	0.250256230934079
0.7496734445458366	0.25032655545416305
0.7496268604581102	0.2503731395418894
0.7496783447035607	0.25032165529643896
0.7498498012862493	0.25015019871375027
0.7497698220957564	0.2502301779042433
0.749631512436052	0.2503684875639477
0.7496301597458465	0.2503698402541532
0.749714553904456	0.2502854460955437
0.7497603302115942	0.2502396697884055
0.7498285345708439	0.2501714654291558
0.7498222703167582	0.2501777296832415
0.7496750659763938	0.25032493402360584
0.7496846155856258	0.25031538441437384
0.7497779597492799	0.2502220402507198
0.7497657915585196	0.25023420844148003
0.7498325655896214	0.2501674344103782
0.7496963970262019	0.2503036029737977
0.749698574871541	0.25030142512845865
0.7498086312313276	0.2501913687686721
0.749730215841319	0.2502697841586806
0.74967914534053	0.2503208546594696
0.7496186638284172	0.2503813361715824
0.7497370155659543	0.2502629844340454
0.749676715945264	0.2503232840547357
0.7498438995376148	0.2501561004623849
0.7497494289705573	0.2502505710294424
0.7496914147116147	0.25030858528838495
0.7497957205146669	0.25020427948533275
0.7496982690872379	0.25030173091276176
0.7496452190339197	0.25035478096608
0.7498411801255398	0.25015881987445987
0.7496887142052244	0.2503112857947752
0.7498566562481321	0.2501433437518676
0.7497640822530779	0.2502359177469218
0.7497810601717088	0.25021893982829085
0.7496358113930751	0.25036418860692455
0.7496984090261176	0.25030159097388205
0.7498226094159798	0.2501773905840199
0.749672961478377	0.2503270385216227
0.7498296935708016	0.250170306429198
0.7496471038431091	0.2503528961568906
0.7497453328034629	0.25025466719653683
0.7496887578676983	0.2503112421323014
0.7497083398327141	0.25029166016728555
0.7498586948021561	0.2501413051978436
0.7497031386777768	0.25029686132222284
0.749694780200264	0.25030521979973563
0.7497378871443188	0.2502621128556809
0.7497009511616667	0.250299048838333
0.7497682378280274	0.2502317621719723
0.7498503908062141	0.2501496091937856
0.749663776697082	0.2503362233029177
0.7496649825338851	0.25033501746611453
0.7497097525516316	0.2502902474483681
0.7497319989298556	0.250268001070144
0.7497682164195107	0.2502317835804889
0.7497808230188987	0.2502191769811009
0.7498395009525121	0.25016049904748755
0.749657128444416	0.2503428715555836
0.7497873463037439	0.2502126536962558
0.7497841787644877	0.250215821235512
0.7496155727010488	0.25038442729895083
0.7497647759483607	0.250235224051639
0.7497864148792911	0.25021358512070857
0.7497623866965366	0.250237613303463
0.7497164522314715	0.2502835477685281
0.7497207209369117	0.250279279063088
0.7497529232738229	0.25024707672617674
0.7496740517589372	0.25032594824106247
0.7497343231005469	0.25026567689945284
0.749857522809594	0.2501424771904057
0.7497354299115517	0.25026457008844794
0.7497137690288042	0.2502862309711955
0.7498409315259561	0.25015906847404357
0.7498117893011644	0.25018821069883523
0.7498243215393039	0.2501756784606957
0.749810525511948	0.25018947448805157
0.749661084966231	0.2503389150337687
0.7497501145106402	0.2502498854893595
0.7498531824821859	0.2501468175178138
0.7498044739113913	0.2501955260886084
0.7496785044751133	0.25032149552488636
0.7496721939740272	0.25032780602597243
0.7497323441222644	0.25026765587773525
0.7497146965887364	0.2502853034112633
0.7496219003142259	0.2503780996857737
0.749694792630695	0.2503052073693046
0.7498113175058205	0.2501886824941792
0.749638614704463	0.25036138529553664
0.7496626353306955	0.2503373646693041
0.749639709904022	0.2503602900959777
0.7497164101787941	0.25028358982120563
0.7496153371357449	0.25038466286425476
0.7497999058157535	0.25020009418424616
0.7497690913453083	0.2502309086546914
0.7497202694791882	0.2502797305208114
0.7496326435614803	0.2503673564385194
0.7496626363845342	0.25033736361546544
0.7497878082930001	0.25021219170699965
0.7498408272053663	0.25015917279463334
0.7497718841827465	0.25022811581725307
0.7498479428817583	0.2501520571182414
0.7497833676128437	0.25021663238715597
0.7496984921832789	0.2503015078167208
0.7496723301376683	0.25032766986233135
0.7497304478183953	0.25026955218160446
0.7497506136140891	0.25024938638591054
0.7497553151702545	0.25024468482974516
0.7496617290417471	0.25033827095825256
0.7498494149688508	0.2501505850311488
0.749828134776351	0.25017186522364865
0.7498072136607085	0.2501927863392912
0.7497679013708979	0.2502320986291018
0.7497204703007867	0.25027952969921297
0.7497716203348882	0.25022837966511147
0.7498320449756788	0.2501679550243209
0.749718341774134	0.25028165822586573
0.7496196487825149	0.2503803512174848
0.7497064560535663	0.25029354394643333
0.7498247806996698	0.25017521930032977
0.7497151638143842	0.2502848361856155
0.7497075546149792	0.25029244538502043
0.7497887187846186	0.250211281215381
0.7498239161903146	0.2501760838096851
0.7497646658348304	0.2502353341651693
0.7497591710038181	0.25024082899618155
0.749803116476694	0.2501968835233057
0.7496997005832373	0.2503002994167624
0.7496554863573235	0.2503445136426761
0.74978977301644	0.2502102269835597
0.7496183388364033	0.25038166116359645
0.7498468482692551	0.2501531517307446
0.7497238108107407	0.25027618918925904
0.7496291361202941	0.25037086387970553
0.7496544026159226	0.2503455973840771
0.7496688705786115	0.25033112942138813
0.7497404247777409	0.2502595752222587
0.7496903512327998	0.25030964876719985
0.7497279338181184	0.2502720661818812
0.7497469596249333	0.25025304037506635
0.7496885276007401	0.25031147239925955
0.7496936282982359	0.25030637170176373
0.7497187112666777	0.25028128873332195
0.7496950700794911	0.2503049299205085
0.7498527715331524	0.25014722846684717
0.7497174989926844	0.2502825010073153
0.7497944648099126	0.2502055351900871
0.7496512218361469	0.2503487781638528
0.7496728721048669	0.2503271278951328
0.7497056104268127	0.2502943895731869
0.7496410500845564	0.2503589499154433
0.7496769010646224	0.2503230989353773
0.749818628535589	0.2501813714644107
0.7497065421216998	0.2502934578782998
0.7496944609892249	0.2503055390107748
0.7498390378920465	0.2501609621079531
0.7498471869721354	0.2501528130278643
0.7497524631952124	0.2502475368047873
0.7496346916002092	0.25036530839979043
0.7496849115510226	0.2503150884489771
0.7498373022782753	0.2501626977217244
0.749696928278159	0.25030307172184063
0.7497137289559132	0.2502862710440865
0.7498403024567307	0.25015969754326894
0.7497681617974821	0.2502318382025176
0.749656881940256	0.2503431180597437
0.7496541865837434	0.2503458134162563
0.7498595711945167	0.25014042880548293
0.749750790203581	0.2502492097964186
0.7496780925265464	0.2503219074734533
0.7498012086172257	0.250198791382774
0.7497966201286654	0.25020337987133423
0.7497091600404169	0.25029083995958273
0.7497584514639992	0.25024154853600045
0.7497826969981058	0.25021730300189376
0.749728745895583	0.25027125410441664
0.7497859203727918	0.2502140796272079
0.749691306758393	0.25030869324160665
0.7496674474031108	0.2503325525968889
