0.24757708489030295	0.36209005865624894	0.050034993167266006	0.12977961781114544	0.2105182454750364
0.250748957867172	0.3620176352558402	0.0488775700361935	0.1327553042979554	0.20560053254283864
0.25139151292582695	0.36207597217883125	0.049395505148290886	0.1337656088120524	0.20337140093499817
0.2525349187940567	0.36208227178685415	0.04901453655545693	0.1316410610169771	0.2047272118466549
0.2537768559965543	0.36211954668162727	0.04997736245354936	0.13056146928092424	0.20356476558734451
0.25352313639141066	0.36200491930897694	0.049567639012938036	0.12929181051337985	0.20561249477329427
0.2534822792999741	0.3620150399558867	0.049380145247381546	0.12894007336720542	0.20618246212955205
0.2522591425133197	0.3620049728544169	0.051065496990926634	0.12886117535828684	0.20580921228304966
0.25181611057722436	0.3620787639391573	0.049393286408622145	0.13148205394729606	0.2052297851276999
0.2518551983112178	0.3620602521422619	0.05100301818003422	0.13063127041731346	0.20445026094917243
0.25260607505211324	0.3620666416885955	0.05018667142454661	0.13054550044793586	0.2045951113868085
0.2515210605614713	0.362073108770958	0.04959511176901171	0.13210004589411478	0.20471067300444398
0.2509838330282048	0.3621143410512269	0.051065200248165576	0.12948513295950215	0.20635149271290035
0.2517850248352093	0.3620977792648189	0.0496077431325567	0.12996127572537883	0.20654817704203604
0.2516159786794884	0.36205581898950534	0.04984976966264948	0.12802418866951581	0.20845424399884072
0.2499174780762867	0.36212392348659095	0.050906366464091385	0.12891189539185435	0.20814033658117637
0.25046817659797566	0.36209907959352794	0.04953729166560797	0.1294400610378899	0.20845539110499828
0.25182481955173575	0.3621022620749561	0.049733342305738726	0.1281915493287647	0.20814802673880448
0.24866700739958253	0.36202713328731784	0.04882761791986176	0.13008656448939115	0.21039167690384653
0.24834522770638426	0.362092392469905	0.05097636101855155	0.13098646519655457	0.20759955360860444
0.24965496634556897	0.3620065246137051	0.05085458592589098	0.1314332371095071	0.20605068600532764
0.2499047711851402	0.3620372054837722	0.05046997870254774	0.1311402257629856	0.20644781886555402
0.24891182665597733	0.3620101367282098	0.05032440214388198	0.13068439967951545	0.20806923479241515
0.2509719088491612	0.36210633161735517	0.050384209520570294	0.13013625621808128	0.2064012937948318
0.2511767445298165	0.36203776499667284	0.050421831014126756	0.1287975028239942	0.20756615663538952
0.2490067287134743	0.3620941318784012	0.050427555019740916	0.1307275386263913	0.20774404576199196
0.24849727570768623	0.36201700637027	0.05027255972774	0.13319718973056638	0.20601596846373713
0.24991288619119656	0.3620747594202518	0.04957766042339054	0.133044400878255	0.2053902930869059
0.2483455340513961	0.36202541776128483	0.04996611394233405	0.13346201329427235	0.20620092095071244
0.24885768782722636	0.3620586798054296	0.04937589143277729	0.13409838027485316	0.20560936065971328
0.24774813233874932	0.36203453518870754	0.049732336331733185	0.1334651315876328	0.20701986455317695
0.2497687401274013	0.3620713379258462	0.05012844563500707	0.13135333449568742	0.20667814181605776
0.24930091408365462	0.36207998361175964	0.050041597382284975	0.13258424848483405	0.20599325643746647
0.2472324120275063	0.3620712032157572	0.05084871246845185	0.13337648070327407	0.20647119158501037
0.24804599029175603	0.36212310487282495	0.05027927010072203	0.13411946299136052	0.20543217174333622
0.24809087817902398	0.3620770175349215	0.050876496733607696	0.1330741654921505	0.20588144206029607
0.25177476287748957	0.36212293100357446	0.0505851407991586	0.131237958884101	0.2042792064356761
0.2537968812456105	0.3621128239032122	0.05015229302442584	0.13005083102432144	0.20388717080242982
0.2509379407534599	0.3620071171688698	0.050180512600109056	0.13007639172904906	0.206798037748512
0.25309585191404693	0.3620343005256149	0.049060202785222856	0.12904871178594285	0.20676093298917209
0.2520837501128789	0.36202177228960686	0.04930976252912747	0.12992425751827713	0.20666045755010934
0.24893423736987028	0.3620486582955177	0.049310231593118564	0.12983809425296694	0.20986877848852634
0.24717658000918796	0.3620968053462452	0.05081640421943259	0.13407559840752203	0.205834612017612
0.24857644724190398	0.3620691021574014	0.04963180116816315	0.13338528203190766	0.2063373674006236
0.2527247043975923	0.3620765059169901	0.04990194717487062	0.13056958198493168	0.20472726052561502
0.2535524538994241	0.36208668438328717	0.049688114007427786	0.1284803059924695	0.2061924417173912
0.2538196757918678	0.36207157956982583	0.049859230646972674	0.1307816413852519	0.2034678726060815
0.25098863838971114	0.36208202103126264	0.0509095402555175	0.13301637027396448	0.203003430049544
0.2517499573661621	0.3621023016016382	0.05061696958054554	0.13271743510298878	0.20281333634866505
0.25236096484728465	0.36212026980784756	0.050932291907510086	0.13310677111610422	0.20147970232125315
0.25367226938522086	0.3620622104840558	0.05029615156491635	0.13144570085177437	0.20252366771403238
0.2527434821750418	0.3621239366352727	0.0498512584462118	0.13234833435294735	0.20293298839052606
0.24967074811473977	0.3620060034595617	0.05069543348440653	0.13252622726280977	0.2051015876784821
0.250800468123507	0.36200202136545045	0.05073164679473352	0.1311173800868498	0.20534848362945898
0.25327833020151735	0.36206456167963896	0.05009492984687519	0.12818155421416788	0.20638062405780036
0.25227304083727176	0.36205939626372674	0.05081614100447765	0.1279064059559447	0.20694501593857884
0.2487725618910385	0.36208870787788	0.05015081065611188	0.1311240941438125	0.2078638254311569
0.246160979176168	0.36204797550807866	0.04977066832497537	0.13396142149196008	0.20805895549881767
0.24654943403803814	0.3620923878697644	0.050435834129714724	0.13345470795284106	0.20746763600964144
0.2533573392356512	0.36206524779629523	0.04974995590503195	0.1289761455663886	0.20585131149663274
0.2527315957219401	0.3620524961932322	0.05010072979174557	0.12849053320505663	0.2066246450880253
0.2515436129363129	0.36209769355596755	0.05022237557071954	0.12857518346335683	0.20756113447364302
0.25114557875622395	0.36210621865876913	0.04877522155803232	0.1303252054578243	0.20764777556915007
0.2452563309040081	0.36203204370946573	0.050257668143221634	0.13338460389831408	0.20906935334499016
0.24855761886709649	0.36209213921876787	0.04951495184351287	0.1297444853009443	0.21009080476967829
0.25167481596296654	0.3620035320211945	0.04960676094718275	0.12861313446356618	0.20810175660508975
0.2498878418003738	0.3620514607246219	0.05063705167776328	0.12940876092462905	0.2080148848726117
0.2517674648080868	0.36210526165655527	0.04983043327381159	0.12869010612551623	0.20760673413602987
0.24894453477200956	0.3620209618974308	0.05054628841620171	0.1333702888305383	0.20511792608381932
0.24985855064937537	0.3620353985459611	0.050985795143194956	0.13148279235511184	0.20563746330635646
0.24837862829543195	0.36204111160385566	0.05072973189727664	0.13196830103243257	0.20688222717100288
0.2481222333074359	0.3621129443319222	0.049569997125589876	0.13388432557558944	0.20631049965946233
0.24756286998539598	0.36210328489323107	0.05035654547252355	0.1325809845355801	0.2073963151132691
0.24755884961931865	0.36204042959998683	0.05027567846737596	0.1317363386004312	0.20838870371288717
0.2487299852219464	0.36200389860416365	0.04927666167671807	0.13249974913249454	0.20748970536467715
0.24729618337048656	0.362116154320444	0.04931052372528019	0.1328216304809718	0.20845550810281724
0.24718633059053458	0.362034629485928	0.04885237615375973	0.1341288892171299	0.2077977745526475
0.24625296563468302	0.3620811791444553	0.04973006975345612	0.13144053244049253	0.2104952530269128
0.24968922251823455	0.36207370902915215	0.05038787912336898	0.12967295024456926	0.2081762390846748
0.251976301098226	0.36202701262967224	0.049295435336414034	0.12910086925017855	0.20760038168550893
0.25152005575095265	0.3620761091761937	0.04957816705578166	0.1296110693913215	0.20721459862575023
0.2520457511249039	0.3620727814715237	0.04883444279815302	0.12960673793612454	0.2074402866692946
0.2531016156092958	0.3620948919955372	0.04987204881882254	0.13204786179889028	0.20288358177745391
0.2535655400235811	0.36208682327520486	0.05030742546848743	0.1288269771041137	0.20521323412861261
0.2532706565150324	0.3621191624691422	0.04907234415512779	0.13088480848225353	0.20465302837844374
0.25377675304172964	0.36208688612123063	0.049841298991808114	0.130774821410761	0.20352024043447037
0.2521132807572233	0.3620696012011322	0.049940389204899516	0.1324392250016222	0.2034375038351226
0.2515568543339354	0.36205716386056847	0.05033033279280738	0.13318960995011572	0.2028660390625728
0.25260462877399925	0.3620621301009668	0.049019426537164484	0.13271246993288255	0.20360134465498667
0.2528958135480699	0.3620908162001592	0.05023601054114721	0.13329889698339775	0.20147846272722575
0.2514405698991142	0.36208647414998746	0.05011089436125188	0.1321105024810858	0.20425155910856052
0.25246099458872484	0.3620241843219939	0.04904631252181477	0.1332546915999392	0.20321381696752708
0.2515098256877342	0.3620486581612481	0.050214047351456265	0.13347992000104836	0.20274754879851287
0.24850417197944508	0.36212079833219446	0.05068330339069854	0.133346894289066	0.20534483200859574
0.24651472974711341	0.3621068869677106	0.05023118060816492	0.13397274229555398	0.20717446038145682
0.2461980422952602	0.36204887138067665	0.05099020691024475	0.13340148276811473	0.20736139664570347
0.24485367534998217	0.36204070595714954	0.050215336142261285	0.13298100835286372	0.20990927419774297
0.24404319274602831	0.3620936869853712	0.049900674461175604	0.13349763860603542	0.21046480720138927
0.24596743579215063	0.36204485049334656	0.050785272322710406	0.13065937132394595	0.2105430700678462
0.24879181379603277	0.3620533676105472	0.04900875701250085	0.13143703871760973	0.20870902286330922
0.2496262319061948	0.36202698033575287	0.050049605755509846	0.13086088323246137	0.2074362987700809
0.24958087623558392	0.36205109498018634	0.050573229909382955	0.12807213028893757	0.20972266858590893
0.24831773026964926	0.3620735036049003	0.050535204106741005	0.13146153204951672	0.20761202996919245
0.2472386201965537	0.3621203142579444	0.04991671097880798	0.1311135507119947	0.20961080385469896
0.24911136359817004	0.36207375830496813	0.051017583689768164	0.12943118559249916	0.20836610881459422
0.24767612435548803	0.3620933857925145	0.05030263619180195	0.13375828408355642	0.20616956957663887
0.24680567033766573	0.36211880447010614	0.050337811833730844	0.13396972217990494	0.20676799117859207
0.24620073354283234	0.36203805434482106	0.048988193827974175	0.1328209370837708	0.20995208120060144
0.24767914844645084	0.3621139268400322	0.04916736862986537	0.13373662685684146	0.20730292922680987
0.2475118890136655	0.36207160797967564	0.05061143486327685	0.13262763365351476	0.20717743448986695
0.2503588939876875	0.36205051953666323	0.049145522591852786	0.13348720177580542	0.20495786210799086
0.24813417927142437	0.3620397417590395	0.050921860038060957	0.13362862806454362	0.20527559086693134
0.24753250655104805	0.3621195566633405	0.050028148001129924	0.13348364677103342	0.20683614201344785
0.24839247885983712	0.3620444275740304	0.05071595443663321	0.13228137148588456	0.2065657676436145
0.2516043186333651	0.3620595738568717	0.050849942053871694	0.13244100365447298	0.20304516180141827
0.25157469774685776	0.362110121579236	0.05010561589884885	0.13290842868281055	0.2033011360922466
0.24986650187379605	0.36204704555396466	0.051053151786507656	0.13275272789114445	0.20428057289458684
0.2501894133115405	0.3621036524386894	0.0506565754752992	0.13092836219945703	0.20612199657501365
0.2503571715061005	0.36205895325040827	0.04945396373820882	0.13067447620173028	0.20745543530355187
0.25069791326151714	0.3620660319708721	0.04886600092529869	0.13117046441023505	0.20719958943207675
0.25114407767191627	0.36202853391223294	0.049005582680166554	0.13076457306120154	0.2070572326744824
0.25110319885049176	0.36210522647285115	0.048857871926241636	0.13108322545702059	0.20685047729339467
0.24961844193923044	0.36205009254664133	0.04937985510070478	0.1322028502845261	0.2067487601288971
0.2528422335625945	0.36209939906954564	0.04924268901632106	0.1297434412161704	0.20607223713536812
0.25298347249220987	0.36206957508625726	0.0499781279004099	0.12893817901452326	0.20603064550659944
0.2526420119471931	0.36208018382727775	0.049692772082354175	0.12826452730834215	0.20732050483483264
0.25319920884991787	0.36209342063144284	0.04929156585598496	0.12915745612728716	0.2062583485353669
0.251260011463405	0.3620967185819154	0.04974692036660808	0.1321421070040097	0.2047542425840616
0.25069730552645453	0.36210564186689453	0.05088474722287084	0.13199104663900157	0.20432125874477833
0.251637537889958	0.36206255055143843	0.0505835769834021	0.13136034848425732	0.20435598609094385
0.25311062595615946	0.36207537377651455	0.050971627479278386	0.13152155022300918	0.20232082256503825
0.2537742235241263	0.36201709024195505	0.050229852412475934	0.13123045608094117	0.2027483777405012
0.25250445531707283	0.36211450278985996	0.05018226267651418	0.12921118875286225	0.20598759046369056
0.2526342962254031	0.3620693651464616	0.049418909023807384	0.12953663122806136	0.2063407983762662
0.252108375042513	0.3620693612426457	0.04907465884198195	0.12937353245241806	0.20737407242044095
0.2499871166640642	0.3620538535500206	0.04987436444723062	0.13091366379922642	0.2071710015394579
0.24794326931555336	0.36207146252671724	0.04973008182531541	0.13408683443277306	0.20616835189964067
0.25037920874434977	0.36205757568936314	0.05058548064925017	0.13336827521744088	0.20360945969959585
0.25043936538303424	0.36204650946184547	0.04964136179013692	0.13191219011950256	0.20596057324548056
0.2500573227223851	0.3621171760986932	0.04888348125997541	0.13392245810207948	0.20501956181686656
0.250322319776084	0.36204197503284136	0.04988250627320587	0.12853404972581026	0.20921914919205828
0.2516741644045694	0.3620504553760959	0.04898793619089656	0.12838641059979222	0.20890103342864558
0.250857304790589	0.36201655779158215	0.048989256745551574	0.1286710164647388	0.20946586420753827
0.2488424872993824	0.3620327157837344	0.0509955092561295	0.128865498235186	0.2092637894255674
0.2526316780903485	0.3620076683727917	0.049991382732266526	0.1287466636170816	0.20662260718751144
0.24973254294633296	0.362026286839913	0.050202631383285234	0.13128078481472233	0.20675775401574625
0.24815632113350303	0.36204541748420993	0.05084086574911109	0.13236420824739092	0.2065931873857848
0.2483994237203093	0.3620532374505673	0.049319270322813746	0.13199411080589224	0.2082339577004172
0.24820458070679133	0.3620724083248181	0.049113554794170816	0.13027338583045844	0.21033607034376106
0.2444232502436155	0.3620396644821263	0.05096346589108261	0.1321374581719611	0.21043616121121425
0.2459140408928914	0.3620159385575935	0.05045166572930557	0.13134322066590728	0.21027513415430202
0.24658386430508694	0.3620427088273485	0.049019541756179064	0.13362280944464083	0.20873107566674445
0.24806968790997108	0.3620267401737903	0.05089519591313915	0.13032088239398965	0.2086874936091096
0.2516780632923242	0.36205396185399163	0.04972091748411819	0.12930620281857408	0.2072408545509916
0.24953852990268602	0.3621033056720624	0.04931718125374329	0.13022149884857687	0.20881948432293113
0.24999561421951808	0.3620305065142821	0.04908853903699678	0.13142718691472716	0.20745815331447562
0.24840572351580167	0.3620722087315338	0.0487994486359182	0.1304083627972682	0.21031425631947787
0.24839372233619333	0.3620312939291595	0.05066959687654679	0.12979945336813128	0.20910593348996886
0.24949857484107865	0.36212366809110147	0.04991922263243398	0.12937259807371354	0.2090859363616721
0.24862936679327896	0.3621131717910795	0.05020231105255821	0.1307742261722531	0.20828092419083
0.2500815018102869	0.3620471104911871	0.05002910787668319	0.13113869202045925	0.20670358780138337
0.24868807067021273	0.362028693776022	0.04993986899455963	0.1312545201774698	0.20808884638173558
0.24864565240399292	0.362068203066761	0.050887311371637045	0.13065702886122096	0.20774180429638775
0.24763982483680594	0.362013199722452	0.049282845554121324	0.13063441584780772	0.21042971403881275
0.2475071496126567	0.3620910009139373	0.05000110534531815	0.13090384512139222	0.20949689900669533
0.24966251773755194	0.36205867494814087	0.050975570876476195	0.12988755942216046	0.20741567701567032
0.251983734849291	0.3620721743787178	0.050168703623795635	0.13205379476960546	0.2037215923785899
0.25331164925674066	0.36207826537965293	0.04929663960305186	0.13188962450002878	0.20342382126052555
0.25373059439053036	0.36208103819193227	0.050706687193775385	0.12936446856348474	0.20411721166027696
0.2529383415132728	0.36200903842321075	0.04973494785608018	0.1280886764851636	0.2072289957222724
0.2505937249830403	0.3620805826655831	0.04880005212539343	0.1304361959012263	0.2080894443247567
0.2521230952065105	0.36209081940468657	0.05106187339322779	0.12850841125204204	0.20621580074353288
0.2524295294777131	0.3621021344663576	0.05025444321301825	0.12877797112042522	0.20643592172248557
0.2508410283988711	0.36208442533749674	0.05050159808763566	0.1331617775903098	0.20341117058568645
0.25061972015101547	0.36202396170835327	0.050488581776187424	0.13251325416904974	0.20435448219539387
0.25086785956758834	0.36200602930874415	0.04975549355616879	0.13383315168261084	0.20353746588488764
0.2529458035289602	0.36206466003480375	0.04973860132136765	0.13270884545910183	0.20254208965576637
0.25261101335314395	0.36204238574555836	0.05007095517477811	0.1338252963416099	0.20145034938490944
0.25085772193718214	0.36212327030975333	0.049347297418548264	0.13383320057056886	0.20383850976394716
0.25138104056994304	0.36203475977776556	0.049910025915981454	0.1331797190654538	0.20349445467085586
0.2524585068791458	0.3621071270261175	0.05099742634256613	0.1321262055191184	0.2023107342330519
0.2524754572454624	0.36209225996275696	0.04910257486522038	0.13246342491565774	0.20386628301090226
0.2527791538596232	0.36212295912604753	0.049309682255936765	0.13263592705438182	0.20315227770401043
0.2528792037226738	0.3620832445802358	0.0504785908760195	0.13232788069642965	0.202231080124641
0.25300120918951935	0.36206697706525165	0.0502060505339014	0.13142819907981912	0.20329756413150823
0.2525527332535205	0.36206587094577997	0.05074919380267301	0.13053627851416302	0.2040959234838632
0.25140032377988725	0.3620921250473712	0.050516395811364107	0.13180450766425247	0.2041866476971247
0.25229011988612254	0.3620685741596965	0.049014803424882986	0.13378000082005667	0.20284650170924098
0.251193027241823	0.3620170563242226	0.05066496021015468	0.13092201452117497	0.20520294170262446
0.25156808038955586	0.36207825178929254	0.04959053540457886	0.12978238372161527	0.2069807486949572
0.25222693868469626	0.36207519631759455	0.0495355208202998	0.12933133970727356	0.20683100447013558
0.252187933686026	0.3620401043203372	0.04904432479568188	0.1299779967170064	0.20674964048094835
0.25182909352288413	0.3621017130912233	0.04916013118657095	0.13229704695367026	0.20461201524565104
0.25040620014501497	0.36210339784725615	0.05019346964308999	0.13267152160847473	0.20462541075616394
0.2516382913849309	0.3621237422635537	0.05042148228714319	0.13274697060666688	0.20306951345770513
0.25220119204159674	0.3620706330098047	0.0499956221764426	0.13168124794132285	0.20405130483083286
0.24865947939215324	0.3620027511277538	0.050817891501413415	0.12996192229156314	0.20855795568711608
0.2490675499663524	0.3620184218973151	0.049720810639567986	0.13040160447963084	0.2087916130171334
0.2509213994532489	0.36211761971291945	0.050263947137570264	0.1281391110428428	0.20855792265341838
0.24912352108305316	0.3620517541491099	0.051003175220916075	0.128114577339569	0.2097069722073516
0.2492328883229711	0.36202109806021787	0.050028288029506346	0.12900046063090406	0.20971726495640042
0.2506205941254308	0.3620245323992397	0.05035737197698684	0.12900393558574663	0.20799356591259577
0.2511798836917217	0.36205949028826623	0.05078078587996604	0.12855621380039456	0.20742362633965133
0.25131207639815667	0.3620253925090956	0.04967938637595881	0.1284057465374536	0.20857739817933507
0.25143435503962086	0.36204649501938235	0.049381753461573114	0.12793619536150774	0.20920120111791574
0.24880321772738212	0.3620149262303459	0.049471194219226494	0.13292757520227128	0.206783086620774
0.25168234851952004	0.3620189481059827	0.050659379529422066	0.1339473237415515	0.20169200010352348
0.25149286708665763	0.3620332004518694	0.05034455215503619	0.134054875145312	0.20207450516112457
0.25080107915136757	0.3620914547255575	0.049812385632951484	0.13351521433001168	0.20377986616011157
0.24936377521572978	0.3620679751329686	0.05030806113818165	0.13393652647328622	0.20432366203983351
0.24834394450854635	0.36209013230043946	0.050383352634961964	0.13351398124470631	0.20566858931134568
0.24757200010098404	0.36208182874782835	0.048912702409716985	0.1331190194443319	0.20831444929713847
0.24737647786410447	0.36210123363493235	0.050754139068575455	0.13321561568834206	0.2065525337440454
0.24714098891396394	0.3620929989268956	0.050451238428524225	0.13416171715177522	0.20615305657884073
0.24643213100121675	0.3620437595619175	0.05044654162042919	0.13412054111070662	0.20695702670572969
0.24789116479501322	0.36212274567885616	0.04883797940624249	0.13357335190810343	0.20757475821178445
0.24690015553728417	0.36212110989545454	0.04893890267982548	0.1337827805092855	0.20825705137815
0.2447340430164941	0.36208261427068644	0.04979886047625204	0.13405312803718858	0.2093313541993786
0.2465078240113251	0.36208600570280625	0.049193450401397165	0.13362402908458887	0.2085886907998824
0.24905258659156768	0.3620935594385606	0.04973489222190269	0.13143933344726916	0.20767962830069955
0.2475301064012006	0.3620238480651743	0.04955167110962466	0.1337663341784263	0.2071280402455739
0.24719959042742956	0.36210880106303045	0.04988510688735623	0.1333829441296111	0.2074235574925724
0.2483257660555525	0.36208923246882674	0.04990879627807021	0.13353457067518748	0.20614163452236287
0.2476552400405666	0.3620992470038097	0.050213407027491413	0.13300546256573037	0.20702664336240173
0.2468361008554945	0.36205336688587464	0.049233948406287226	0.13298230448197912	0.2088942793703643
0.2475774045319153	0.36205615339851777	0.05044805562843399	0.1335615018242751	0.20635688461685764
0.24924984655099067	0.3620801087402541	0.050291684456474445	0.13050498608570812	0.2078733741665724
0.24758592244489802	0.3620350457384044	0.05020359949861847	0.13334622892096215	0.20682920339711672
0.25001381232706626	0.36206200924611454	0.05063241009484562	0.13064495833620002	0.20664680999577328
0.24953691370266326	0.3620720178031597	0.05002817161870471	0.12924148923960038	0.2091214076358717
0.24670781462811187	0.36208017859475905	0.05085641665233595	0.1335907448724199	0.206764845252373
0.24629427929002223	0.36209161479563134	0.05050153145567318	0.13387856879398966	0.20723400566468334
0.24546346077266148	0.3621191951749656	0.05082699104055741	0.13113285656289583	0.21045749644891937
0.247513393588841	0.362010825325799	0.04958857114008258	0.13312270023354975	0.2077645097117274
0.2534126166944044	0.36202703358748217	0.049570632435813056	0.13331905014402895	0.20167066713827117
0.2535385731409563	0.3620246831856873	0.05083368766679769	0.13203732629306458	0.2015657297134939
0.2519278423911609	0.3621148039553366	0.050208225324470585	0.13390212648719912	0.20184700184183257
0.24907826377816844	0.3620328548400209	0.050692663230095025	0.13320662728747404	0.20498959086424132
0.2501420378375602	0.3620260710713921	0.050442789774570646	0.1323292708224011	0.2050598304940757
0.25098556151984497	0.3620450300493232	0.05001446080651292	0.13159167461874138	0.20536327300557736
0.2514466494274508	0.36206166367564996	0.04896407637694364	0.12990731503151548	0.20762029548843985
0.25261081347574577	0.36205573601862084	0.05054405613012908	0.12794282432985615	0.20684657004564794
0.2516048001984835	0.36201326763382957	0.04996964904501622	0.12881952173873595	0.20759276138393448
0.2521977492726434	0.36205304586256376	0.049007790616152735	0.12839616992267466	0.20834524432596518
0.25188430613071117	0.36212155064516294	0.050435167806885284	0.12988189746325837	0.20567707795398205
0.24720912803986117	0.36208700825167556	0.051038247586701835	0.13198095033834353	0.2076846657834177
0.24820617092930225	0.362079888195183	0.04974165281112397	0.12954314197275218	0.21042914609163835
0.2475014409804433	0.3620350221894759	0.05004120168931994	0.1303583670871239	0.2100639680536366
0.2502575620676429	0.36204565609008654	0.049072865975310576	0.13304836554394964	0.20557555032301014
0.25006485154114017	0.3620881628813478	0.050467147586103794	0.13139024765269264	0.2059895903387153
0.24696535281247634	0.3620116570844018	0.050727910188386766	0.13118189153371304	0.2091131883810218
0.2493082927253374	0.36210335738180044	0.050003397107775294	0.13073453377145233	0.2078504190136342
0.25112226156004347	0.3620817388177472	0.04877470900055328	0.12982326440048395	0.20819802622117187
0.25152716476301634	0.3620548055938376	0.050481655326160085	0.13045020518658126	0.20548616913040452
0.25243848785946565	0.36204191033314403	0.04910522782226001	0.13038000870743308	0.20603436527769695
0.2532916419220338	0.36210882101580893	0.04950065242418408	0.12904286278705052	0.2060560218509224
0.25279476018521785	0.36210521255208883	0.05040396058226415	0.1287621228316	0.2059339438488289
0.25199353248786915	0.36208273209028385	0.05038102081501475	0.13041645901802712	0.20512625558880487
0.25229383225277724	0.36206847356444954	0.04913420395721679	0.13119700875023116	0.2053064814753251
0.25103356879166155	0.36200337976331476	0.05098197794302334	0.13171967768815895	0.2042613958138411
0.251167062087821	0.3620429483896506	0.05069151743206654	0.1330735818323623	0.20302489025809928
0.25221229097288267	0.3620118748189102	0.051031898198659165	0.1312864134713173	0.2034575225382305
0.2512648394964579	0.36201845958602386	0.04967250739583762	0.13168760621905148	0.20535658730262885
0.24963722357475712	0.3620858585456692	0.05019785359086479	0.1327202737511953	0.2053587905375133
0.2512020709240509	0.3620435115718247	0.049624106599311185	0.1332825841788648	0.20384772672594817
0.25241940480774927	0.3620825768915894	0.050186685443954104	0.13204582706636486	0.20326550579034214
0.2515987803370765	0.3620652928778961	0.04969247848777328	0.1331213787854018	0.203522069511852
0.2523374405678521	0.3621227527481874	0.05079782849260167	0.12965159418031197	0.20509038401104657
0.2535040979015235	0.3620333776760477	0.05034806727084157	0.1284935652910623	0.20562089186052468
0.24701218951125573	0.36205513839123493	0.050543747411533474	0.13278788506996267	0.20760103961601292
0.24922241779317172	0.36201253332419714	0.048847433262449835	0.13254346787063048	0.2073741477495506
0.25045551848200587	0.36207894464454865	0.0509362202065409	0.1288047076308264	0.20772460903607792
0.24837344467511968	0.36201467428857925	0.050638277281217114	0.13111275588450177	0.2078608478705819
0.2496095618558294	0.3620579370095073	0.050488579660579375	0.13005318118605894	0.20779074028802474
0.2513683741825521	0.3620360711009886	0.04882031138812312	0.13245542279774308	0.20531982053059278
0.2512752370573629	0.36207772514608094	0.04951344069192096	0.1311520573448004	0.20598153975983463
0.24892515514145935	0.36206108100619494	0.050498211217237465	0.13221996798430222	0.20629558465080577
0.2484624136131166	0.36208219081707604	0.05078251568630204	0.13167798812524556	0.2069948917582595
0.24946873064248992	0.36201367317226346	0.050956160583772	0.13178512394432756	0.20577631165714688
0.24877354780439098	0.3621160668185144	0.04985843018887215	0.13115632018322326	0.20809563500499897
0.24788647862020963	0.3621203601745949	0.04924585303740581	0.13214098705097543	0.208606321116814
0.2489553913400505	0.36203988760940325	0.048970744269344	0.13300144526785415	0.2070325315133478
0.2489004764186572	0.36212207151659537	0.04909531412293905	0.13201150253332491	0.20787063540848316
0.25372261759389697	0.3620349590340469	0.04889069291897577	0.13001767119773783	0.20533405925534223
0.2521646240545352	0.3621028676263103	0.04995462026368655	0.13049518420226713	0.20528270385320052
0.2528492029129731	0.36201865333503436	0.04905783359022181	0.13117029892402116	0.2049040112377494
0.25357602125162015	0.3620464488974726	0.050017967754028114	0.12800137176623938	0.2063581903306396
0.2510717712238922	0.3621200959912909	0.050979493571231715	0.1311091583260322	0.20471948088755276
0.25376518767728007	0.36205946769122777	0.049643641868628546	0.12975608822480292	0.20477561453806045
0.2518639162934375	0.36203805200769	0.049714342555076535	0.13259767329060237	0.20378601585319336
0.25309135768273605	0.3620344201663232	0.050065112724256955	0.13162326089582577	0.2031858485308578
0.2502832109023886	0.36204092081019623	0.05044888447202406	0.1296426374827555	0.2075843463326354
0.25281482307005243	0.36201933988782	0.04956528445310435	0.1320386590181502	0.20356189357087276
0.25358574783107457	0.3621067927451962	0.04971622582887872	0.13108786161596261	0.2035033719788877
0.2504513648895567	0.3620304434686223	0.0505157644411616	0.13186955607358047	0.20513287112707868
0.25207510680855333	0.3620226835200151	0.050940627015599954	0.13239184893177475	0.2025697337240566
0.2535208179996849	0.36210418805900396	0.04929181689658338	0.13348405880357495	0.2015991182411526
0.2530964919615905	0.36204751159030313	0.048960949562105616	0.13397540108698253	0.20191964579901794
0.252900305029287	0.3620196622205851	0.04908391582622865	0.13177962739479715	0.20421648952910185
0.25082276228630607	0.3621207118575789	0.04949585375890814	0.13063200854525314	0.20692866355195352
0.2517659772298439	0.3620132046503714	0.048772057065983976	0.1320530324129174	0.20539572864088307
0.2529514530636423	0.36209473909462947	0.04916100115759037	0.12928761266537203	0.20650519401876555
0.2527692012851243	0.36208045204538253	0.05041126348795327	0.12949533884803746	0.20524374433350226
0.253817150258716	0.3620802849645254	0.049321412821396154	0.13053266478975	0.20424848716561214
0.252940556998952	0.3620852061751991	0.04915208265735457	0.13120864320259026	0.20461351096590374
0.25353249095693103	0.36203009620768073	0.04986266479465659	0.13096060285651345	0.203614145184218
0.25170410125052295	0.362073919771557	0.049965328157511535	0.1333926088436348	0.20286404197677352
0.2521293384777467	0.36205039805740113	0.04930292761963967	0.13328143193842606	0.20323590390678611
0.25298483169817443	0.3621186288602126	0.04909750212745609	0.13374000115564633	0.20205903615851029
0.25300735689242215	0.3620281659775909	0.04907176062374538	0.13047611419903443	0.20541660230720693
0.2537936825489182	0.36211686560235745	0.04963479379779931	0.13309431282904488	0.20136034522187987
0.25337477710037065	0.3620169159686525	0.05045654325162152	0.1323517555869873	0.20180000809236778
0.2538614332508674	0.3620855084193456	0.04912434357908385	0.13193968971233383	0.20298902503836908
0.2531698032059538	0.36206018725228406	0.0493516049222838	0.1327318155773179	0.20268658904216016
0.24538871979051086	0.362079760773585	0.04951456494954393	0.13299198503159335	0.21002496945476662
0.24545015057624647	0.36208307069294293	0.050718605874337325	0.1315653757384621	0.21018279711801083
0.24681897383354554	0.3620643979206333	0.050437119037634814	0.13398880589348944	0.2066907033146966
0.24876795628843207	0.36212374341826037	0.04951648069874881	0.13410275249722275	0.20548906709733572
0.2482282154604136	0.3620999560503727	0.049479938551872465	0.13308616435241713	0.20710572558492385
0.24942183314701977	0.3620845642672229	0.05079893969336513	0.13211487491030866	0.20557978798208332
0.24939833942315787	0.362058086396453	0.05021941609213859	0.13263813690699333	0.20568602118125692
0.25060570441237606	0.36207808530892327	0.050823646983197274	0.133532785723336	0.20295977757216713
0.24994417446269285	0.36200516153422263	0.050060528388445324	0.1340361059338291	0.20395402968080983
0.25090230009327263	0.36200497029374024	0.0503523743663625	0.13151802497592038	0.20522233027070397
0.24988264930070275	0.36208776253141006	0.05062335306708629	0.13380165699678404	0.2036045781040166
0.24988573845815537	0.3620660660839725	0.05013787242632703	0.13199447814313897	0.20591584488840592
0.24851135629270799	0.36203177598971	0.05029667065289187	0.13384934079576333	0.20531085626892662
0.25368196163190815	0.36211374848100675	0.04900383607778719	0.13076492940196627	0.20443552440733145
0.25371963073510306	0.3620883162727925	0.049497467994252725	0.1302358005106679	0.20445878448718358
0.25106008396411067	0.36209532670378247	0.050085414462587796	0.12989830217965706	0.20686087268986175
0.2514800784571756	0.36210716974868556	0.04963168224110717	0.12833144198894983	0.20844962756408153
0.25257370062165296	0.3620502918633677	0.04981072509735321	0.12833635443873165	0.20722892797889425
0.2530039302786543	0.36201740970237506	0.04963545414001838	0.12957402339446955	0.20576918248448245
0.2537973928322854	0.36205729474943804	0.04919843990963926	0.1292977455382734	0.20564912697036364
0.25365314269645806	0.3621205361408392	0.04969218590654975	0.13008884032114718	0.20444529493500552
0.2529288879134922	0.3620978652722814	0.050035941696420894	0.1311657025910013	0.20377160252680404
0.24781906143690607	0.36205717678939486	0.05061281026207351	0.13394913094189037	0.205561820569735
0.25031760388144886	0.36203994237329784	0.048926146490839734	0.1341480471261328	0.20456826012828053
0.2493942148394717	0.36212130466141934	0.05040171245108199	0.13189982012414114	0.20618294792388558
0.249058473811614	0.362030680581861	0.04912283042481291	0.13357918216989934	0.20620883301181253
0.2482660495986591	0.36209555704040886	0.05083151118703258	0.13314905890895923	0.20565782326494
0.24895602266332753	0.3621128794186046	0.04965052005820872	0.13159902122999773	0.2076815566298612
0.2513750367105647	0.36208929453787986	0.04893064626916335	0.1306816236060508	0.20692339887634106
0.2512664656354887	0.36200742613057146	0.049476414984949285	0.13132510005561931	0.20592459319337098
0.2501955192052058	0.3620821192874607	0.04973302333109744	0.12918952859265392	0.20879980958358185
0.2486836597800839	0.36211459857850536	0.05090577889994624	0.13286117173713968	0.20543479100432455
0.2508397324137441	0.36203932916101	0.05079039925905715	0.13232981323275836	0.20400072593343016
0.25284776089487654	0.3620523412576117	0.04971979976493268	0.13141489772812917	0.20396520035444962
0.2525451787818635	0.362093976048779	0.05091725688792775	0.13284161719797014	0.2016019710834594
0.2519010897505901	0.3620821352216449	0.04994206849568514	0.1335677063035725	0.20250700022850712
0.2517542416820158	0.362056018939549	0.04969399307457842	0.13249460470953345	0.204001141594323
0.2507728808467385	0.36202531160217977	0.04936837018565507	0.1327964662790116	0.20503697108641486
0.250446375547922	0.36206366453710204	0.04999737619958583	0.13287328137296409	0.20461930234242576
0.24776875910477447	0.36211270180531574	0.05096268611836341	0.13277406638289882	0.2063817865886473
0.2477189366058002	0.36203999600354264	0.050130130320640176	0.13324914055485398	0.20686179651516276
0.24815552760823306	0.36201805125889064	0.05099867934554145	0.13225323275894219	0.2065745090283925
0.2481960750768959	0.36205030149607764	0.05006783816130014	0.13063880757395951	0.20904697769176656
0.24775495853767934	0.3620235056404079	0.050472934052415125	0.13124651559356806	0.2085020861759293
0.24613140067278877	0.362033642790182	0.050345208393474616	0.1314814877233222	0.21000826042023213
0.24943956600960576	0.36201933701455546	0.05098935247689754	0.12843356398916828	0.20911818050977268
0.2507927835716648	0.36201775057034696	0.050725105780935864	0.12829243999695925	0.20817192008009283
0.25259729474164183	0.3620588183807139	0.04892039770130907	0.13036902947533913	0.20605445970099576
0.2527789820648314	0.36204246532622625	0.04920146059512795	0.13017484960931697	0.20580224240449724
0.2519331277027277	0.3620706166481496	0.05008242773195962	0.12912209206285422	0.2067917358543086
0.2518403325599625	0.3620274223871851	0.04914421952102341	0.13182459786051837	0.2051634276713103
0.249993137805525	0.36207734667427627	0.04964950370969323	0.1313219471707844	0.2069580646397208
0.2502726171143309	0.36202916694807885	0.04959528345576375	0.13396769954376447	0.2041352329380618
0.2504785389248576	0.36201616143528326	0.049074073552798636	0.13363737082228605	0.20479385526477417
0.25190825253862337	0.3620093346026922	0.050977074101741404	0.13057429808684798	0.20453104067009478
0.25161468058654474	0.36211893395403955	0.05099214567205615	0.1295984817284343	0.20567575805892505
0.25195477017368995	0.3620651124490919	0.04902170549363072	0.1288144596377535	0.20814395224583374
0.2529980998939984	0.36208528066050866	0.05101414609273322	0.1294035937771157	0.20449887957564375
0.25336411313827667	0.36211001977665347	0.049354502660259786	0.13081550465935185	0.20435585976545792
0.252454139092478	0.36209078618552315	0.05029930938823146	0.1326449117709527	0.20251085356281445
0.2529877117675722	0.36201779712864	0.050356541844234576	0.13075836272955163	0.20387958653000138
0.25314262228473017	0.3620480100775969	0.05034330181652011	0.12830990949704935	0.20615615632410314
0.25069044759475795	0.36204878489517367	0.050324925872182485	0.1306241993551533	0.20631164228273233
0.24695113379280395	0.3620563510759519	0.049066637531473944	0.13348201781468605	0.20844385978508384
0.24604955403604717	0.36211011625602973	0.049503658741775314	0.1339378451020382	0.20839882586410932
0.2476114403519147	0.3620164823348685	0.0504263461355752	0.13177890923510116	0.20816682194254016
0.2478357533904992	0.36209515825753424	0.04893779041810789	0.13200549559543256	0.20912580233842584
0.2504286393722119	0.3620453634595471	0.04949061591593379	0.12844641832732775	0.20958896292497922
0.2516486081448589	0.36204612924305885	0.04883880009052821	0.13259977891550256	0.2048666836060512
0.24996080944805538	0.3620849903720609	0.0507068593495589	0.13373442516727427	0.2035129156630503
0.24810596705798532	0.36206425857592395	0.05070314459021538	0.13299788769080664	0.20612874208506848
0.24741633343755914	0.36209746103255364	0.050541514194528736	0.1341713232882073	0.20577336804715093
0.246711017468504	0.3620164894111998	0.050962991929774465	0.13375795168605037	0.2065515495044711
0.2457900342407689	0.3620464871730359	0.04973213508023408	0.134112802210758	0.20831854129520286
0.2470126594823939	0.3620240529806601	0.05058479040485628	0.1331787030242007	0.20719979410788877
0.2467874745348166	0.3620358989196433	0.048960897351831206	0.132886971403476	0.20932875779023272
0.24572973211008203	0.3620201394536381	0.0491923941959084	0.13329718916073097	0.20976054507964026
0.24492967618943817	0.36205753511430905	0.050166963534057696	0.13405174163379863	0.20879408352839615
0.24596303729557462	0.3620653413722088	0.04947984457084795	0.13312761827016134	0.20936415849120707
0.2459171553015437	0.36201781987954923	0.05063382132873656	0.13341502823336554	0.2080161752568047
0.24667543168398082	0.3620542577245024	0.05037671520387599	0.1323382225799153	0.20855537280772532
0.24655560576152782	0.36210503174217096	0.050280351934494566	0.13143354743840135	0.20962546312340505
0.24571198709285658	0.36201450610304325	0.05017122335213514	0.13243146091068603	0.20967082254127872
0.24714918238444994	0.36201096717210535	0.05039962658177591	0.13021626467929814	0.21022395918237044
0.2524485983523404	0.362002950369675	0.049901745974131134	0.12882718803853868	0.20681951726531453
0.25290844534338514	0.3620700437359121	0.04936574239965713	0.12890518308064236	0.20675058544040303
0.2522116869192393	0.36209602856884515	0.04955051237041902	0.12985976650211042	0.20628200563938584
0.2523644725882705	0.36209700598461664	0.050244237399893615	0.13037672025343633	0.20491756377378267
0.2501085075781515	0.3620451559531973	0.05030478133242294	0.1301877447441265	0.20735381039210143
0.2534649357561459	0.3621117330055382	0.04933595567559962	0.13080550002385252	0.2042818755388634
0.25317319219567913	0.3620216411463516	0.049109453295636596	0.13200984010963948	0.2036858732526929
0.253810019595308	0.3620631119143297	0.04952613871907505	0.1325184582632722	0.2020822715080147
0.2523313550229697	0.3620888814602543	0.04958157092617163	0.1334935148818865	0.2025046777087176
0.25155888515506425	0.3620501798054127	0.051007754662747984	0.13160755757664303	0.20377562280013173
0.25316990205031636	0.36209679180551707	0.05101071228899978	0.13017114755211498	0.2035514463030515
0.25257348139532493	0.3620767018263097	0.04878510539830633	0.13252006076404016	0.20404465061601867
0.2536797132099975	0.3620113208244663	0.04892345907010667	0.13085588115002816	0.20452962574540112
0.25250192979614505	0.3620553145364618	0.05082802182485377	0.12969907256357105	0.20491566127896813
0.250694379537513	0.36204673592943815	0.04942427301700497	0.1324376695243291	0.20539694199171454
0.24919271690045625	0.3620064010417403	0.05036559558520448	0.13254591511007754	0.20588937136252117
0.24906131620241118	0.3621211802596317	0.04928744582479966	0.1335744977987169	0.20595555991444037
0.248569822804386	0.3620952647885469	0.04964733574091948	0.13339075959750474	0.20629681706864264
0.24835778940775277	0.3620143026694689	0.05095989941107956	0.1335978480747121	0.2050701604369864
0.25387438949840896	0.36209483384173147	0.04921151318395903	0.13031937642469937	0.20449988705120092
0.25255886424583635	0.3620274430745529	0.04968679657132924	0.13042532771374588	0.2053015683945353
0.2516626261707079	0.36211526386560255	0.050951455883869956	0.130763081600265	0.2045075724795544
0.25131674096008005	0.36211458642505967	0.05046760677462994	0.13238453510806075	0.2037165307321694
0.25337270827530833	0.36209723437558977	0.0490863185050181	0.13185993411144467	0.20358380473263882
0.25254072924445725	0.362101871789744	0.050517412624366986	0.1330075617606643	0.2018324245807671
0.2530041156304626	0.36210116020471655	0.0490722773764726	0.1336801447250432	0.20214230206330477
0.2522439905771493	0.36202847469766486	0.049638902286803926	0.13417863649206507	0.20190999594631653
0.25375459212521684	0.36200783045903595	0.0490123248245653	0.13378975903573875	0.20143549355544296
0.25321190619357714	0.3620247931248477	0.050350869040463736	0.13313946143990613	0.201272970201205
0.2511358621143413	0.36203309565284336	0.049241387860152336	0.1341730879034003	0.20341656646926246
0.250411532960089	0.36202107324146504	0.050503777912319886	0.13196012030459903	0.20510349558152674
0.25251761297252096	0.36206662943230483	0.049738943951164294	0.12988499466867517	0.20579181897533452
0.25378180557069135	0.36206857840345974	0.04924409423739515	0.13196072367089806	0.20294479811755553
0.25327120365065114	0.36212193088715006	0.05049164617596505	0.13262488504224607	0.2014903342439874
0.2536390317980631	0.3620344685245094	0.050891014540285634	0.13115503035665063	0.20228045478049103
0.25249371553152666	0.36203714233624273	0.04988072418545275	0.13314889952987632	0.20243951841690117
0.2537802221846517	0.3620921359215997	0.04911803180692484	0.13278286377821064	0.20222674630861281
0.2523072996708008	0.362089288084681	0.04882876620568791	0.13204421428517604	0.204730431753654
0.2526573711849571	0.3620864144884566	0.05104381691825424	0.13013386537902585	0.20407853202930595
0.2537740878285565	0.3620678845500505	0.049519075552402064	0.1300647479448947	0.20457420412409602
0.2492538335912722	0.36204950715040807	0.050842074657601655	0.1321570320773117	0.2056975525234061
0.2472613422119358	0.3620417567111708	0.05067959789304968	0.12939306312715698	0.21062424005668648
0.2507441685381918	0.36203164060647697	0.05077479804750709	0.12886871139899114	0.2075806814088328
0.24852852853848992	0.3621074536790812	0.050985369863368685	0.1286301035088676	0.20974854441019228
0.24827506690266435	0.3620843755036529	0.050475962948092895	0.13076330069273784	0.20840129395285178
0.2502662681713744	0.3620991245787179	0.050864291060545436	0.1309990954188113	0.2057712207705507
0.25279809567374834	0.3621181288260108	0.050056715149120024	0.13297044590711016	0.20205661444401044
0.25209508856393553	0.3620424463067562	0.04908404504188765	0.1340326185558687	0.20274580153155167
0.25309970301853163	0.362044189162075	0.04961382505117534	0.13373610884814296	0.20150617392007483
0.2520649720923327	0.3620635278439046	0.04887219556288128	0.13264123443207188	0.2043580700688093
0.25185342494811447	0.36210488683958486	0.04891457051471254	0.1327684848978146	0.20435863279977332
0.25177151137414944	0.36207461926866574	0.050976779769407704	0.13263402563253798	0.20254306395523886
0.2510565195298959	0.36212302835978416	0.05083107167008333	0.13375839515303484	0.20223098528720157
0.2525645063174424	0.36202478088083434	0.04929830828801618	0.1319502355002656	0.20416216901344122
0.24806921182760383	0.3621141705071387	0.05016012081453522	0.13238471354203632	0.2072717833086857
0.2517176710112351	0.36202373349142225	0.04928516722755938	0.1290367156077034	0.20793671266207966
0.24687022392826238	0.3621014859339643	0.050474868949903884	0.1312323748906256	0.20932104629724352
0.25198475227552003	0.3620892847980923	0.04896808976137923	0.13251580724785916	0.20444206591714897
0.25220481591485877	0.36207387104236427	0.04996777335512226	0.13274320110897952	0.20301033857867495
0.2486561361945968	0.3620488989655454	0.049250562168595496	0.13087290380051642	0.2091714988707456
0.24987464386412267	0.36206505542912276	0.050116976102733746	0.12974977152432215	0.20819355307969842
0.2470128623532853	0.36210985156814945	0.04948929888068451	0.13101580169601723	0.21037218550186326
0.2515053384293092	0.3620563884570116	0.05034504104131607	0.12843539634030204	0.20765783573206084
0.25021461110590404	0.36205907188295006	0.05023411414117204	0.12802788813168403	0.20946431473828958
0.2509357280876757	0.36204701288989427	0.050887086867732995	0.1281385513634774	0.20799162079121938
0.2477747014488514	0.36200777778722504	0.04952115946080138	0.13097073156054423	0.2097256297425777
0.2485547979183202	0.3620156519231731	0.0496574073582739	0.13104126387024226	0.20873087892999037
0.24858535718864921	0.36212349154940293	0.04978051567074959	0.13366193324010583	0.20584870235109215
0.24911812423722493	0.3620321895132848	0.049983859759715504	0.13129800229140393	0.20756782419837058
0.24718137903564602	0.36207506021239955	0.050977193519686576	0.13017957414767647	0.20958679308459108
0.24619780328631508	0.3620924401158109	0.04912714207323629	0.13314208239727776	0.20944053212735975
0.24576704832854634	0.36210671592078686	0.04886638530831877	0.1339311205222007	0.20932872992014712
0.2460926361090245	0.3620807774922834	0.05013793908105968	0.13109191943618714	0.21059672788144496
0.2463034411557019	0.3620423273061621	0.049928085668658556	0.13389930994576138	0.20782683592371579
0.24924860822543898	0.36210244923618246	0.05011706772539881	0.13214338938474993	0.20638848542822955
0.24920057509289967	0.3620862181620739	0.050205264326337595	0.13344220782195526	0.20506573459673327
0.24642094330263947	0.36205022308372	0.04932884205364968	0.13200557012383685	0.21019442143615372
0.2488468675620198	0.3620557792507605	0.04941715560632451	0.13270145672072503	0.20697874086016993
0.24636183363216624	0.3620487317225398	0.05093327031067235	0.13163736236311102	0.20901880197151027
0.24670335410742336	0.36200471048231275	0.04984918904280075	0.13144337591859412	0.20999937044886874
0.24532906273956911	0.36209765740107497	0.0493917722504037	0.13390016685203274	0.20928134075691926
0.24584232757765387	0.36203771746734204	0.04940738705391831	0.1328749410593929	0.20983762684169266
0.24567496428912333	0.36204768537511783	0.049010383383960465	0.133684432568957	0.2095825343828411
0.2451202582097837	0.3620681889554975	0.04958133679916446	0.1326818732882318	0.21054834274732226
0.2474090885626511	0.36202609819877185	0.049018542022687794	0.13414639591155786	0.20739987530433113
0.24922766680245234	0.3620120020072002	0.05017093992642052	0.1317109109115943	0.2068784803523324
0.24641148315219527	0.3621113094197401	0.050133772426249806	0.13229699021763114	0.20904644478418338
0.24676513186936672	0.3620184146538154	0.05092940347058239	0.13403512656742098	0.2062519234388143
0.24570368644887763	0.36207674545508794	0.05031742219033605	0.13416270091733645	0.20773944498836164
0.24686288027292946	0.36209521381210463	0.050691852812831006	0.1327838917943577	0.20756616130777694
0.24660712323323736	0.36203947124317987	0.05016936292836116	0.13162124405260828	0.20956279854261306
0.25013001260963863	0.36209138848432065	0.0497635637895279	0.12824112191996423	0.2097739131965484
0.24909869407812302	0.36210748120469627	0.05046032921184607	0.13014730534026508	0.20818619016506928
0.24953987420622653	0.3620673093284598	0.05008764653566103	0.1280877973749852	0.21021737255466713
0.24621741965700117	0.3620929254636397	0.050679736174718965	0.13124933672601144	0.20976058197862846
0.24546286968112918	0.362118133386074	0.05077326869666407	0.13291244203407349	0.20873328620205908
0.24600521680767135	0.3621219047312133	0.04960745007760517	0.13224954255036636	0.2100158858331436
0.24629135365686974	0.36200517102339147	0.04899972489503995	0.13273548656431838	0.2099682638603802
0.24600060880251803	0.362038459714638	0.04990471524840931	0.13382414812958002	0.20823206810485437
0.24774149815359195	0.3621144472040626	0.05099385836414072	0.13245293439649575	0.20669726188170873
0.24513392688425684	0.36209043032857524	0.04925444389264114	0.13380242807590575	0.2097187708186207
0.2462323652697357	0.362036071093797	0.05044019131420582	0.13288323275913672	0.20840813956312457
0.24808741818411167	0.3620162784795272	0.04926588532371948	0.13394732128743644	0.206683096725205
0.24738285098659585	0.36201787160211185	0.05099226399106371	0.13348594604406006	0.2061210673761683
0.24893854382555985	0.3620979697282246	0.049071735429798036	0.13194786279479653	0.2079438882216207
0.2488885276358032	0.3620215144872861	0.049338683909560255	0.13288283308391305	0.20686844088343712
0.2482884066714741	0.36211485568455537	0.05091111512621224	0.13205231384347135	0.20663330867428667
0.250627734915569	0.3621141692209072	0.051058344549733764	0.13179851259170547	0.20440123872208435
0.24987068680183863	0.36203945610451216	0.050506596394990944	0.13247245301786767	0.20511080768079032
0.251340212827766	0.36205312458641237	0.04937193423779482	0.1321612662252552	0.20507346212277142
0.2516832984742247	0.3620680316112291	0.049453009116934454	0.13253178122958145	0.20426387956803002
0.24961707050689094	0.36207984636690915	0.050290432218017767	0.13408319618537595	0.20392945472280583
0.24906115926176822	0.36211533144115515	0.05055372710484321	0.13164187863498494	0.20662790355724817
0.24793906357799594	0.362085356287258	0.050184695505494786	0.1317693615853251	0.20802152304392585
0.2461222170262182	0.36201580392108185	0.049374682224398336	0.1320746320824005	0.2104126647459009
0.24570700236175494	0.3620655886716282	0.04926795129352554	0.13408233226588223	0.20887712540720882
0.24429375997711789	0.3620211136822581	0.050880258897529645	0.13222636153729228	0.21057850590580182
0.24542311702005132	0.36211515129046246	0.05081160390799869	0.13208008347960343	0.20957004430188386
0.24690006576632165	0.3620433025282176	0.04911325853748688	0.13378786724680014	0.20815550592117357
0.24737998805038316	0.36200628452882433	0.05035514650220613	0.13240983495887232	0.2078487459597138
0.24733069531756785	0.362031677693181	0.049394600275419726	0.13246126095864014	0.20878176575519103
0.2488001625807407	0.3620442912158649	0.04942858364540098	0.13043140704772407	0.2092955555102691
0.24827637909502595	0.36202908969456793	0.04964389855323961	0.13240130001325906	0.2076493326439072
0.2530628371416278	0.3620247009888431	0.04984119068525619	0.12917421814419017	0.20589705304008243
0.25000664741440237	0.36211900879478565	0.05031386808673835	0.1312365984830881	0.2063238772209853
0.249318830556937	0.3620128490176241	0.05082766965930194	0.1303882826911994	0.20745236807493733
0.25013137690752935	0.36200349488319816	0.049943777175533166	0.12973471153224747	0.20818663950149155
0.2510591827612988	0.3620643367636338	0.04921759565019776	0.13097620492090628	0.2066826799039631
0.251234561561041	0.36203619658701824	0.050117563155993444	0.1298324161404058	0.20677926255554122
0.25088296304142854	0.36203942349110607	0.048866548102187046	0.13264477358233673	0.2055662917829414
0.25246386521062836	0.36202031074386193	0.04920849646727424	0.12951751251262836	0.2067898150656068
0.2515294074452222	0.36211502220298475	0.04906773452571908	0.13209544389077044	0.20519239193530328
0.24840673708826874	0.362037676529822	0.0499274574628146	0.13354645959071915	0.2060816693283753
0.2511546318500891	0.36206395962926874	0.049775822317868895	0.1284243702386573	0.20858121596411572
0.2503400896205795	0.36204810745801397	0.04899879682721647	0.1296725860927464	0.2089404200014434
0.2498941765537516	0.36209093578620616	0.05056890007775236	0.12936703910403202	0.20807894847825764
0.25213186299502066	0.36209937487922395	0.04951330574671686	0.12904818846771235	0.20720726791132585
0.25203953772815335	0.36206403100041235	0.05007306634881417	0.130090613062731	0.20573275185988887
0.2518440258912276	0.362048095952137	0.049422492861491335	0.13012076367028272	0.20656462162486106
0.2506553576312269	0.36211289404735614	0.0509527965828169	0.12996566833497888	0.2063132834036209
0.24841617550423414	0.3620748678101366	0.050693157549174306	0.1300555513699625	0.2087602477664923
0.24825815538728419	0.3620653758071052	0.050580698151497516	0.13144310949924395	0.20765266115486888
0.24921141355356652	0.3620046162363272	0.04907235434806506	0.13240078790775195	0.20731082795428907
0.24718107897690267	0.36207705032422993	0.049073221979236886	0.1338350322743418	0.20783361644528847
0.24651198685710193	0.36202956449674495	0.050968199710297424	0.13134537550372125	0.20914487343213423
0.24712056941025595	0.36201523837932637	0.05007418350466997	0.13047528864967273	0.21031472005607477
0.24840611329702528	0.36207119652360986	0.050210665949155436	0.12938856248967895	0.20992346174053023
0.24906098643828894	0.3620864394342125	0.0494482234626166	0.1319172225278782	0.20748712813700354
0.24911206923043527	0.36211821675982814	0.04956511926897067	0.13239884841111194	0.20680574632965373
0.24761001968353263	0.36202356939856395	0.04943662976366048	0.13350929406820827	0.20742048708603444
0.24658392201307774	0.3621157062824862	0.05013173045333749	0.13290159624924214	0.2082670450018562
0.24856684262986498	0.36201088082368926	0.04994242297996859	0.1314147695813609	0.20806508398511606
0.24840742929315163	0.3620030502711642	0.04906266663743358	0.13236197363452554	0.20816488016372486
0.24707937880303138	0.3620164390136016	0.05063915835553909	0.13215466214837832	0.2081103616794494
0.24505470083066955	0.36202698432480684	0.0501461737699721	0.13283541957559028	0.20993672149896092
0.24546177527622848	0.3621006942977271	0.050867877967701064	0.1326844709202602	0.20888518153808286
0.24547524451725564	0.36207635472343014	0.04965853197330511	0.13292267791981072	0.20986719086619815
0.24771030312548972	0.3620283346268265	0.049867859120327734	0.13013432355278526	0.2102591795745705
0.2495170904038715	0.36209519908379667	0.05037468654594626	0.12887641393700086	0.2091366100293844
0.24855801181484055	0.36207350153027884	0.05065476846167777	0.12856053411989915	0.21015318407330344
0.25127511941231995	0.3621199333962954	0.04888783046770917	0.1285464527622316	0.20917066396144365
0.25265395779868577	0.3620048824890074	0.04924389851974276	0.1283899728217828	0.20770728837078095
0.25052721646277326	0.36203326245438744	0.0493417916803362	0.1287563134942451	0.2093414159082577
0.2520640734735674	0.36211071888061064	0.049395353039284384	0.1283680782743457	0.20806177633219153
0.25321988239364956	0.36208703585943286	0.05014555102799079	0.12862671681152676	0.2059208139073997
0.2510481487815011	0.3620662592785028	0.05000190579920777	0.12924486457610584	0.20763882156468227
0.2506881484499606	0.36211508091488886	0.04906041139628714	0.13001505089979876	0.20812130833906436
0.25018978750793536	0.36204537974595785	0.04880599655477605	0.12935753347376433	0.2096013027175661
0.2483040278040342	0.36201241178339094	0.05085947708377528	0.13152263896188504	0.20730144436691428
0.24788422309223618	0.3620821837601691	0.050086555127999144	0.13356195189113382	0.20638508612846154
0.248769912424318	0.36210933489300956	0.049544227434698634	0.1326552226154653	0.20692130263250824
0.2518245068377292	0.362104908989742	0.049044161370635164	0.13060004757500565	0.20642637522688764
0.24998868135439473	0.3620163991846552	0.05092244226486031	0.13320622986776537	0.20386624732832415
0.2496790075725146	0.3620870088693582	0.05009474788905724	0.13054712905305244	0.20759210661601724
0.253771383513024	0.36210967427899154	0.04890983320136591	0.12971722467738597	0.20549188432923235
0.25379490623771966	0.36204206634174485	0.050407671198002074	0.1288863512806862	0.20486900494184698
0.24929756546001594	0.3620405391338859	0.05000790767664004	0.1322377644585445	0.2064162232709134
0.25038353429656224	0.3620786868239696	0.04971430200947902	0.13335261035525764	0.20447086651473126
0.2504336389054592	0.36201166086363223	0.049263549950505026	0.13109884554059248	0.20719230473981085
0.2490408438839588	0.36206206945290065	0.04999979396023968	0.12890510953055545	0.20999218317234522
0.2496094423620827	0.3620915567309383	0.04889180149156541	0.13002597396809046	0.20938122544732288
0.2500068472351012	0.3621006520841271	0.04911058505536467	0.13253414345387177	0.206247772171535
0.25286989632994905	0.36209681862598936	0.05001859003094031	0.1324302746318268	0.20258442038129423
0.25331298625214815	0.3620515289448089	0.05042942453659502	0.1324158984384629	0.20179016182798482
0.2520820474661711	0.36201081601172413	0.04972413038878418	0.13277034081453	0.20341266531879032
0.25176600103126595	0.36211334484778485	0.04975935288312744	0.13180850052822357	0.20455280070959797
0.25268999657960084	0.3620063318581559	0.049009250073659055	0.13025675589822006	0.2060376655903639
0.25014758689429223	0.3620252858207027	0.04891640579674619	0.1312429022937434	0.20766781919451527
0.24906624087216087	0.3620885710896945	0.050848073208130895	0.12895276356000895	0.20904435127000454
0.25083805921369445	0.3620193706927479	0.050071098677528236	0.1286169740963423	0.20845449731968685
0.2538462586951322	0.36206581613192923	0.04895747889856594	0.12870030155879872	0.2064301447155736
0.2515950734040267	0.3620520819874018	0.05082135295350776	0.13064444314448814	0.20488704851057535
0.25207323999269804	0.3620177826739339	0.04911005311812536	0.13107784390825872	0.20572108030698363
0.2523764932351859	0.3621211113059495	0.05055416768994342	0.131213213837252	0.2037350139316689
0.25343081211767854	0.36210187453217674	0.049796560761641434	0.12885883323490188	0.20581191935360113
0.25031423166523675	0.3620798057161837	0.04942885381970591	0.1341022562995669	0.20407485249930646
0.2505292073929608	0.3620358802800782	0.049710380977030844	0.13250295069885082	0.20522158065107907
0.2535395061691005	0.362056326249394	0.05038363456869682	0.13097973751106884	0.20304079550173965
0.25374919322557	0.36201187888569075	0.04994188051752607	0.13039189662905387	0.20390515074215906
0.2527899540490923	0.3621139192303093	0.05069124223419599	0.12895277820761375	0.20545210627878838
0.24521653585517889	0.36205726735548405	0.0499043332477733	0.13408927532999693	0.20873258821156654
0.24459550355757642	0.3620605159714999	0.050959087012054094	0.1332214484553219	0.2091634450035474
0.24533738820428413	0.36206322310013683	0.049374061265736374	0.13368594559006236	0.2095393818397801
0.24796608041714918	0.362010185936776	0.05099130981639513	0.13329731638498815	0.20573510744469134
0.24893261568307357	0.3620080046532417	0.05080868874522762	0.13263299009557356	0.20561770082288328
0.24814972998224058	0.36210213844379974	0.04918312416255441	0.13166402163098267	0.2089009857804224
0.24778252803876546	0.3620785991406158	0.04902640978792827	0.13144488974130075	0.2096675732913894
0.24769469866088575	0.3620599045599213	0.05063659333577192	0.13033112902701421	0.2092776744164066
0.24762816871206106	0.3620343449914763	0.05050921297958735	0.1304811899000437	0.2093470834168313
0.24617934311160297	0.3620945484455893	0.04922923544441524	0.1324861279141587	0.21001074508423354
0.24497322656271198	0.3620025730794397	0.050201976762245776	0.13302792944088526	0.20979429415471706
0.24758513755669456	0.3620426019489452	0.05040104206436993	0.13244554669791914	0.20752567173207087
0.24944201760194673	0.3621124001682702	0.05004824598716723	0.13349662426405012	0.20490071197856544
0.24876278462546686	0.3620847389451595	0.05048722402525943	0.13273483000607444	0.20593042239803952
0.2483460777776677	0.36202026328855	0.0510244673276338	0.13225230030510782	0.2063568913010404
0.24926853937336146	0.3620374711170403	0.04941208977772579	0.1324800293193435	0.20680187041252865
0.25070914421112994	0.36209965121189414	0.05036258457476478	0.13121614564155204	0.2056124743606588
0.25264963885421	0.3620245315225618	0.0499361776119559	0.128952621368509	0.20643703064276311
0.2511040000014369	0.3620439565639677	0.04927883451753953	0.13048732808613495	0.20708588083092067
0.2477196474038696	0.3620261496261098	0.05067985336224906	0.13352270009010292	0.20605164951766836
0.25314754847604826	0.3620621752064842	0.04925451969519373	0.1296678062956474	0.2058679503266261
0.25058817230968533	0.3620375528217998	0.05103922186647725	0.1317246030476655	0.20461044995437191
0.2506128666802431	0.3620363313339299	0.05031505807525566	0.130843913350856	0.2061918305597151
0.25284588289896576	0.3620135517296659	0.05016128829928376	0.12829400560718096	0.20668527146490337
0.2527741143560962	0.36211564625300496	0.050900323294120864	0.12840802628366138	0.2058018898131163
0.25385120806505046	0.36201375198665003	0.04929685903325562	0.12895832525103718	0.2058798556640064
0.25141375486435985	0.36200426000512265	0.050675335047032144	0.1302625176461202	0.20564413243736493
0.2504163613225447	0.36212243588101234	0.049107576410770376	0.13077619222538783	0.20757743416028457
0.25097775513217385	0.3620052251731898	0.04883388200706107	0.13028264686230673	0.2079004908252683
0.2495967199642813	0.36205103390016535	0.05082914975807962	0.13212239220961647	0.205400704167857
0.2505261702097921	0.36209290209861406	0.05027924519895391	0.13277858033430212	0.20432310215833752
0.24858821311252396	0.36204362010754015	0.050582990430757396	0.13381545346213988	0.20496972288703835
0.2487015635745804	0.3620820068928814	0.05094026912225294	0.13404591555093004	0.20423024485935504
0.2501820445969778	0.36207440890802356	0.05098839018376025	0.1315201077744842	0.20523504853675395
0.24999133969855963	0.36202629297157435	0.04892565853176942	0.12841841041351987	0.2106382983845765
0.24978179929433383	0.36202066678317324	0.050074724531998266	0.12831819044129267	0.20980461894920177
0.2480863205440923	0.3620044148042442	0.050982757174864335	0.13007387957204136	0.20885262790475756
0.24929533720094016	0.3620937405527598	0.050358857881554364	0.1287686160762248	0.20948344828852072
0.25083419870121915	0.3620558690892106	0.05039834129850443	0.12821159129734352	0.20849999961372204
0.2502879920694907	0.36206126251654713	0.04878557971705047	0.1307769933286566	0.2080881723682549
0.25044885786197163	0.36211131735845326	0.049141692118875785	0.12999178162773217	0.20830635103296688
0.24892574323489738	0.3620196899471495	0.05036917600098187	0.13024853567313283	0.20843685514383817
0.24872387678017127	0.3620981648949452	0.04941827298563392	0.1310592230079768	0.2087004623312725
0.24691208246913485	0.3620930679065255	0.049305070326311484	0.13216989060213608	0.20951988869589183
0.24637542468793946	0.3621196312732816	0.05012032258501087	0.13403957976840797	0.20734504168535983
0.24690461506084357	0.3620946486331451	0.04891050298604788	0.13307362079587254	0.20901661252409068
0.2470424585499562	0.36205266853053814	0.0500553746775258	0.1316062742906955	0.20924322395128406
0.24676833149962663	0.3621080373875699	0.05057579788867719	0.13087086190947864	0.20967697131464735
0.24560818960441394	0.36208706080844255	0.05102967785895099	0.1310863148364729	0.21018875689171937
0.24789174384127843	0.3620352037192872	0.0496206457021951	0.12996052454746085	0.2104918821897782
0.24915595814617833	0.3621039853558871	0.04975197893821065	0.12947390619143181	0.2095141713682919
0.24796495280116218	0.3620648010067422	0.04893734090087706	0.13111130137944987	0.2099216039117684
0.24950737728277284	0.3621058007239496	0.04882227052935437	0.1309899882226636	0.20857456324125936
0.24892254915785214	0.3620504261582913	0.04891993105809317	0.1329538278289823	0.20715326579678095
0.2501388787657077	0.36202818531497977	0.05074036332045262	0.1314985684112906	0.2055940041875691
0.24958568718795468	0.3621051579935691	0.05102269845135679	0.13097377176351785	0.2063126846036013
0.25300919850726655	0.3620141310976268	0.0494411195567476	0.12969056830764147	0.20584498253071729
0.25222970270764056	0.3621216292940608	0.049431025032125236	0.1296101583307371	0.2066074846354361
0.25156832108479904	0.3620436001772376	0.049822407094731874	0.13118317798354207	0.20538249365968922
0.25157970781712	0.36207758645665733	0.05027040915079478	0.1317349299233046	0.20433736665212301
0.2535354812767751	0.3620085624933809	0.0492059711116212	0.1299604923931008	0.2052894927251217
0.2534427715578864	0.3621030451184126	0.048843807233079295	0.12971997416915856	0.20589040192146282
0.25314825671858665	0.3620726326478426	0.05102533811121973	0.13093398603743878	0.20281978648491186
0.2533857653263017	0.3621205797220731	0.049582384924277634	0.13036554331275596	0.20454572671459134
0.2516900181332372	0.3621022262749455	0.04982521572319393	0.13335703912649233	0.20302550074213085
0.25179813088973774	0.36206137138444056	0.05036280652149372	0.12963221410803916	0.2061454770962886
0.24840703361637087	0.36206101006827474	0.049683322522089124	0.12938122616788617	0.21046740762537888
0.24792836731433027	0.36202835898595837	0.050780391768976973	0.129146522209081	0.21011635972165318
0.24753451374697497	0.3620948400717106	0.05076871605941241	0.13003988296350083	0.209562047158401
0.24701525858500487	0.3620995270428329	0.050246593370959436	0.1323117885704127	0.20832683243078987
0.24801857662483034	0.36209182625524583	0.05064555016167918	0.12945776518834914	0.20978628176989525
0.25078200345435636	0.36203544646826546	0.04940285470704958	0.1280230219834746	0.20975667338685375
0.2507524372637288	0.36201863671578294	0.04922676355021191	0.12855697073590494	0.2094451917343712
0.2515838191673323	0.36201790015039853	0.04919921213730974	0.1295097486036124	0.20768931994134676
0.2476878008299526	0.36203324674908216	0.04992531610809736	0.12987070633751938	0.2104829299753483
0.251149767209508	0.36205356403070355	0.048922334843257864	0.13095575146282115	0.2069185824537092
0.25123163156623624	0.36203954668102806	0.04883477697509464	0.13046903986386033	0.20742500491378046
0.2484683206816113	0.36202742807254795	0.050190671887354155	0.13202627507910758	0.20728730427937883
0.24944435761615985	0.36202265483014395	0.05011286837385684	0.13073113765915378	0.2076889815206853
0.2442248212981929	0.36203639333060805	0.04964627737445598	0.1338807001504026	0.21021180784634017
0.24412891915798346	0.3620698580663339	0.04948611493365396	0.13392737015080203	0.21038773769122646
0.24606215988787603	0.3620021654089546	0.050056980224024994	0.13248255924794036	0.20939613523120376
0.24606623551656254	0.3621068100703346	0.0497226678064297	0.1327618316032204	0.20934245500345255
0.24686380720517906	0.36208427125087433	0.050722879546138744	0.13240889228166014	0.20792014971614745
0.24970861480924839	0.36210844139331766	0.04943580320701224	0.13266941707635307	0.2060777235140684
0.2511041191479494	0.3621162258552889	0.050407431404813546	0.13177099060378672	0.2046012329881612
0.25042584026158854	0.36210573081259156	0.05010861177506509	0.13389738440887167	0.2034624327418828
0.25182024227484123	0.3620086089371819	0.050461481009158066	0.12935266897758663	0.20635699880123198
0.25062686338092965	0.3621095782739433	0.050300599455532446	0.1300419025317069	0.20692105635788746
0.24999694989397925	0.3620352759875586	0.050479621537571434	0.1325553492852394	0.2049328032956511
0.25030311706534114	0.36207613963019514	0.04970304126264033	0.13402119067552298	0.20389651136630016
0.251668210419371	0.36211501567359894	0.049245165730529505	0.13377798401867771	0.20319362415782258
0.25145870127411135	0.3620092740393414	0.04902477100015798	0.13397105473565357	0.20353619895073544
0.25074855207847063	0.36211145511720816	0.050209849855268995	0.13416511266813197	0.20276503028092008
0.2512944403142767	0.36202880842758833	0.04935603879866621	0.13242524835686736	0.20489546410260098
0.2502311610167532	0.3620509656361538	0.049509931062622026	0.13084108864303523	0.2073668536414356
0.25099176387021005	0.3620911869061933	0.04925468720129514	0.12841389598548875	0.20924846603681252
0.24925424116141273	0.3620912674135567	0.051066690939093745	0.12995118967199165	0.20763661081394494
0.249295872311489	0.3621023305006773	0.05087590155876742	0.12975053237005182	0.2079753632590142
0.24830967343633384	0.3620622618225866	0.05102086350953533	0.12846106548786926	0.21014613574367472
0.2491512887991697	0.3620684810980279	0.0510638683691057	0.12864402641700162	0.20907233531669478
0.25015096413512383	0.3621206880516907	0.04888598675419731	0.12995218409763515	0.20889017696135276
0.2491282286767376	0.3620546899562618	0.04888415698820539	0.12995299321350628	0.20997993116528868
0.2478504976530814	0.3620521258667594	0.04891362290740528	0.1319748983512651	0.20920885522148855
0.24670547190645503	0.3620508887460576	0.0507153081275199	0.13173588016571686	0.20879245105425034
0.24599959044052772	0.362116228024535	0.04919917659419645	0.1340356251269047	0.20864937981383586
0.24779374089666154	0.3620406906764957	0.051021736889156066	0.1329667194887107	0.20617711204897576
0.2516261703792859	0.3620612065801297	0.05082598217816542	0.13223903715428337	0.20324760370813535
0.25252092908613144	0.3620564145401515	0.04910541568544538	0.13317590754784442	0.20314133314042698
0.2521642520230391	0.3620077337589669	0.04904194498149436	0.13234852035587807	0.2044375488806213
0.25207204935105987	0.3620484322856556	0.04940746293374376	0.13360726784561175	0.20286478758392873
0.2512822722613439	0.3620943533375571	0.049508933234178876	0.13377589210616828	0.20333854906075155
0.2473579256104923	0.3621092599120848	0.04909380516617956	0.13295273730783028	0.20848627200341285
0.2467368702944941	0.3620831290835962	0.049822731103611656	0.13272628229797748	0.20863098722032034
0.2487506349732299	0.36205964139830693	0.051059192886882654	0.13000419698490662	0.2081263337566736
0.253826995706008	0.36205913104557486	0.048840578413424346	0.1280157641972018	0.2072575306377909
0.25111862554620124	0.3620968254967435	0.049850322977392836	0.12806440227826282	0.20886982370139934
0.25287486744958426	0.36201427014950305	0.048831705635548284	0.1297313021761404	0.20654785458922378
0.2462238804538714	0.3620119900893981	0.05102713744681395	0.1340706802930319	0.20666631171688443
0.2488428484344767	0.36210174003216744	0.05049438421166744	0.13198876055773132	0.20657226676395685
0.24862097816342968	0.3620940622398152	0.05022918158087289	0.13158196307691344	0.20747381493896852
0.24847955649203554	0.36204259174073505	0.04888461115595932	0.13348784825981774	0.20710539235145212
0.24756880571685175	0.3620908704626776	0.0502588864679443	0.13319175591552562	0.2068896814370005
0.2501167466511461	0.3620811209798089	0.05016387026611385	0.1328320488967733	0.20480621320615766
0.24970134094655516	0.36203219088508354	0.050208346414185895	0.13271284257184385	0.2053452791823313
0.251065978881027	0.36209463557711785	0.04986341605560754	0.13181287283161275	0.20516309665463467
0.2516484917776135	0.3620225743870875	0.04879317285605117	0.13246419344114563	0.20507156753810193
0.25188735941046975	0.3620607396475787	0.04966026319818442	0.1334299716541974	0.20296166608956956
0.2506435773396342	0.36200464302474167	0.05070108995958514	0.1334200527926159	0.20323063688342288
0.2500523696789333	0.362027879342537	0.049568600579223104	0.13364322520069627	0.2047079251986101
0.25030687360416626	0.36202521252946074	0.05035883207797734	0.1305792749121526	0.20672980687624282
0.24915575914805552	0.3620198909024253	0.04923661387682682	0.13092470274303641	0.20866303332965574
0.2500052717109742	0.3620348946836013	0.05054833314761942	0.13395042070983565	0.20346107974796912
0.24954559285694294	0.36202307986415666	0.05061519722979374	0.13405163767846548	0.20376449237064093
0.25025116579203865	0.36202377624970705	0.04999424787043924	0.13212335239217032	0.20560745769564454
0.25329295549631775	0.3621063367966788	0.04923958567096487	0.13002871346226513	0.20533240857377316
0.251371339084002	0.36204384195189654	0.04975951212715024	0.13012878416892282	0.20669652266802815
0.2488464135888791	0.3620411161083535	0.05087360590098122	0.1339345812021367	0.20430428319964922
0.25125808684276113	0.3620075464022531	0.05047025226281837	0.1326374915010597	0.20362662299110743
0.25240548038989247	0.3620356660743558	0.04948206959968726	0.1298583496388035	0.2062184342972607
0.25312895646810174	0.36212002209796257	0.049135179186993505	0.13148936627671454	0.2041264759702274
0.25329596435218354	0.3620908503112109	0.05075969524890478	0.12982628242819827	0.2040272076595023
0.25315455574494194	0.3620389639383962	0.050072237318366686	0.1316169159259345	0.20311732707236047
0.2505195537486134	0.3620761797727061	0.049890072920080214	0.1304107743989335	0.20710341915966657
0.25043521019571047	0.3620855654059161	0.04921972380553985	0.1293055964108899	0.2089539041819435
0.2501028595452004	0.36212088329824454	0.050805372976927055	0.12852540941910784	0.2084454747605199
0.25052566445748936	0.36205011957493693	0.050404428020168895	0.1281920353343977	0.2088277526130068
0.2485088785298389	0.3621040181849666	0.04996801650024954	0.13005172426178596	0.2093673625231587
0.24869455326877365	0.3620152435530033	0.050283589583859534	0.12912986434158813	0.20987674925277516
0.2473936598151981	0.3620834673814781	0.049037080032639846	0.13177206389229434	0.2097137288783894
0.24533866771540497	0.36204421605896764	0.05038324404189845	0.13209492799466765	0.210138944189061
0.24725606019929208	0.3620803097793428	0.04981608976817145	0.13156146795999268	0.20928607229320073
0.24617013848673547	0.36210704786923353	0.05084844125355753	0.13095705822539117	0.20991731416508205
0.24610157957326925	0.36207486818877915	0.050903879639814686	0.13033902631640354	0.21058064628173315
0.24658915814577215	0.36211874026747765	0.04900591898041079	0.1320772238387825	0.2102089587675566
0.24873803591965712	0.36201539746342676	0.049067354161580395	0.13126828095707982	0.20891093149825563
0.24905468423553162	0.3620473448031197	0.05064653065433375	0.13219245828277887	0.20605898202423584
0.2503303968831294	0.3621149151183186	0.04878635837851847	0.13233712946386386	0.2064312001561694
0.25277510288054195	0.36205103118820026	0.05084299132292844	0.128712250350697	0.20561862425763197
0.25364513907059094	0.36208297422395375	0.05026440868982143	0.13016399985482996	0.2038434781608037
0.25247388039244595	0.3621170572976969	0.04911667213863355	0.13302498280121056	0.20326740737001278
0.2536294563116023	0.36203045721348726	0.049393094014165084	0.1336082666648661	0.20133872579587908
0.25321880356941673	0.3620966357995025	0.049493224704532685	0.1333044354757057	0.20188690045084212
0.2536231877220209	0.3620618590316945	0.04922466849944637	0.13277877506185265	0.2023115096849852
0.2526631513190613	0.3620647950643989	0.050051676267462014	0.1325439322781819	0.20267644507089555
0.2534492801201793	0.3620719709888392	0.0498127357243191	0.12999629072774121	0.20466972243892093
0.2520402841682688	0.36203482768267725	0.05031834838613325	0.13071393942896842	0.204892600333952
0.2518945345923381	0.36200914180594923	0.049941770750989545	0.13051942887000015	0.2056351239807228
0.2524513966182633	0.3620374287115199	0.05077906203644575	0.12795594925775816	0.20677616337601254
0.25325661572843744	0.3620646174002839	0.05100674040196415	0.13024982455380651	0.20342220191550778
0.2532205268862082	0.3620178795039795	0.05096537590165939	0.12966521613952936	0.20413100156862327
0.2517591597920614	0.362033139997863	0.050703026411793	0.1293814345628701	0.20612323923541218
0.24887711110380933	0.36204433411844483	0.048981921101992926	0.13044393443151717	0.20965269924423546
0.25008009062203673	0.3620229985367861	0.04962548154704563	0.1280237064366362	0.21024772285749513
0.25060240901623215	0.362055190105562	0.049855014632230854	0.12861776370739286	0.20886962253858196
0.24684338047391963	0.36206904076878765	0.05086057709272612	0.13162457336935465	0.20860242829521167
0.24659002091501936	0.36202845594807714	0.05080100175343752	0.1340720227267871	0.2065084986566786
0.2479071272771684	0.36210514529983073	0.050664772894953136	0.13004657045667048	0.20927638407137703
0.24878772640975805	0.3620767314087887	0.050163332992763376	0.1304576452644406	0.20851456392424905
0.2466159032580721	0.36206948592801913	0.05052653011845795	0.13041189965540684	0.21037618104004374
0.24716393292036476	0.3620960632592177	0.050407021402502	0.1313082292683688	0.2090247531495464
0.2490085556795306	0.36212111272955555	0.04967740255899286	0.12884045432014282	0.21035247471177795
0.2480030379581445	0.36205481270844353	0.04921473323900341	0.133886233611691	0.20684118248271732
0.2526382654164581	0.362038857643884	0.04982180652422777	0.13122798156312682	0.20427308885230308
0.2518336438532765	0.36200332824698	0.05084140165732967	0.1320477133136218	0.20327391292879182
0.25235136103387634	0.3621162438693395	0.04955410375870267	0.13165767156314434	0.20432061977493696
0.2481472487621137	0.36205028888416924	0.050071471273722634	0.13394072475755409	0.2057902663224401
0.25138663173982595	0.362033590679003	0.05048997315332113	0.12925234643216127	0.20683745799568842
0.2508007450783303	0.3621074389493939	0.05010998741122444	0.13004712753117229	0.20693470102987885
0.2501930177254505	0.36208502218524574	0.04906082090184907	0.13340610423523336	0.20525503495222105
0.25310762438610146	0.3620346857496634	0.04917649331245216	0.13097183052977823	0.20470936602200446
0.25314254068863135	0.36208682795230496	0.04936408370382192	0.13124125725495256	0.20416529040028888
0.2511089151796416	0.36201622182710547	0.0502050717825345	0.13350119145665224	0.20316859975406593
0.2528679603597548	0.36202485639201193	0.05051221509950543	0.12889305559462572	0.20570191255410186
0.2538430568037698	0.3621105661198545	0.05097310252701237	0.12805959484373575	0.2050136797056274
0.2508550361333755	0.3620395452798996	0.04968175665269936	0.12974431619917665	0.20767934573484864
0.24830961330262274	0.36204593210464286	0.04945300167255828	0.12997245034471522	0.21021900257546064
0.24867048116260393	0.3620619038236496	0.04972466328190256	0.13133508109792336	0.20820787063392027
0.24843838325143408	0.3621062570910082	0.048780193113262954	0.13203342263160933	0.20864174391268514
0.2465047018332718	0.3620269476189787	0.050176065994216534	0.13259117703526152	0.20870110751827117
0.24459173652812985	0.3621219872228957	0.04894690506424784	0.13375616713678784	0.2105832040479385
0.24424265529857336	0.36202665598851974	0.0505905438983493	0.13382542206566275	0.20931472274889457
0.24909518141857545	0.3621235983248018	0.05077878565608157	0.12913784520931193	0.208864589391229
0.24951310679016894	0.3620451580310273	0.049203793810720514	0.13149563227369185	0.20774230909439112
0.24730943432624147	0.36205482315288395	0.050881835312913876	0.13055104682511792	0.20920286038284247
0.24525728074925252	0.3620655676225567	0.0493614301117728	0.1331160677444726	0.2101996537719451
0.24532064183323388	0.36209003766878733	0.05097839659314146	0.13372149686775897	0.20788942703707808
0.24498292794202708	0.36202783635337155	0.051062805127673055	0.1340025259780936	0.20792390459883447
0.24594710164805195	0.36209590687521664	0.04971251573816721	0.1331835620357111	0.20906091370285285
0.2452280918039782	0.36203099406042577	0.05018083121825401	0.13213607333068086	0.21042400958666094
0.2476645503340265	0.3620855378757022	0.05062332452089083	0.13099180023067641	0.20863478703870378
0.24852811180711867	0.36211946581557675	0.04888848843218055	0.13018394832748093	0.21027998561764288
0.2492365139061946	0.3620461317717175	0.0488093207728128	0.1305694321126361	0.20933860143663863
0.24744890033547434	0.36206611209395756	0.050676782577105645	0.13004178726075613	0.20976641773270602
0.24931859131911033	0.36201813691657314	0.050902000567893846	0.13049623592065313	0.2072650352757693
0.24790246411324496	0.3621120406459253	0.050575747546143635	0.13109463890015294	0.2083151087945329
0.2458805605109576	0.36212288380588653	0.05096104920452868	0.13167318459719968	0.20936232188142728
0.24522571305075935	0.3620549615772908	0.05088919307905182	0.13208472549809452	0.20974540679480336
0.24706389142707158	0.36212254107350517	0.04980217921807947	0.13304908375751917	0.20796230452382428
0.24701512230905492	0.36200576382794236	0.04886845960540631	0.1326024013735394	0.20950825288405667
0.24792717895133498	0.3621059658241346	0.05026507815236694	0.13289306850660298	0.20680870856556022
0.24975294974704357	0.3620672290310931	0.050875238608487916	0.1324020051419344	0.20490257747144072
0.2507597864408068	0.3620449972492936	0.04985428594435884	0.1339296868926364	0.20341124347290412
0.2514848586757825	0.36204366586887166	0.050186902444718545	0.13281348965115508	0.20347108335947198
0.2512708575164806	0.362050553232648	0.050927827001039955	0.1337654126201966	0.20198534962963471
0.25203665347095305	0.36200493048546617	0.05099151419088796	0.13337031045677214	0.2015965913959204
0.2511277558060314	0.36208217017348165	0.050331740536269626	0.1336122963591702	0.2028460371250469
0.253877496623023	0.36210497827129196	0.05012055976003421	0.13121156280773016	0.20268540253792042
0.25242020271286875	0.3621032265988363	0.04909321707843506	0.13177130978752571	0.20461204382233392
0.2519525859139171	0.3620077601221506	0.050473774859912945	0.13242554272903878	0.2031403363749803
0.2527030710145549	0.3621061576977541	0.04941303434394423	0.1304574948445747	0.20532024209917182
0.25378839196937786	0.3620668619692433	0.05056409509544141	0.13018985519139684	0.20339079577454033
0.25158638452476817	0.3620589221900491	0.049354637720758016	0.1314189646959111	0.20558109086851334
0.25210166784641863	0.3620415842867284	0.05014011045011035	0.13166386888028836	0.20405276853645402
0.24849409169498748	0.3620625219901391	0.050506228346796994	0.13105651453629405	0.20788064343178211
0.24613573794792665	0.36207498631218726	0.05027847958556941	0.13134424416266752	0.21016655199164896
0.24756240572886296	0.36201562889959893	0.049685472507331324	0.13163794928682726	0.2090985435773793
0.24558671707017543	0.36208648140179306	0.050849946204015256	0.13096730584520633	0.21050954947880976
0.24687855713242263	0.36204318898923515	0.04890159605600547	0.13180823755281504	0.21036842026952146
0.2456014706427373	0.3620422868836974	0.04944599365138644	0.13265268741835562	0.21025756140382296
0.24557666305589582	0.3620757812527856	0.050536800730498876	0.13312214109619255	0.20868861386462687
0.2483556542379723	0.3620430969388624	0.04951960717759149	0.13154148269714855	0.208540158948425
0.25026137735261633	0.3621161644158648	0.050325122420010276	0.1309489633993355	0.20634837241217288
0.2504596247060493	0.362102530282294	0.050409917049062586	0.12960812992813903	0.20741979803445476
0.25213881708494873	0.3621204728678961	0.05008052812612629	0.12855851990436823	0.2071016620166604
0.2499199424687033	0.3620321354798323	0.04999305443172125	0.13178207854943713	0.20627278907030566
0.24777537885143947	0.3620638476916711	0.049776680137795876	0.13291870706234588	0.20746538625674737
0.2497757251672877	0.3620540412516067	0.0501787678422935	0.13266521072483461	0.2053262550139773
0.2500772569757027	0.3620871306885347	0.050535505570347916	0.13201931029918587	0.20528079646622852
0.2503928220561719	0.36211809791571536	0.05093199002639498	0.13163679813378554	0.20492029186793198
0.24966595803947061	0.3621060357483795	0.049079087454902276	0.13333591364417935	0.20581300511306796
0.2479347353984069	0.3621017104876707	0.049593077169502536	0.13234627574773739	0.2080242011966822
0.24975837352393493	0.36205581467624914	0.04970175587133338	0.1335506219656487	0.2049334339628336
0.2505425220255778	0.36201562011799426	0.049319819372818346	0.13272629869282704	0.20539573979078224
0.2512240285905434	0.3620186477314127	0.04883319081671797	0.13226058634322202	0.20566354651810367
0.2534867119470406	0.36207810793380873	0.04928226438892211	0.13205348563123748	0.2030994300989908
0.25118446271734324	0.36202673578380196	0.04968392877645331	0.1333083109735968	0.20379656174880445
0.2524226868500995	0.3620782887008138	0.050265513070403056	0.12872562804293197	0.2065078833357514
0.2519732951252634	0.36212078018288485	0.05094762506318984	0.1283536049535157	0.20660469467514603
0.2509834421559191	0.3620263323129122	0.05102381366922218	0.12954397678425073	0.20642243507769556
0.2520289823809768	0.36208948673103236	0.050515379952986855	0.1280977377960464	0.20726841313895733
0.24844842199457604	0.3620693285520867	0.04902523651317217	0.1305441980361436	0.20991281490402125
0.2485128188564049	0.3621180610539185	0.05029557503440621	0.1315989590623995	0.20747458599287064
0.24582634974827974	0.3621163718844167	0.049892401987357116	0.1326753513667743	0.20948952501317183
0.24443435087330315	0.3620118012589759	0.0497155121153845	0.13365282509032833	0.21018551066200786
0.2450390381953373	0.36208376975160894	0.04915289238823009	0.13377299798472503	0.20995130168009843
0.2483019483270018	0.3620608122185813	0.04927533572820175	0.1304727009429038	0.20988920278331108
0.24601674898591985	0.3621050505267153	0.049672076337641646	0.13207664084497295	0.21012948330474998
0.24756154221568416	0.36207001644356906	0.04919742477132713	0.13405811682836521	0.2071128997410542
0.24760548715846645	0.36211439229708714	0.04927806612143698	0.13351247897127336	0.20748957545173582
0.24860888342356158	0.3621166787104614	0.050534240179725604	0.13318984628951572	0.20555035139673547
0.2498012538465435	0.3620559927749617	0.05018835945953354	0.1330133215109046	0.2049410724080564
0.24941454393696932	0.36202396704854345	0.04889507120580483	0.1327072234411008	0.20695919436758128
0.2492807058388669	0.3620576938187147	0.04972086966149836	0.13242483997286103	0.2065158907080587
0.25085891008511435	0.3620165240994544	0.05056203498156028	0.12988314166530934	0.20667938916856138
0.25043036031946425	0.3620535723138783	0.05001336522559929	0.12883067544913593	0.20867202669192195
0.25218324418150107	0.3620966045939473	0.04987909324164136	0.13004651218907773	0.20579454579383227
0.25281154978754056	0.3620436683407918	0.04893508020049661	0.13033889620665498	0.2058708054645158
0.2494324160667731	0.36210676274730985	0.050713354882512274	0.13360562086207656	0.2041418454413279
0.2504038580359758	0.36202353849969604	0.04951948979668125	0.1338030715692219	0.20425004209842482
0.24989719459213428	0.36201230627079706	0.0493333900419142	0.13384283068903738	0.2049142784061168
0.2504363129886384	0.3620503306405566	0.05025786490422601	0.13345708191277822	0.20379840955380046
0.2492290358588769	0.3620246668028293	0.050797774762018855	0.1323983480489555	0.20555017452731916
0.2514152790647813	0.36206024034913337	0.0494806253598262	0.13299104756111232	0.20405280766514658
0.25096536242506284	0.3620172396948293	0.04985738403034845	0.13110523409459535	0.20605477975516387
0.24933031997748953	0.3620309337943988	0.04941314440737565	0.13283982369356118	0.20638577812717457
0.25047082198260046	0.3620207436478975	0.049246889731032084	0.13214177569048088	0.2061197689479888
0.2526830005888647	0.3621038248066074	0.04985091534120292	0.12845037393125092	0.20691188533207383
0.25356203068666083	0.36201388471268525	0.04877938056645878	0.1296974494533027	0.20594725458089214
0.25151520025355006	0.3621135580943472	0.04985855541304951	0.13245710201307198	0.20405558422598094
0.2501266274164657	0.36203254094856424	0.04926209895941863	0.13215239266616402	0.20642634000938717
0.24854143652076782	0.3620349464159285	0.048855567358164154	0.13062542537848534	0.20994262432665398
0.24608188490720315	0.36212365308843364	0.05062352498915029	0.13162980907201163	0.20954112794320107
0.24701921981730973	0.36204447536143636	0.04893618316470502	0.1315468007472247	0.21045332090932395
0.24641881769439528	0.36205312207173534	0.05055902768868173	0.13036218145275785	0.21060685109242955
0.24555000145749023	0.36203535090995603	0.04984079135204167	0.1321021555247672	0.21047170075574456
0.24650892717871317	0.3621074423896818	0.04888638042712096	0.1336182478499489	0.20887900215453495
0.24978889031420665	0.36203403555317115	0.04951855562800808	0.13064395822256392	0.20801456028205
0.24969156683601634	0.3621078708596895	0.05087377809149038	0.12869757033315637	0.2086292138796471
0.25055727726321214	0.3620811829925277	0.04928636578927398	0.13037897286400735	0.2076962010909787
0.25095223987070875	0.36204170854176426	0.049995463857591016	0.12981952130718422	0.20719106642275142
0.25222965563061733	0.3620189989465449	0.0494132100672009	0.12910139817216798	0.20723673718346866
0.25245639949924453	0.36205836067458497	0.049630126082524234	0.12816052966202293	0.207694584081623
0.25344110425359667	0.3620820616663475	0.049351457543814786	0.1291927937050859	0.205932582831155
0.2531416280214867	0.3620074734366319	0.049707848458204	0.13189666114094828	0.20324638894272887
0.2531846585543768	0.3621121750370237	0.050603794542476294	0.1304022269711791	0.20369714489494398
0.2522035793504669	0.36202598982489564	0.050362070725646524	0.13102580720095594	0.20438255289803475
0.2522923167484425	0.36208177206890285	0.05045052103233777	0.128402811789938	0.2067725783603787
0.2507664052162872	0.36208757131302605	0.05093256230540294	0.13121180662043652	0.2050016545448471
0.2502458024448713	0.36202052458830875	0.05054740356450077	0.1328154903690396	0.2043707790332793
0.2511910229338844	0.3621061123560304	0.04997286282862379	0.133852702894113	0.20287729898734824
0.2533068042824015	0.3620998855714196	0.05010731081107436	0.13185097082812225	0.202635028506982
0.25288600925821153	0.362017060744673	0.05087324509381244	0.1307060712700242	0.20351761363327858
0.2535235947169771	0.36208503624262706	0.04949500612974059	0.13066269471649694	0.20423366819415806
0.25260399020638724	0.362023558416242	0.05035884031928106	0.13146086878660662	0.20355274227148284
0.25380184793145805	0.362111176825189	0.04938429418390622	0.13213517785886036	0.20256750320058609
0.2532872641525418	0.36206233452908204	0.050680828681971574	0.13154810824657043	0.2024214643898338
0.25258611348512666	0.36206114344179285	0.04927794788003867	0.1339363367109837	0.2021384584820578
0.24934768276763625	0.3621032703991082	0.04914716096684907	0.13318761600246642	0.20621426986393981
0.24723389794761202	0.3620432530367972	0.05033504424929083	0.133930590866905	0.2064572138993947
0.24718016099932696	0.36201847586901015	0.05095068231940697	0.13176917741930075	0.20808150339295495
0.25139893389835394	0.3621210298634273	0.05093225316586339	0.13196479612600626	0.20358298694634885
0.2503234410988631	0.3620098296759696	0.05105423926327088	0.13329920342098311	0.20331328654091305
0.25059403126815283	0.3620573291590233	0.04916495530491813	0.13352827332182166	0.2046554109460839
0.2489884298869815	0.3620559922538347	0.0500620532765986	0.1336808225617521	0.2052127020208329
0.24799061853565912	0.3620526216727653	0.050910611146757406	0.13405661617027098	0.20498953247454693
0.24953467543603747	0.36200362457746793	0.05080959526768147	0.13286396856728466	0.20478813615152824
0.2519596131333858	0.362074434137649	0.049741951806999224	0.12874781585898643	0.20747618506297927
0.2513227652359044	0.36207275731303457	0.04993085159747884	0.1289966788276689	0.20767694702591302
0.25112434247663196	0.36210495557441397	0.05105913807756324	0.13258358737194567	0.20312797649944492
0.2537830909140511	0.3620977939567895	0.05047951281494864	0.13129382705085546	0.20234577526335504
0.2530436723911361	0.36203829527993314	0.049915244662178365	0.13286183396448192	0.2021409537022702
0.2531191503140413	0.3620809231738939	0.0492662781991729	0.13216290165777972	0.20337074665511184
0.2536264754058871	0.3621149520720763	0.050415278849500644	0.1323835548817121	0.20145973879082357
0.2527382292129452	0.3620417766473517	0.04915859849445703	0.13406257405858044	0.2019988215866654
0.2524476550301761	0.3620220067707588	0.04932659735866973	0.13405887866834765	0.20214486217204747
0.2525107794353833	0.3620238113224869	0.050616495996021665	0.13366239942914032	0.20118651381696762
0.2509688791193029	0.36204196844358716	0.049724394566528746	0.13215643172091973	0.20510832614966126
0.2523964297291136	0.3620066795253012	0.050940132433311164	0.13174674944289316	0.2029100088693807
0.25067645591016097	0.3620552526304246	0.0509146892091156	0.13197510445185023	0.20437849779844833
0.24979934725671923	0.3621230071903008	0.048953297204381296	0.13031728411981347	0.20880706422878492
0.2522772541192248	0.3621000348349528	0.049862244967145974	0.1284247801061884	0.2073356859724878
0.25129815841465797	0.36210864917403746	0.04908341365727342	0.12808839064100014	0.20942138811303074
0.25082992093675754	0.36205394810868363	0.049597915951594074	0.12835718194803117	0.20916103305493336
0.2470559063819518	0.36206827134930486	0.05056387459878206	0.13093633552729433	0.2093756121426667
0.24813615888035745	0.3620651197385226	0.04995423952454944	0.13398497613443155	0.2058595057221387
0.24755279134968017	0.3621165913919384	0.050186398047347425	0.134171424430867	0.20597279478016675
0.24692399410085933	0.3620760163343206	0.050185401306063776	0.13393232760126064	0.20688226065749535
0.24924085876776386	0.36207674484202595	0.05097202264528061	0.13064021819837865	0.2070701555465507
0.24852171540297047	0.3621213558023938	0.05052392326013985	0.13115574998436885	0.20767725555012675
0.24630794346828447	0.3620448933583513	0.04970324833163911	0.1322111951633815	0.20973271967834345
0.25205793514082014	0.36205472638171843	0.05037834457555229	0.128003517724379	0.2075054761775299
0.2494594980488741	0.36211246109831857	0.0494713809571074	0.1296221126690627	0.2093345472266369
0.24716532623747228	0.362058742691846	0.05026640828361409	0.13104942615941265	0.20946009662765475
0.24541040417936502	0.3620697132868032	0.05105888750604454	0.13315613818395955	0.2083048568438274
0.24715445923301974	0.3620966045442754	0.04970888143952229	0.13396454881442846	0.2070755059687539
0.24994710316834554	0.3620231505378696	0.04984625772294027	0.13230513531653423	0.20587835325431017
0.24815133725670413	0.3620765095501388	0.04969819279119517	0.13375907866031841	0.20631488174164317
0.24815234835161326	0.3620497796041454	0.05030862098238112	0.13369621704469176	0.2057930340171682
0.25053312768227903	0.36210063796341274	0.050321859635961	0.13410252206956502	0.20294185264878198
0.252419064274947	0.36206858159171496	0.04918274227830813	0.13348146884279616	0.20284814301223356
0.25261793555798967	0.36210793233083893	0.05030746894938998	0.1331868462521311	0.20177981690965008
0.251923871734259	0.36210462622197104	0.050964739642175017	0.13092476307347095	0.20408199932812376
0.2501006601121408	0.36211905611535805	0.050863026935221795	0.13347360695853155	0.20344364987874755
0.250534245967625	0.36209570431784505	0.050902423440004785	0.13395084637488658	0.20251677989963834
0.2523628133200891	0.3620380864517919	0.04978366413880783	0.1333039745603281	0.2025114615289828
0.25071192677455323	0.3620365927789066	0.04879117010229628	0.13307621254301427	0.20538409780122935
0.2538149669252246	0.36204549218363274	0.04903030660685617	0.1299189117133109	0.20519032257097536
0.25236139831842663	0.3620445619324792	0.04946576912387124	0.12933146420505975	0.2067968064201629
0.25224307225287174	0.3620888586646376	0.04953405736568722	0.1292500737188436	0.20688393799795968
0.25159570002685533	0.3620038046455434	0.049012346960388836	0.129610695781187	0.2077774525860252
0.24894512271484157	0.3620121232698395	0.04927648399380952	0.130855785095862	0.20891048492564718
0.2483190491258872	0.3620519706875701	0.04977988944848005	0.13315338072700275	0.20669571001105963
0.24886802755427812	0.3621004445562138	0.04921734334126954	0.13322980468442946	0.20658437986380876
0.24855510352646362	0.3620694597043729	0.04960219367948704	0.12935218673639476	0.21042105635328145
0.2506745331062672	0.3620523798083759	0.049553736618158595	0.1281254263688533	0.2095939240983448
0.24936960031302038	0.36207556875285285	0.049383684567630426	0.12935069189838266	0.20982045446811337
0.24994233460939957	0.3620083365318093	0.049357386347035515	0.12980687069963187	0.20888507181212337
0.2506981732470022	0.3620708870937852	0.04922518689901764	0.1298818783113782	0.20812387444881644
0.24959002835901323	0.36207118605798905	0.04947432457168244	0.13173941570272352	0.20712504530859152
0.2485511333574883	0.36203835758817426	0.04908403559727226	0.13143967546695529	0.20888679799010965
0.2486442427249656	0.36201485425909313	0.05087462262139111	0.13049740031400442	0.20796888008054548
0.24974032888156014	0.3620412186751224	0.0497419410296481	0.12968106217928788	0.20879544923438123
0.24793257628959972	0.36203896916561173	0.04896847727491921	0.13084166374667244	0.2102183135231967
0.24816999701325065	0.3620472807002865	0.04895400212526052	0.1305668634692499	0.21026185669195216
0.2471424135509328	0.3620083871468871	0.05059353486005286	0.12999784718624668	0.21025781725588036
0.25157039993478564	0.362024253779822	0.0488345843362645	0.1285373426885519	0.20903341926057575
0.25161239011873526	0.36202712311053764	0.04921671163290489	0.13115773369022476	0.20598604144759722
0.2529670485892043	0.36202619033073147	0.04946120384244493	0.13144624958569254	0.20409930765192644
0.25159015055419875	0.36209366615349514	0.05053373966484928	0.13260162426730526	0.20318081936015134
0.25179949521857137	0.3620114540409097	0.050878447023838924	0.1330154826613919	0.20229512105528785
0.25018657034739195	0.36211160115359053	0.04937282178628907	0.133396332711806	0.2049326740009222
0.2512865946239005	0.362101720880998	0.04993796254889671	0.13218489420637847	0.20448882773982613
0.25120765893348274	0.36211148690133566	0.05047381080755206	0.1315143968254099	0.2046926465322194
0.25088355746247404	0.3621026839107934	0.04949003414310854	0.13143666197701678	0.20608706250660694
0.25339934692803845	0.3620179550079131	0.04967313234761869	0.1296064004605213	0.2053031652559082
0.2515965774852672	0.3620215279997516	0.04880680609628271	0.129778378587169	0.2077967098315292
0.2496692060571989	0.3620595080244361	0.049117650778626454	0.1295818301141648	0.20957180502557346
0.2502670568109108	0.36201774112593044	0.049265832055415126	0.12829163640983665	0.21015773359790668
0.24992232873849346	0.36208251456875373	0.05018070785362225	0.12985065472985266	0.20796379410927762
0.2513113055939631	0.36202466089498664	0.050339934347658405	0.12859874727490428	0.20772535188848726
0.2508095481782061	0.3620907802206583	0.04976905343752086	0.1288832957410307	0.2084473224225837
