0.17642877104568913	0.15080316713732142	0.311639210702534	0.2633226021854852	0.09780624892897012
0.1693356687263016	0.1530471072612699	0.3193099256382781	0.2636526299450984	0.09465466842905182
0.18589802126621868	0.1615558519338924	0.30785479053851	0.247792217639314	0.0968991186220647
0.1746281789992082	0.1610308697948993	0.3080221654111686	0.2550261414653332	0.10129264432939045
0.17353459805601668	0.1588139296022489	0.3196032209360439	0.24810577106207282	0.0999424803436175
0.17642431334953665	0.15502539730643605	0.32340486215656045	0.2518325839811696	0.09331284320629703
0.17520338288182974	0.16084175110954932	0.3135838229701866	0.2530535505776147	0.09731749246081944
0.1664589548029309	0.1544486118497348	0.3153776935002529	0.2651855746370481	0.09852916521003309
0.1742440574857113	0.1501763562254855	0.32765380507143377	0.2504391981537665	0.09748658306360274
0.17339156052338167	0.1609986799468484	0.3132705757852947	0.2547985383346296	0.09754064540984536
0.15580671802458507	0.15539666615862838	0.3303065566962321	0.26473482344294524	0.09375523567760902
0.17473396289212378	0.16305816187567654	0.3096886648550439	0.25135441047009777	0.1011647999070578
0.15492116147175905	0.15822952979997496	0.32373187762082084	0.26474866215740134	0.09836876895004368
0.16105066747947328	0.15812719277132983	0.3175634753470987	0.26674992516064516	0.09650873924145278
0.17534870010797618	0.1615357323699484	0.30792863673452747	0.25878229330670943	0.09640463748083827
0.17000328773420467	0.15665580673473556	0.31827615588890873	0.25395977048660645	0.10110497915554434
0.16212958348445158	0.15246337172485952	0.3187742908986946	0.26890808686992784	0.09772466702206634
0.17608756662013497	0.15704750037557538	0.32043901719595247	0.2529215865460061	0.09350432926233088
0.16737908457104184	0.15991357411026474	0.3146301990800685	0.2624332073988719	0.09564393483975277
0.17045469121140622	0.15196331289457793	0.3131837558568308	0.2695825552395642	0.09481568479762062
0.15939414984647382	0.1612109981256247	0.31261998576307437	0.2689380297099251	0.09783683655490177
0.16736712549908217	0.15541400180793807	0.32618365404902927	0.25576112730880063	0.09527409133514958
0.16692958062731453	0.15463382520021757	0.31801869462669863	0.26112333216130545	0.09929456738446363
0.17940530698033888	0.15168513526822025	0.30881414547952774	0.2617639160337878	0.09833149623812511
0.16880092586687873	0.15689320251320799	0.31229338160084325	0.2621026995609958	0.09990979045807404
0.17122158687294795	0.1553425403790873	0.3297877719757498	0.24848285754664423	0.09516524322557049
0.16121700218655033	0.16026360918439186	0.31446868500812014	0.26592929756903655	0.09812140605190095
0.18551262272309013	0.1502375957068845	0.31408019825424993	0.25636860676218776	0.09380097655358745
0.17420182412873508	0.15356480419780974	0.31599037065515573	0.26257043100638633	0.09367257001191293
0.17692498957651653	0.1538241499017875	0.3146470696642759	0.2558280814380631	0.09877570941935668
0.16029137372977284	0.1604685618082839	0.3155480444644726	0.2658614800136255	0.09783053998384499
0.16938876671992753	0.1601528765512585	0.3128051793251747	0.2570622491100259	0.10059092829361316
0.1687295073659869	0.1532043962739189	0.32065827926815615	0.26104848203835684	0.096359335053581
0.16361045199185598	0.14945423267678654	0.32688230137204255	0.265534723250292	0.09451829070902278
0.17836395801996593	0.15620751574917868	0.3238843383790502	0.24832691174282123	0.09321727610898378
0.1770226715793075	0.15479176162980612	0.31814672688323664	0.2562422050370556	0.09379663487059396
0.16386691049988367	0.1577833839823689	0.3233729922733103	0.2602450967510626	0.09473161649337428
0.18462358700173034	0.15493365121083763	0.3118897030353194	0.24682091827341363	0.10173214047869882
0.17834524215400357	0.15439978740118188	0.31481385202461504	0.2547459755356447	0.09769514288455455
0.16217197996103266	0.1559692474673383	0.3238910629934951	0.2619350344078403	0.09603267517029344
0.15913795384434587	0.1596267553286962	0.32783324668382186	0.2540169307295908	0.09938511341354507
0.16392244550564444	0.15582851854867757	0.3140111878218008	0.2668287743547515	0.09940907376912544
0.1712968439432147	0.15487911053224362	0.3101232650511758	0.26335494647428026	0.10034583399908531
0.16783869614369054	0.15835115155881838	0.32593133878422975	0.2506696486705443	0.09720916484271688
0.17798380395644373	0.16167271686695123	0.3175291924574365	0.248519789683972	0.09429449703519632
0.1671101528208582	0.1506152481766479	0.3250114721717546	0.25983984986343067	0.09742327696730847
0.1742406666464174	0.15804279331163074	0.3219441640779499	0.25021855023470685	0.09555382572929491
0.18095568250243105	0.15147646661380396	0.31701592682143853	0.24940984638737354	0.1011420776749527
0.17786699137431003	0.16326839254311926	0.3123431801590244	0.25123769216465214	0.09528374375889401
0.1576127485029169	0.15144440377202883	0.32391683777593255	0.2659835483231418	0.10104246162597967
0.16873046735860342	0.1622415220086136	0.31567580585417376	0.25726484708672603	0.09608735769188297
0.15579237557081585	0.15922738664729752	0.32960094359584324	0.25702015611906	0.09835913806698324
0.1785112439902587	0.15037479690888625	0.3221564644566258	0.24926035673358815	0.09969713791064086
0.16213948085709226	0.1636777424425701	0.3103590167253492	0.26646148203667136	0.09736227793831688
0.17435441344148894	0.1514592792369914	0.3289917518063193	0.2507258561627645	0.09446869935243565
0.18024463746487127	0.1508584229226309	0.31206652717293376	0.25648759567798324	0.10034281676158065
0.17036671884944485	0.1524087965568728	0.3240414996495273	0.25869254929754676	0.09449043564660813
0.17295466787059452	0.15003783351467936	0.314843440602162	0.26242228358957836	0.09974177442298555
0.17566269128651954	0.15898672616066323	0.31014638871104633	0.2600744874517373	0.09512970639003343
0.186044201569961	0.1575894314042603	0.31387563596430007	0.24953246567771706	0.09295826538376138
0.17998002198936497	0.15625735729409032	0.3179659046299612	0.24782711945735786	0.09796959662922544
0.17282602793142884	0.15344524686103425	0.3151381582213231	0.2590058407269697	0.0995847262592439
0.18665649432106848	0.1549946633529271	0.3164394032724184	0.24807329743357776	0.09383614162000808
0.1728734304802162	0.16062669478748595	0.32094468769860834	0.25214479259100836	0.09341039444268093
0.18197551186671432	0.16180221916998253	0.30783307436060686	0.24853114569939178	0.09985804890330431
0.15524774366717364	0.1547913937555029	0.32888762204853733	0.26791263251119446	0.09316060801759146
0.1714851053002743	0.15508439280143144	0.3215170460007113	0.253264688858307	0.09864876703927576
0.1770190544773094	0.15554326089103537	0.3250024490495649	0.2472296459759427	0.09520558960614744
0.16587428641016574	0.1517547525935162	0.32312990538796177	0.26172150130465266	0.09751955430370342
0.16546321342575065	0.14879522279964982	0.3158910539249594	0.2683125702824938	0.10153793956714612
0.18222879109409285	0.15642862221130988	0.31844642984073956	0.24842346958914707	0.09447268726471046
0.17022664694304446	0.1554025107813732	0.30736524321823333	0.26630259300823544	0.10070300604911339
0.1625479768630606	0.15609877190085963	0.3270675926314301	0.25901291777443947	0.09527274083021
0.16887271563461867	0.15036844801457921	0.31994302384039425	0.2635938544462883	0.09722195806411936
0.1705473778866154	0.15418282416579082	0.3192723290462478	0.2569949552125451	0.09900251368880064
0.16774398626906026	0.16162357730344026	0.3211367751915115	0.24840448962633796	0.10109117160964978
0.16709253729381143	0.1515266962293686	0.3248612456287453	0.2635387783467184	0.0929807425013561
0.1733978800855388	0.1558340911638748	0.31194162557113764	0.26248523304688504	0.09634117013256352
0.18377314589810947	0.1532556883155528	0.3111422017998019	0.2502176578316797	0.10161130615485583
0.16838982462801216	0.1550985387036644	0.3303744972554123	0.24823599676430388	0.09790114264860707
0.1685092608572658	0.15715756636047898	0.3160183351678254	0.2574019915579684	0.10091284605646116
0.16191065142281957	0.16193672017753966	0.3269757650449622	0.2490564504042534	0.10012041295042501
0.16336448636006443	0.15847931796998285	0.32495674485240067	0.25672887160336705	0.09647057921418481
0.17476042921595702	0.15336977640756794	0.3181696625008469	0.2602493007170452	0.09345083115858271
0.18111610233386571	0.15218154718083848	0.31708599476536714	0.2530115481979337	0.09660480752199471
0.1595750882818154	0.15700208166832375	0.32938875897250447	0.25551817260830384	0.09851589846905233
0.1801187452460209	0.16414019284567943	0.31050319383098846	0.24892792774343903	0.09630994033387201
0.162658414661533	0.15924268401077604	0.3145313529316473	0.26429966955100676	0.09926787884503672
0.16787069895057394	0.15969583412473826	0.32370583398676334	0.2509494047873849	0.09777822815053937
0.17594760449439087	0.15932598295124434	0.31851447604851024	0.24823510785076303	0.09797682865509132
0.16421960172716826	0.15783111277244002	0.32374006364892566	0.25542316357464767	0.09878605827681819
0.18241555951085295	0.14937025221883266	0.30948366483821577	0.26070302449952365	0.09802749893257479
0.17650256651128376	0.15964999713874617	0.30880261980652873	0.26185616233542036	0.0931886542080208
0.16596101709614672	0.163254981782271	0.31669451946576355	0.2564854818107865	0.09760399984503207
0.1667373159395541	0.15640642221975476	0.32527699214976913	0.25487188918408155	0.09670738050684033
0.1785117742390497	0.14912246919417824	0.3119796442635715	0.26204902836313765	0.09833708394006273
0.16819224025795898	0.14885154270043954	0.3258336535442086	0.25624563160990715	0.10087693188748548
0.1773384105410527	0.1564342536526716	0.30963049371637485	0.262762009910647	0.09383483217925358
0.15530712614013412	0.15752887932867587	0.3237429495463286	0.269367014926136	0.09405403005872519
0.1658396059844085	0.15719357508890697	0.3159476909028516	0.26538056686211103	0.09563856116172176
0.18343622582450655	0.16051486485872496	0.3074844613387058	0.25371138526727666	0.09485306271078583
0.17658635995526342	0.15118485740898524	0.32816677746414824	0.249301262297409	0.09476074287419387
0.17618129445952196	0.1547414293514306	0.31056092652929945	0.2591336592246554	0.09938269043509242
0.17540403271385563	0.15688143088662432	0.3091868468905879	0.25778498894275276	0.10074270056617918
0.17961583571838674	0.16137181192081312	0.30798522486858737	0.25468814450129595	0.09633898299091657
0.1729754786650563	0.15696637266957472	0.3090594816607942	0.26227244564480795	0.09872622135976664
0.17120471143890179	0.15157097607598938	0.3093767790253176	0.26639128871313916	0.10145624474665182
0.15877082433248427	0.14877105734138873	0.3226923101922617	0.26955775113628705	0.10020805699757807
0.17972797972067	0.15653803191136534	0.31310399708277625	0.25253399504176116	0.09809599624342703
0.15383943947355666	0.15898707869399373	0.3205076527867982	0.26501815152133057	0.10164767752432068
0.1649879060771441	0.1561877609003025	0.3274963081485016	0.25756728041050025	0.09376074446355132
0.17424950423357075	0.15017913213795353	0.32456996885042055	0.24933822582467058	0.10166316895338437
0.1731569699549072	0.15990952589911023	0.3151432537486175	0.2502236580925259	0.10156659230483901
0.15755910134065002	0.16219411983429005	0.3178304220530114	0.2633469023826282	0.09906945438942014
0.1836077189846238	0.16102965299304103	0.3080566874574156	0.25124987929630943	0.09605606126860992
0.16947651904510147	0.15324122502629675	0.32922001736601725	0.24698029162804794	0.10108194693453636
0.16353782128407648	0.15269749202801738	0.31834515819007225	0.2675037172428028	0.09791581125503088
0.18043915090270538	0.15394484576082434	0.3172432808313802	0.24903624292781473	0.0993364795772751
0.18299393413233858	0.15011546960192398	0.31121097254335195	0.2547771448369033	0.10090247888548201
0.1632608093854545	0.16035156429289532	0.31401672006677755	0.2661970165522704	0.09617388970260202
0.16120579632941806	0.16172610969472015	0.308702121647076	0.2694141844367323	0.09895178789205328
0.1819796034694674	0.150719984900735	0.314619678820008	0.2542243487465257	0.09845638406326368
0.1606854110529033	0.1501273432459706	0.3209213836204031	0.2667152278209812	0.10155063425974156
0.16434071799661276	0.1611113881836155	0.3283604599915919	0.24899289701764826	0.09719453681053142
0.17695006378944567	0.15160621641247557	0.3243365494865479	0.2533926211328586	0.09371454917867211
0.1651753478136353	0.15280910845093276	0.32108309327444806	0.2627545109857061	0.09817793947527757
0.17752957780145415	0.16417176992523624	0.3123253834953284	0.24814644106297112	0.09782682771500983
0.15954744347830485	0.16036480105047976	0.32872094555778963	0.25013777197742215	0.10122903793600342
0.16445308888879287	0.15469959176552045	0.31875500028312037	0.2664497171136269	0.09564260194893918
0.1824860263269454	0.16174646054490022	0.3129172619379866	0.24668628452737967	0.09616396666278791
0.16973089893460042	0.15360332911114244	0.3299479952395266	0.2506115839949338	0.09610619271979651
0.17274156649154696	0.1494504747045524	0.329079179660785	0.2507345174507487	0.09799426169236677
0.16739125133261726	0.15725938520717203	0.3133680361027526	0.2656724080499639	0.09630891930749404
0.17272207758217983	0.1568506959046284	0.31814293033881297	0.257115317395275	0.09516897877910359
0.17073487398806242	0.15103107449942854	0.3231108901523732	0.2613887895955902	0.09373437176454547
0.18496955062876017	0.15335558411339628	0.3074466986984117	0.25848863708405523	0.09573952947537641
0.1694651748072582	0.15195408583673228	0.32406183560675283	0.25503071564159435	0.09948818810766216
0.16924932108330465	0.15680526499884487	0.3180732657543185	0.2589044349734133	0.09696771319011854
0.17426690248670362	0.1497412783352237	0.32606514411397414	0.2569822176979334	0.09294445736616494
0.1751318749427134	0.15761692930673604	0.3198357685821024	0.25318044236240184	0.09423498480604614
0.17137539707422222	0.14965928320333374	0.3147322597174635	0.2652217018703754	0.09901135813460493
0.17244313871935044	0.14980954395619372	0.3280917036588167	0.25390134208562176	0.09575427158001718
0.1665989716355381	0.1567223854622187	0.3172335173903684	0.2664169680436357	0.09302815746823884
0.15754817699615242	0.15435130875973174	0.3258063329881836	0.2645282091691046	0.09776597208682743
0.1645262710076257	0.15950268943501966	0.3283423538597168	0.24785765591615982	0.09977102978147782
0.1624865693783956	0.16341627107379192	0.3147703402134666	0.26048349358380946	0.09884332575053624
0.15839367933551443	0.15904913962428263	0.3240390741261949	0.2620423288209268	0.09647577809308105
0.17362520745542634	0.15275810631523545	0.31634753090947104	0.25978438783559854	0.09748476748426843
0.16822116819170044	0.16122849593195615	0.3162904372074058	0.25428990065302476	0.09996999801591265
0.16202541154751537	0.15198615435590881	0.3238368516161306	0.26376402941803184	0.09838755306241319
0.1632037667789381	0.16387609547421927	0.323517043830706	0.25529448474997646	0.09410860916615993
0.15672657947282748	0.15960321203879077	0.3150429801674589	0.2680507933579771	0.10057643496294555
0.17539426113452766	0.1547485967891112	0.3209016381156259	0.2482740194075108	0.10068148455322423
0.15484242291618958	0.15437943895462794	0.329251895356841	0.2667052152171975	0.09482102755514377
0.186056650912102	0.15265375566155792	0.31159528738097375	0.2539466440621052	0.09574766198326087
0.15627889096127262	0.1616354774875523	0.3196221400732483	0.2621888011135961	0.10027469036433047
0.16935935837626445	0.15177677374204843	0.32339024757834084	0.25563255610289004	0.09984106420045602
0.17415824420535916	0.16170563008638458	0.31587815160204	0.2542085075803452	0.09404946652587087
0.18493603932299826	0.1602075946584263	0.3116600671545807	0.24872452128003059	0.09447177758396388
0.17165583091706121	0.15826669232783375	0.32131255662366426	0.25518437319993714	0.09358054693150339
0.1669830038001387	0.1617902565550401	0.32101512981588276	0.2523690623066222	0.09784254752231608
0.1575266798096245	0.1624258919511846	0.3240924042165087	0.25457054474769836	0.10138447927498359
0.1561649537184901	0.1554426580312724	0.3296296833554433	0.2622435747754327	0.09651913011936131
0.1561840078648893	0.16375851688138052	0.3214465585230596	0.26217143852194297	0.09643947820872743
0.17317101760754727	0.16293318595853012	0.3203852370774509	0.2505063610343465	0.093004198322125
0.16752497654039628	0.16264662800343455	0.3177325072089707	0.25386389827724115	0.0982319899699571
0.1720130092807493	0.1622460698446891	0.31470707483549554	0.2557514053782074	0.09528244066085848
0.15705392265154222	0.15124438478544525	0.32473009729863894	0.2688455562630383	0.09812603900133511
0.17506632213294096	0.1537118674321289	0.30960615396007396	0.26473554177821185	0.09688011469664407
0.17912865479599416	0.15960359586075185	0.31010899724508245	0.25709541473713515	0.0940633373610362
0.15972749077339604	0.16115299085634988	0.3146431954477835	0.2692038757398584	0.09527244718261202
0.17657614730214474	0.15253570342362127	0.32110174789109347	0.2561701094025684	0.09361629198057192
0.15436972098910734	0.16150743620290292	0.32682349325805926	0.2624973201119063	0.09480202943802402
0.1646401548345761	0.15796873281529009	0.31659023809529474	0.26364449488516367	0.09715637936967522
0.16916673343296393	0.15178855745254222	0.31996052445093137	0.26544699944568967	0.0936371852178726
0.15366410965085628	0.16289363129247905	0.3241298007576346	0.265465472391078	0.0938469859079519
0.18649907520408313	0.15007820216229312	0.3088951607441475	0.2530645944117904	0.10146296747768561
0.1561547046567471	0.1590933259478921	0.3302718424434038	0.254585522964235	0.09989460398772175
0.1692887888380344	0.15475991106392958	0.3187171588351896	0.25656019477015396	0.10067394649269226
0.16747386788635132	0.15169022962458417	0.32424599717208424	0.2560850990484592	0.1005048062685209
0.1656045094617168	0.16305899884495262	0.33029225489649905	0.24776526057274384	0.09327897622408753
0.15885541426994593	0.1553978669795254	0.32346970967419947	0.26104817829692767	0.10122883077940133
0.1563399946083099	0.15437086648360718	0.3261389404397434	0.26563348546049564	0.0975167130078437
0.1667039886403256	0.14902992196401182	0.32895552570176434	0.2541130596039897	0.10119750408990834
0.17017459236092242	0.15541068717582357	0.31680195784316445	0.25663618341260036	0.100976579207489
0.17955238177540817	0.1551341211106662	0.3206037419304005	0.24789420095047912	0.0968155542330458
0.17733371416984048	0.16392500190161452	0.3093186159986849	0.24885209529414795	0.10057057263571195
0.18414508077690672	0.16058783197308943	0.30748504655705067	0.24865314316470336	0.09912889752824966
0.17078723612232752	0.15540165582778284	0.3222063458877496	0.25191393698092435	0.09969082518121554
0.17268188156133926	0.15134327238905787	0.321324690837377	0.25925362916832173	0.09539652604390389
0.1641768814430645	0.15818921982102763	0.32297379649142877	0.25797889790948225	0.09668120433499663
0.15781782705625325	0.16363579280066332	0.3302148094846995	0.24953434046024686	0.0987972301981369
0.17902007950063117	0.15070222718923876	0.31980201037045364	0.24951126971077248	0.10096441322890373
0.1746711747698828	0.15687284898652376	0.3142508111020341	0.2599195152071758	0.09428564993438328
0.17312748550637322	0.1541154485137222	0.32008101945193235	0.2514607924624128	0.10121525406555924
0.16087277838048147	0.15808839672215258	0.313296105033983	0.26925323677309365	0.09848948309028915
0.1720423428983975	0.16325328011543594	0.31752098403865336	0.2531953388397896	0.09398805410772339
0.16029651631888436	0.15598248518796498	0.32155668858430786	0.26464795159758414	0.09751635831125843
0.1646800003085856	0.15200220888428193	0.32800763031509683	0.2556811421629646	0.09962901832907077
0.17649097018083093	0.16110754065031707	0.3121765482800564	0.25363706861402646	0.09658787227476887
0.18495352612173996	0.14959085140425188	0.3179290818850574	0.25069804118133493	0.09682849940761554
0.18360536722351167	0.1612968014687452	0.30769244401984763	0.2537317138819987	0.09367367340589658
0.1734946584571467	0.16007959488211376	0.3116225837374579	0.261264626995698	0.09353853592758342
0.16228974295469117	0.1639966553669435	0.3238499923884972	0.24856053964557012	0.10130306964429783
0.16303203580351747	0.15704914116029126	0.31695685371029403	0.2686594712555429	0.09430249807035414
0.17385357381560337	0.15308486886762032	0.31571716220932755	0.26080038420011076	0.09654401090733777
0.16634733768180981	0.1607213413898658	0.3268563667541163	0.2529281283489746	0.09314682582523331
0.17016094534463128	0.16024078878731446	0.3133617722403643	0.25726158066864707	0.09897491295904268
0.17529153349434431	0.15270365835451444	0.3208537229028768	0.2555840241243058	0.09556706112395844
0.162222538390345	0.164128236122271	0.31591097779563443	0.2572961907335949	0.10044205695815443
0.1642283309538944	0.1638965724442868	0.3089625462093659	0.26387761425122574	0.09903493614122691
0.18403706249936042	0.15400445898992277	0.31504959879904093	0.24844796719430506	0.09846091251737057
0.18230688987139612	0.15809385001465	0.3142459809033518	0.2513531662165917	0.09400011299401015
0.18392883754971226	0.14981148856600915	0.32016595593904157	0.25048375596126116	0.09560996198397567
0.18502988912953838	0.15623007468783612	0.313786130154567	0.24981190668527542	0.09514199934278285
0.17507831634454923	0.14926348060440653	0.31991125634444795	0.2619815279293478	0.09376541877724827
0.17184480315462047	0.1602998080070757	0.3203053626206184	0.2470394408100344	0.10051058540765087
0.1692087052167949	0.1556549159925964	0.31942320488527615	0.26275968594063753	0.0929534879646948
0.17263375228153627	0.15492133268495367	0.3249091110754581	0.2520579213946176	0.09547788256343416
0.16732585183120752	0.15981288960968673	0.3239725825612749	0.25134609979350736	0.09754257620432333
0.17514277588852475	0.16014052936900464	0.3120164924360922	0.25152928073069586	0.10117092157568233
0.16995643296519936	0.15920335438141597	0.3132269979241491	0.2638108582859846	0.09380235644325079
0.18237306915513213	0.15163660371419474	0.31948597560549336	0.25213200077000053	0.09437235075517902
0.17191146605384494	0.16079910864722582	0.3132509580618097	0.2562137271019431	0.09782474013517617
0.17944165095724848	0.16164299044154024	0.31355075406576177	0.252407161214959	0.0929574433204903
0.16748722340861896	0.14983325195071653	0.32826221037885306	0.26124182602538387	0.09317548823642738
0.17289219373869127	0.15123789068223498	0.32875988307507115	0.2516271487262116	0.09548288377779081
0.16307416941736472	0.16094915295718382	0.3162792554365018	0.260928109712593	0.09876931247635645
0.1700443403692761	0.15755301238657815	0.32246321951194873	0.2562935589141356	0.09364586881806125
0.1674245116140587	0.15540840473643727	0.31497009880738813	0.2646763869316729	0.09752059791044285
0.16939563865296284	0.1528487116912215	0.3255044875639843	0.25568868360620106	0.0965624784856301
0.1736927162469612	0.15446407765645637	0.32203859551906827	0.25635601916015877	0.09344859141735518
0.1840889198304894	0.15457369477450567	0.31190539932842193	0.25176436806716257	0.09766761799942023
0.15578402172437517	0.1543889330017813	0.32738623870730976	0.26421124969070425	0.0982295568758294
0.17087157357368238	0.16241458389989344	0.3208966098964545	0.24933582596575493	0.09648140666421454
0.16410409272118454	0.15754848323392917	0.32368356781080926	0.2558225243338187	0.09884133190025815
0.15470058971896208	0.15639418069142016	0.31874143929697196	0.2684444594884251	0.10171933080422049
0.1714238858534745	0.1557316118920678	0.32363946699179025	0.24969287232470389	0.09951216293796333
0.16505756548909012	0.16236326156756822	0.313803139715324	0.2597684591305065	0.09900757409751099
0.16087113498198027	0.1544553888482253	0.3282800723183269	0.2554543726898882	0.10093903116157918
0.18347182673256124	0.156976708223216	0.30863299879983913	0.24920331874314877	0.10171514750123468
0.17320127399092078	0.15035496286032324	0.31350413992715975	0.2696933934018264	0.09324622981976956
0.1733007962620381	0.16309747173036965	0.31029738208828067	0.25510425297032724	0.09820009694898416
0.17900352321358953	0.15424049545551607	0.30979856836212516	0.260659663442907	0.09629774952586208
0.1669163928286157	0.14916003090530744	0.3229447613712929	0.2623068281199247	0.09867198677485908
0.16257400053181253	0.16366627918598262	0.31541582854055566	0.2611226825466576	0.09722120919499137
0.1671594634414108	0.15239952808554813	0.3123715395392551	0.2698188217127146	0.09825064722107119
0.1774342976012425	0.1563413849842366	0.32314660088715286	0.24968039183007518	0.09339732469729266
0.18405989298738995	0.16376310419189452	0.3099474207744335	0.24843015113961894	0.09379943090666287
0.1660371980212778	0.15095077405600466	0.3172228834389798	0.2688060429980027	0.09698310148573483
0.16497392677120226	0.16025735229096053	0.32945107776329974	0.25100573560984163	0.09431190756469558
0.1709226934872095	0.1597939454153058	0.31229917783858163	0.26113654171234646	0.0958476415465564
0.16521203782240548	0.15888783480855084	0.3173874817882112	0.2631286574004602	0.09538398818037205
0.1708621380541846	0.16272303843102676	0.3160589855821335	0.24983616203712475	0.10051967589553018
0.1682982263318567	0.16333597781704287	0.31807233860481676	0.25739661032663785	0.09289684691964561
0.16269438057326996	0.15924856824595843	0.32980729390292296	0.2526557882643895	0.09559396901345896
0.16133599454822037	0.16261669797572892	0.3250161837766563	0.2533314725203029	0.09769965117909124
0.18337213201665792	0.15691190878610656	0.31200226614820903	0.24969249464334714	0.09802119840567916
0.1774068518861381	0.1492320161640399	0.3228521926166824	0.25091169896799304	0.09959724036514633
0.18354492884701618	0.15805293780932167	0.3122834378445625	0.2530964596170183	0.09302223588208114
0.16681691074297317	0.14965429887045134	0.3294836927995983	0.2524152329403453	0.10162986464663165
0.1640716785376854	0.1580959338192901	0.3186579416131391	0.2627106251016179	0.09646382092826727
0.16428102647978873	0.16076973804670286	0.3125967429026907	0.263569454774166	0.09878303779665153
0.16854315277917803	0.16094929673328673	0.3217460017696343	0.2508270969450984	0.09793445177280236
0.17415015179899065	0.15226002081064405	0.31389108821314926	0.26089732181275804	0.09880141736445781
0.17134445077485239	0.15140508830401828	0.3169365456978316	0.26412435472169105	0.09618956050160643
0.16667697443014323	0.15299131380521144	0.3237032073886502	0.2637024538121131	0.09292605056388178
0.18141608426599706	0.15249439697559222	0.31863248320229254	0.24797287659663314	0.0994841589594848
0.1667102936473211	0.15363079826712028	0.32145192439551695	0.2564571631550013	0.10174982053504014
0.18363385107942468	0.15614979889398167	0.31810253423945223	0.24842561162634164	0.09368820416079959
0.1550700097801364	0.1586188114413122	0.31602373944549234	0.2689076355562922	0.10137980377676666
0.18158829192173365	0.15366280824380352	0.30883195430132104	0.2540396822189851	0.10187726331415647
0.18071371659350838	0.15253462100041143	0.3082966686390362	0.26190543651473763	0.09654955725230611
0.16052222728407323	0.15793052689335635	0.32486005444877863	0.256132602315939	0.10055458905785263
0.1691221693639387	0.15572033272931357	0.3178845306988982	0.2612565571068838	0.09601641010096558
0.18602150510218612	0.14907116547552943	0.31091417782123343	0.26065819306202453	0.09333495853902621
0.18081539315497522	0.16328613843018128	0.3075961783809623	0.2531853188440254	0.0951169711898556
0.16761310907906707	0.15991480997647087	0.32028163310027724	0.2527348202820116	0.09945562756217302
0.16596649748265696	0.1586120048145524	0.31658529825336396	0.25975216334024775	0.09908403610917872
0.1688240179720037	0.1494146415226234	0.31416441359925185	0.2686906561606366	0.09890627074548422
0.16108497264370222	0.1617153261570643	0.32582800174061427	0.25291877050482503	0.09845292895379398
0.1768826872328523	0.15460854786681352	0.30848441874404364	0.2593710707817994	0.100653275374491
0.1697619264805491	0.15075105039687686	0.32048402535996384	0.26140821139732456	0.09759478636528537
0.17696672501208327	0.152716776109471	0.32636639577725823	0.24873604326966553	0.09521405983152179
0.16629614986430713	0.16153366999713956	0.3230507688124695	0.25274910586884625	0.09637030545723736
0.15743875137588992	0.16220826442293784	0.32498732499276084	0.26090799553231264	0.09445766367609862
0.17497495366406066	0.15615694764471508	0.31859690887295466	0.2504824132574459	0.09978877656082348
0.16506222183768796	0.15177121751546085	0.32262111767472956	0.2617725921309906	0.0987728508411308
0.1626486054705376	0.16103655427230273	0.3142755757742768	0.2633551112416254	0.0986841532412572
0.17174359566660707	0.14883725638523945	0.3257027222134511	0.25273743737737203	0.10097898835733012
0.178548570774647	0.14880619659119892	0.3232272690170351	0.24838408685480473	0.10103387676231408
0.17743959280454213	0.15689780322507724	0.3177209741330317	0.24875843767712005	0.09918319216022864
0.1562794033654295	0.15705752713671506	0.3266432526368646	0.2670147490937383	0.09300506776725237
0.1825342125676895	0.15049380584064334	0.31070485606584813	0.2607631337134099	0.09550399181240889
0.16113008469424106	0.1593222057273544	0.31772396451009666	0.26667758411746656	0.09514616095084108
0.17092142433738722	0.16230436944231094	0.31711124016152326	0.2536141929380386	0.09604877312073976
0.17490352191321584	0.1534841208870718	0.32177600915342375	0.2547600577275155	0.09507629031877293
0.17456450013843286	0.14995429839249397	0.3229244985020224	0.25642326864536424	0.09613343432168633
0.17342982494788808	0.14981348719638643	0.3149642708164346	0.26554160937060417	0.09625080766868649
0.1657838439066593	0.16406910562479085	0.32049031056473487	0.2522296394565018	0.09742710044731298
0.17481409980520574	0.15464236689891003	0.3182305367863085	0.25297184150574237	0.09934115500383311
0.16810135594483086	0.15884176555852236	0.31406409205771124	0.26311513041620843	0.09587765602272695
0.17729806950025773	0.15430601501648952	0.31177395932223156	0.25566840971294336	0.10095354644807761
0.17782552411167213	0.1548921318689366	0.3255379890355521	0.24772583920470204	0.09401851577913695
0.17034977122170106	0.15173944438029469	0.31578776253898766	0.26691848023448855	0.09520454162452788
0.17121454955846424	0.15490006692969627	0.3113138259466507	0.2668576424528415	0.09571391511234706
0.16939714026841982	0.1541475982306652	0.32063388261867565	0.25508284422954297	0.10073853465269617
0.16688502191370416	0.1627185978680987	0.3168297712812794	0.2557172556623229	0.09784935327459462
0.1641817946107791	0.1625753305354777	0.31936444525232954	0.25722870669280323	0.09664972290861021
0.16193524361709397	0.15646801705789037	0.3201754445576843	0.26088641085393804	0.10053488391339312
0.1542738577381724	0.15794648702153208	0.3267610659142149	0.26103956466507844	0.09997902466100203
0.17306038338330693	0.15777167545254983	0.3090308283871659	0.26053713389051647	0.09959997888646066
0.16135921738837364	0.15651140658653714	0.3215557803340744	0.266607689822069	0.09396590586894563
0.16723663479895653	0.16412725905535153	0.3110666065810872	0.2558488219106522	0.10172067765395235
0.1746159861288708	0.15482019491500068	0.32464366232523334	0.249288889798646	0.09663126683224897
0.17328133554550626	0.15132803885093526	0.3272156357659714	0.25005386929315915	0.0981211205444277
0.17979486082122292	0.15662555450688032	0.31409710735761687	0.24983783905068316	0.09964463826359651
0.16030589275469614	0.1488532714600952	0.327137866542139	0.2664759395771945	0.09722702966587496
0.1585271486172488	0.1545717030077668	0.3253906984134324	0.26571620436348037	0.09579424559807145
0.1816017190707642	0.15253748978079246	0.32337356594903954	0.24864587572267424	0.09384134947672935
0.15912924662792738	0.15620801189849748	0.32743818678040193	0.2618444096422163	0.09538014505095678
0.15945934243736265	0.15433089732832628	0.31579813940961887	0.2690119746236635	0.10139964620102851
0.17236683785488982	0.16237492988139243	0.31376489191164025	0.2575171440957083	0.09397619625636897
0.16076677342120357	0.1551181115202998	0.3302338789761544	0.2589938173139726	0.0948874187683694
0.1853611399806448	0.16147153038125941	0.3087236878150583	0.2506236105762295	0.09382003124680774
0.15708643415098894	0.16040297702299733	0.31565518494346473	0.2684876854796799	0.0983677184028689
0.17377957715582648	0.15588983949965393	0.3096250614686172	0.2667487681526003	0.09395675372330192
0.18041847479033107	0.15313607778460223	0.30850264359896806	0.265010319336361	0.09293248448973743
0.160686878537103	0.16130584873248058	0.30965854308897534	0.268608402722799	0.09974032691864188
0.175564147100901	0.15126200685326124	0.316074130968229	0.26365812835789515	0.09344158671971337
0.16746638877127568	0.14971107458235966	0.3300428382770619	0.2526224023399887	0.10015729602931384
0.1753216284622547	0.1580244533095048	0.32011718645642806	0.24929787873504108	0.09723885303677114
0.15839580260170333	0.1528313465948603	0.3263201124483224	0.2678225701850885	0.0946301681700253
0.17388247368941065	0.15664054047578013	0.31706804173342973	0.25597456860089274	0.09643437550048649
0.18659250082364964	0.158815601738104	0.30919950600783086	0.24739740467230548	0.09799498675810982
0.15627185845620845	0.15578674443671278	0.3248869089374139	0.2648173005686583	0.09823718760100633
0.1650988853706297	0.15227638874333632	0.3247885263133494	0.2647350512626869	0.09310114830999744
0.16865951961070352	0.155039816362436	0.329293439285228	0.2508121096361487	0.0961951151054836
0.18462723199404824	0.15630309765137634	0.3101060911049977	0.24899784356735852	0.09996573568221903
0.17855084792130668	0.15974865029506344	0.31625377540921973	0.24934822376779714	0.09609850260661278
0.18310008961507168	0.14978282785534397	0.3111615020963305	0.25446130403180023	0.10149427640145345
0.15722920462290868	0.16184139726161345	0.31086761942178776	0.26975260975268534	0.10030916894100453
0.16551177528618927	0.16306304593879964	0.3195474608366162	0.252224342021441	0.09965337591695364
0.17612065982877184	0.1541905110391229	0.3190680004593551	0.2490850352768355	0.10153579339591443
0.16387392387333594	0.15651568899917243	0.3267262767654745	0.25637116149492806	0.09651294886708887
0.16166508118857859	0.16182636941670028	0.3253678025959795	0.2580419306784973	0.09309881612024407
0.16833048517744292	0.15014839611484737	0.32776497852226305	0.25342899881725645	0.10032714136819
0.1693831852267869	0.14989225082076907	0.31879729835887693	0.26578074941277485	0.09614651618079208
0.161840136442066	0.16055220334816542	0.32131676094873785	0.26200699016793016	0.09428390909310036
0.16751482396837986	0.1498009363149826	0.3224039019514591	0.26411939082634456	0.09616094693883365
0.1800532071688387	0.15843814761261768	0.30741535523404795	0.2554118251063703	0.09868146487812512
0.16172561965077653	0.15462030194942458	0.3207696484757003	0.2662108183555715	0.096673611568527
0.18086588372213722	0.15604762233991476	0.3217933378915096	0.24647373508784945	0.09481942095858875
0.16737110690427576	0.1558135854779167	0.3207245978083086	0.2573482370722939	0.09874247273720488
0.17359842034376366	0.16087812521115846	0.310093234825658	0.2572084357930169	0.09822178382640283
0.1750953994147956	0.15454741548866022	0.3262559324578291	0.24658579234533134	0.0975154602933836
0.16549339308305955	0.15498135982663733	0.31262416387046466	0.2650369048350843	0.10186417838475392
0.18011592397943912	0.15190599358714385	0.3238900309886537	0.24832152809764452	0.09576652334711862
0.177246360373351	0.1578667641901914	0.3185551355214463	0.248570013341903	0.09776172657310803
0.1556317779057896	0.16024817986746437	0.324270144970292	0.26692573874641123	0.09292415851004264
0.17533389368175603	0.1504006512941156	0.32719430666433386	0.25323564628205486	0.09383550207773944
0.16526680512598496	0.1597485418923839	0.32535994904884036	0.24972449574595973	0.09990020818683085
0.17597318495632325	0.1556227658028616	0.31340194099542373	0.2568451673168844	0.0981569409285068
0.16422788514305195	0.14939258998923344	0.3246956759921289	0.26291373214464514	0.09877011673094038
0.1831645676814688	0.16206483250003223	0.3075471240639276	0.2482346072598143	0.09898886849475685
0.1762802550600397	0.15448853913528449	0.31211408911515987	0.2601844912009055	0.09693262548861026
0.18177934958654557	0.16335170596401755	0.30916544569288285	0.2507524058920636	0.09495109286449022
0.16077541625902483	0.14914385603501396	0.3262395111532637	0.26652254647949675	0.09731867007320058
0.17180532622224087	0.1613200538912143	0.32613164369724623	0.2475107532390764	0.093232222950222
0.17573139167231222	0.15296277489827972	0.31615360744188403	0.2571286568024016	0.09802356918512226
0.18663862825466782	0.16035843875647726	0.3105228612787193	0.2495481967990338	0.09293187491110158
0.17968167497031778	0.1521597021698656	0.3102199210828436	0.2576730260311426	0.10026567574583019
0.16098044114540158	0.1551013855143919	0.3215864183240908	0.2685003646762401	0.09383139033987542
0.18433186821488848	0.15219119938887304	0.309341058870971	0.25384402789861804	0.10029184562664917
0.1628048299728937	0.1579605572733847	0.31604979856625276	0.26623628003570887	0.0969485341517598
0.1674447593514492	0.16169212170649636	0.31772716663228945	0.25734986393511705	0.09578608837464775
0.1701670131127637	0.15594738033305236	0.3091252390991447	0.26455071247449735	0.1002096549805417
0.1592395663827259	0.1591298944991682	0.3177850208424998	0.2655796008077189	0.09826591746788699
0.17694800840068342	0.1519729301168505	0.30952721638302566	0.26780912026777226	0.09374272483166798
0.15739772805182373	0.1632915716945872	0.32309699960922833	0.2555490151573427	0.10066468548701789
0.18473895752068797	0.15247033237760305	0.3126947527432113	0.2569219100163087	0.09317404734218876
0.15673568466285098	0.15059059096813895	0.3287547753502136	0.2628427938616987	0.10107615515709756
0.16883767613078454	0.14964816703911982	0.3243665363038394	0.2634821108916513	0.09366550963460478
0.16548523771666623	0.16120018769564004	0.3250256760978445	0.24826826637228502	0.10002063211756403
0.1805051133150825	0.14936005967351668	0.31649640707981236	0.2593581921262953	0.094280227805293
0.1721702608365853	0.15961141504422088	0.31294727098487507	0.2604192196141549	0.0948518335201637
0.1803477674965547	0.15936013452587733	0.3108126032664974	0.2494160285120886	0.10006346619898177
0.17318554128182653	0.16068583545075082	0.3206141517520692	0.24667505957998356	0.09883941193536966
0.16842447076696793	0.14902097801495093	0.3154950815967125	0.26886033712909035	0.09819913249227805
0.17486088733793514	0.15948871612232787	0.30744251689554764	0.258519082589741	0.09968879705444814
0.16034302838283876	0.16163247478396553	0.33050518249391214	0.2546363408446035	0.09288297349467986
0.16903584197129848	0.15954867210885493	0.3081820526438245	0.2625250505337101	0.10070838274231178
0.18004378749316818	0.1607131213226846	0.30993110864262613	0.25172289204215814	0.09758909049936274
0.18725857826333653	0.15359398767016183	0.3105620175465619	0.2522768794550698	0.09630853706486972
0.16684526251679718	0.16326142799077967	0.31292705387313224	0.2563720184337144	0.10059423718557634
0.16442512750279795	0.1637631923537163	0.31474708219782477	0.26141672115844106	0.09564787678721971
0.17842691878454225	0.1494318727087272	0.30828661473419605	0.26462810166391554	0.09922649210861874
0.1607706803700209	0.15488813705441892	0.3233398787169734	0.26123427337384664	0.09976703048473998
0.17082064416568304	0.1570439059982281	0.31878105280418234	0.2535129512418893	0.09984144579001701
0.1683454427349827	0.1633831475356312	0.3153506785759748	0.2600350471409668	0.09288568401244426
0.18369227282450112	0.16149489243693602	0.3109979067527284	0.2467275782951567	0.0970873496906775
0.17678884986416127	0.1550081365557613	0.31147978934506493	0.2580689197111916	0.09865430452382068
0.1700390527805517	0.15815717749853997	0.3207264700678003	0.25064188761871203	0.1004354120343958
0.18110791845659968	0.1541406914738576	0.3085124151781481	0.2559151719788023	0.10032380291259214
0.1709764496488238	0.15122486625416626	0.3182510699608143	0.266255460256965	0.09329215387923039
0.17461305143557102	0.1507936878215888	0.31956369231761494	0.258052814343123	0.09697675408210203
0.17649326970436435	0.15850323944374645	0.3136442186198173	0.2515340428992961	0.09982522933277557
0.15444560768701782	0.16015989574429	0.3235960992355455	0.2638940849439269	0.0979043123892196
0.17761167789251553	0.15118023239860098	0.32136772946279935	0.2536637162288843	0.09617664401719968
0.16366096869866764	0.15222733689588447	0.32085983948490493	0.26611992249428795	0.09713193242625481
0.15982060061460174	0.15959532857841985	0.3167707279746705	0.26479335183687835	0.09901999099542938
0.18210601315998337	0.15327928271642152	0.3086503635169472	0.25416844749061074	0.10179589311603696
0.16425331376854455	0.161249019711796	0.31488013673776766	0.2592347282310433	0.10038280155084828
0.15923722946486885	0.15501852211105321	0.3184041856199879	0.26957374534331424	0.0977663174607756
0.16447496245195367	0.15568834079500354	0.32946088025690334	0.2493927452226357	0.10098307127350362
0.17832842542068789	0.15495295143374466	0.3169425290580618	0.24861074649890708	0.10116534758859837
0.18607542378437875	0.15042396915565398	0.3158256897195203	0.2464711302803796	0.10120378706006716
0.16644238895326757	0.15613142941868308	0.3200015222562263	0.26158221838509826	0.09584244098672456
0.18216604721086532	0.15092320079189958	0.31908813640848255	0.2475763257463387	0.1002462898424136
0.1754865685586556	0.1571696787703471	0.3167170330525205	0.2550531947342213	0.09557352488425531
0.1760390736796664	0.16194832092771544	0.3138141199595597	0.25397482198086974	0.09422366345218852
0.17390211285575183	0.15536836971766438	0.3148848577748581	0.25490448585663333	0.10094017379509215
0.1805166528373897	0.16302542987574925	0.3115179720666941	0.24916581927491052	0.09577412594525618
0.15517088158383904	0.1571236957131089	0.3273705779084102	0.2626505985482353	0.0976842462464064
0.1643294312222389	0.15205177482033172	0.3247862319426678	0.26357872794656473	0.09525383406819668
0.17950242542750813	0.15208130793251687	0.31707640237200097	0.2547401624495723	0.09659970181840154
0.16015276487051497	0.15573085859745117	0.32256659866190723	0.26495205143246	0.09659772643766645
0.16665360883716407	0.15421476047084637	0.3219325906471948	0.25895619712236834	0.09824284292242619
0.18475720674573115	0.16224198628202197	0.3098884141927355	0.24836474293606686	0.09474764984344428
0.157261369769928	0.154930454407983	0.324251140164795	0.2671953514882937	0.09636168416900011
0.16179639663295467	0.16151732173598357	0.31463464640905425	0.2653231185489981	0.0967285166730092
0.1724158394154304	0.15562947489504836	0.32657677740408164	0.250737856540273	0.09464005174516646
0.16247088356085193	0.1614494311379771	0.31110292163694847	0.2635722896212301	0.10140447404299217
0.1583523954320467	0.16104523531870116	0.3159424704885503	0.2653293042758659	0.0993305944848358
0.18150110311411397	0.15077121385770154	0.31758502899905794	0.24941338309319278	0.10072927093593351
0.17538095084054664	0.1553561877865619	0.31463364215302014	0.25300974408093746	0.10161947513893364
0.18109131891840383	0.15854918710273458	0.3149774005824366	0.2490095393552602	0.09637255404116454
0.16776880922936618	0.1606343314535708	0.31671485322926807	0.25721587552339653	0.0976661305643982
0.16268360434643897	0.1566390139840938	0.32080458862141903	0.2601257934583211	0.09974699958972691
0.16590857377296367	0.15112365634935054	0.3257254787500886	0.2585837106415039	0.09865858048609306
0.1698814700809272	0.1605330572816857	0.3110563878654595	0.2619096020885926	0.09661948268333478
0.16417999982630851	0.1611095675533546	0.3256967371842565	0.25159119611803815	0.09742249931804198
0.17724170866450767	0.1508096171266408	0.3212676806140229	0.25073194855504954	0.0999490450397789
0.16737437729769955	0.1600025210615253	0.31187096402649006	0.2677850978643105	0.09296703974997436
0.178684936873051	0.15639947919979708	0.31016665987612313	0.2586622469248102	0.09608667712621836
0.16567027228596926	0.1539742522541332	0.31962051040757283	0.2651962223814957	0.09553874267082879
0.16590156559680322	0.15653184725686364	0.3244188669865512	0.25944747977381993	0.09370024038596182
0.18448299746832914	0.1490594456385736	0.31423857876814454	0.2592214444939092	0.09299753363104338
0.15790823494703754	0.1622914853912839	0.32619890308205124	0.2574975447448426	0.09610383183478452
0.16453955972031536	0.15225356183414163	0.3261487708554686	0.26415224086516126	0.09290586672491294
0.16777702652968063	0.14882688746568562	0.3247447150011183	0.2640825489534142	0.09456882205010106
0.16050488958820935	0.15837311538149956	0.3202557306772073	0.26238218402790375	0.09848408032517983
0.16874199488298913	0.1512346011125301	0.3194620212384508	0.2667918543075826	0.09376952845844715
0.15558069631625232	0.15748773982876196	0.31757217801911636	0.2698695484796709	0.09948983735619828
0.1652270260525975	0.16282352030114658	0.3188793842955035	0.2591436863628229	0.0939263829879293
0.16312453420063575	0.16237164671262533	0.3257215869756632	0.2472939117774324	0.1014883203336431
0.16343878187585276	0.1640056409180403	0.318847512886924	0.2575135579590848	0.09619450636009799
0.18526702085828398	0.15566653656527002	0.3084496373965941	0.25042944115634336	0.10018736402350835
0.1720129396226758	0.1547534414357897	0.309241714886485	0.26631537100560054	0.09767653304944879
0.16931443036810626	0.15473525879261063	0.31811133552675297	0.2642125620791591	0.09362641323337088
0.164130287035175	0.1584506110114598	0.31847472458986603	0.26478588117085633	0.09415849619264272
0.17356804379292476	0.15337485493460762	0.3153867750817762	0.25730130845195276	0.10036901773873846
0.1678580369200809	0.1619438374896199	0.3162634247312144	0.26084727359537524	0.09308742726370939
0.1784886517027541	0.16195119241830408	0.31401578491723803	0.2491116426429663	0.09643272831873728
0.15521295543161073	0.1618575133037396	0.3203312824705147	0.26953887171137186	0.09305937708276298
0.16650735619524232	0.1586221925007035	0.31214980004488463	0.2679881815569279	0.09473246970224147
0.1622069120998264	0.15511281110871206	0.32613521155184966	0.26344883810536596	0.09309622713424578
0.18257794692435142	0.14919867362830655	0.32102695261520126	0.25408492165392993	0.09311150517821067
0.17858550434285525	0.1548266465729055	0.31276537077444844	0.2568749458289117	0.09694753248087887
0.15764428688316423	0.15874895033316147	0.3144079171908321	0.2696533289070358	0.09954551668580623
0.18470658034945403	0.15253305985545695	0.31167992934573063	0.2512694859248103	0.09981094452454785
0.17661157992617818	0.15560089088306348	0.31604571697507633	0.2585701946991492	0.09317161751653254
0.17059708983623445	0.1491336286103969	0.3126609256353976	0.26888357295274273	0.0987247829652281
0.17337263647893772	0.1632396345657047	0.31022489604760356	0.25712016339131705	0.09604266951643677
0.17025299042095987	0.1512001180754194	0.31875978803613286	0.2644770506440123	0.0953100528234754
0.16517873062834057	0.16084804912134415	0.32829005857745186	0.2521481950244235	0.09353496664843979
0.17361118998531577	0.16361147249665287	0.3158532893889053	0.2511768190429252	0.0957472290862006
0.16236241831951548	0.1517941886517266	0.3229710993592112	0.2657828332204195	0.09708946044912706
0.17808616469877925	0.1588983516094991	0.3088923954182876	0.2567937965804883	0.09732929169294549
0.1688517159050822	0.15866581791408765	0.31212819610148257	0.2610024950207089	0.09935177505863854
0.17915743145550514	0.1561374454595535	0.3115563940866539	0.25607738974780003	0.09707133925048719
0.1703230138166755	0.15051551738494834	0.31148736340506006	0.2672392242947284	0.1004348810985875
0.17688457755155718	0.15283672260203224	0.31332102307518894	0.2610947949220863	0.09586288184913513
0.1780634056583884	0.15604425066497282	0.3077946858470826	0.26147587035014186	0.09662178747941408
0.1802653997778221	0.15359134313258674	0.3125171757750992	0.25174075260941553	0.1018853287050763
0.16915783145338195	0.15312428730054967	0.3278646137803162	0.25281515342116134	0.09703811404459065
0.16210289771660685	0.16019333433057126	0.3146956700645435	0.26897574095764737	0.09403235693063083
0.17170536219935983	0.16042153182386254	0.32088726549468816	0.2478903866351562	0.09909545384693307
0.16428358949007785	0.15173630576365182	0.3225390778119728	0.26226056364128564	0.09918046329301175
0.1659277925748694	0.159149460298751	0.31301388210654596	0.2649083045085295	0.09700056051130397
0.1555812440974035	0.16299305418360993	0.3299477849250002	0.25112462557165643	0.10035329122232972
0.17114922699544421	0.15134476826565216	0.3217596686562964	0.259144266630021	0.09660206945258601
0.17242879517994064	0.16074263651912915	0.3085474986706034	0.2636337758659695	0.09464729376435717
0.15862034299457295	0.15321757883882162	0.3210576873032729	0.2690143672398219	0.09809002362351042
0.18530312065606866	0.15068473417246872	0.3096234076638309	0.25309097715863227	0.10129776034899923
0.16595250670452313	0.15582398821515803	0.3145780214309557	0.2657924730524217	0.09785301059694126
0.1774126015830742	0.15365673111320535	0.31830109554336244	0.25704206645104466	0.09358750530931316
0.16888807899720693	0.15773225489628845	0.32190616101750746	0.2520452348423232	0.09942827024667375
0.18049110907302804	0.14934121291086025	0.3139444308909344	0.26329168482456594	0.09293156230061116
0.17556104139352285	0.15232300000122156	0.31773667602531547	0.2526192886178658	0.10175999396207411
0.16325422717348934	0.1628919800053132	0.31099149304775464	0.26435164053101606	0.09851065924242655
0.16269742627257947	0.160364955297283	0.3151871745334991	0.2688301687172759	0.09292027517936241
0.16417827117099218	0.16345789391489124	0.32177572933632825	0.2522804166191952	0.09830768895859299
0.1684043412095227	0.15623357553637843	0.31685823092674636	0.261223188469617	0.09728066385773526
0.1684070587973503	0.159559256702595	0.3220998290976847	0.25075131118891614	0.09918254421345368
0.1786366569032006	0.15348336100414803	0.31374972041216315	0.25530796622364416	0.09882229545684393
0.15601151225261467	0.16223110020559478	0.311488255356813	0.26979293305387686	0.10047619913110051
0.1611592920555158	0.16024313193481055	0.32393766929835915	0.2614592402685554	0.09320066644275887
0.18266330969529396	0.15127867951754473	0.3189171423807158	0.2503853637467348	0.09675550465971049
0.16927181205427955	0.1519963136761122	0.3166101699089454	0.2632276970383522	0.09889400732231052
0.18026661601905308	0.1527203628030492	0.32112393595927446	0.24790095611311874	0.09798812910550428
0.16734379122701123	0.15384625521480155	0.31586922668404305	0.2683612563460802	0.09457947052806373
0.15708178627531433	0.15695812151647248	0.3216539532418264	0.26545558885478115	0.09885055011160546
0.17509379789424007	0.15981552103754715	0.30889468501158684	0.2599567835502518	0.09623921250637396
0.17344937689397133	0.1536649619897626	0.31195958088698406	0.2610608605272702	0.0998652197020116
0.16770869950208422	0.16353101158091293	0.32222946054799373	0.25208692959164253	0.0944438987773664
0.16705475486259352	0.1524410835630413	0.32489658902547397	0.25675315545244937	0.09885441709644163
0.16473335267977285	0.15985672761284925	0.3194691231248085	0.2593092088490539	0.09663158773351532
0.15786175850593892	0.15264507895599339	0.323901608509953	0.26468555144680295	0.10090600258131155
0.17829819051830992	0.16399853761470223	0.30934175477361386	0.25354613374455176	0.094815383348822
0.159450002402525	0.15029246303734986	0.3300965605940414	0.26337452354900376	0.0967864504170798
0.1608805791193178	0.15422175020665094	0.32203082922959425	0.26793425251354774	0.09493258893088907
0.16554618660385126	0.15082463734839102	0.32393022756762657	0.25827018161992593	0.10142876686020502
0.1601596647007361	0.1553053061217586	0.3222062453391223	0.26696186887527734	0.09536691496310547
0.15943187492724756	0.15491254554659228	0.3282698862048835	0.26057930280320407	0.0968063905180724
0.1689687121224448	0.16394082632915719	0.3078843543477241	0.25863939440766404	0.10056671279300969
0.17142807861854126	0.15232566185159377	0.3208750914276504	0.2607710947597942	0.09460007334242013
0.16048919245949328	0.16410577335857143	0.31986178821274286	0.2567266075340082	0.09881663843518403
0.16424816384954838	0.15444107855756464	0.3164047182724635	0.26515069826134874	0.09975534105907452
0.1782812426982781	0.15251172419145442	0.32335754388144455	0.2523036254682489	0.0935458637605738
0.16442937950504904	0.15528420591573397	0.3300166121855481	0.24877802327562168	0.10149177911804695
0.16934847390382401	0.14981287736216317	0.3258531405967308	0.2614847023294519	0.09350080580782989
0.16455783489774042	0.160769062321662	0.32873226413682366	0.25230034336451346	0.09364049527926027
0.15668441565587513	0.15506649355826205	0.32595148002084	0.2639475080390348	0.0983501027259878
0.1702360368335725	0.15314080189254414	0.3174083052200415	0.2646290495765966	0.09458580647724509
0.17740590517120108	0.1590487382746525	0.3127451651218824	0.25515172116612017	0.0956484702661437
0.16075083897396708	0.15494549569472088	0.3257995267290462	0.26176906273586553	0.09673507586640012
0.17223515675130596	0.16026953440200375	0.31340705304348077	0.2575375151910421	0.09655074061216713
0.185847123271466	0.15218579485315897	0.30800329927999437	0.25351252995709	0.10045125263829041
0.17115189654265917	0.15620446041874908	0.3244957290550254	0.2505139079710984	0.09763400601246774
0.17279519597688056	0.15852449349644793	0.3257090970795319	0.24700234435711804	0.09596886909002139
0.16422667666640411	0.1564165206572256	0.329216105384513	0.24896430389286978	0.1011763933989873
0.17641610871244867	0.1593483164187405	0.31269647081912333	0.25060810046002674	0.10093100358966055
0.17982733126045555	0.1490304576564248	0.32190097127790057	0.2502409298080149	0.09900030999720394
0.1720917280803848	0.1519764624412013	0.31796469188740295	0.26419694637598207	0.09377017121502862
0.1736739462622489	0.15320615517674763	0.3120935042428581	0.264119879407944	0.09690651491020114
0.18111836464163655	0.1551599949907337	0.316437063467796	0.25328669895541156	0.09399787794442194
0.1734430599571931	0.16157152032290742	0.3230429239436172	0.24790830868943797	0.09403418708684404
0.1837153335019141	0.154278879472383	0.31428065685200135	0.2546641535544383	0.09306097661926305
0.16817747636362956	0.16309166205092107	0.3072861681558652	0.2614786925527391	0.09996600087684485
0.17495060600271478	0.14883231979369546	0.31057157417637477	0.26958441469294747	0.0960610853342673
0.16635546515495328	0.15450446152965225	0.3241137360490604	0.25850966577155365	0.09651667149478019
0.15661655122280957	0.15951972301246514	0.3143066008246572	0.269583453265403	0.09997367167466484
0.1584407237629384	0.1512167567426233	0.3276222645172739	0.2672322079497366	0.09548804702742754
0.17959927354857563	0.1572159263890311	0.3110692445830742	0.25620349997584	0.09591205550347882
0.1642923673181511	0.15450672450810818	0.31675182492555115	0.2635229770659654	0.10092610618222395
0.1693758787275588	0.1543427435945359	0.3208522714425797	0.2562172713297786	0.09921183490554678
0.17410470613668091	0.16137877960477476	0.32120928992212505	0.24996469997870038	0.0933425243577187
0.1725384525102493	0.15774839724690776	0.32115851125219436	0.25150791716304066	0.09704672182760771
0.15439544785868337	0.1493663637947995	0.32893176113661116	0.26862054586406126	0.0986858813458445
0.18367150112490405	0.15418854438096516	0.3145595748788017	0.24673265078836007	0.10084772882696882
0.15682171121014754	0.15053852518877264	0.3277203021733036	0.26880559877375343	0.09611386265402258
0.1796871662579064	0.15649785729770999	0.31835266451841765	0.2487594899188857	0.09670282200708005
0.15407857062434685	0.15982911923101095	0.322648941954274	0.26961024269711936	0.09383312549324861
0.16810261107537053	0.15190784411181654	0.33043733582628	0.24875825822294967	0.10079395076358304
0.16354813771178464	0.14891063848615732	0.32178825443425607	0.264978672592968	0.1007742967748338
0.1765525358990347	0.15000418987301684	0.325199245300837	0.24861987181570486	0.09962415711140644
0.18274351536338423	0.15204369178895624	0.30770865921600504	0.26061736012296827	0.09688677350868599
0.17267627937385233	0.15998244024775576	0.3124515779280839	0.26115034172244245	0.09373936072786532
0.1537591690583292	0.14956751091053241	0.3281831643276739	0.26715670784011086	0.10133344786335344
0.1595163516989764	0.15260040751495804	0.32243079728003593	0.2654988095528257	0.09995363395320375
0.16459193749139361	0.14914596062068816	0.32366126850037913	0.2626925882026038	0.09990824518493503
0.17985597340987292	0.14961966198404736	0.31046622014961367	0.2668550249535276	0.09320311950293826
0.16271248557437032	0.15415939196623735	0.31531355584454696	0.26748215970975764	0.10033240690508749
0.15543550139964285	0.16413534622329945	0.3248563581912026	0.2599970264085527	0.09557576777730223
0.1815780518730155	0.15139091511725272	0.3177856836014318	0.2511425755289115	0.09810277387938823
0.16551054412680782	0.15298038872344671	0.31904609114222837	0.26600785296839713	0.0964551230391198
0.18009356629045387	0.15629422075055613	0.30739847386225844	0.2624399423366818	0.09377379676004957
0.16644319786639963	0.16195749117818697	0.3138915791090095	0.26452599784075115	0.09318173400565258
0.16187709145508197	0.1599633223526642	0.3299219122903068	0.2527354260842224	0.09550224781772444
0.18170459788167342	0.15459207362720387	0.31194605231951944	0.2536105146969156	0.09814676147468748
0.15929404756345064	0.15738891818054318	0.31958620149120415	0.26660032403815986	0.09713050872664196
0.16258615922979627	0.16299295814625148	0.3223281308508302	0.25325148389930335	0.09884126787381853
0.1705791962732675	0.15505165982879854	0.3279319734931682	0.246682655217455	0.09975451518731052
0.17149666244087858	0.16117476493882654	0.31305065029491275	0.255159935725679	0.09911798659970288
0.1720887727924453	0.1575861434506089	0.3222174215283409	0.25158358063260156	0.0965240815960032
0.18348501656290428	0.1498895520267823	0.31082514253133214	0.25945036923981035	0.0963499196391707
0.1730607031772415	0.15385165945557971	0.32730288832005916	0.2505343648937484	0.095250384153371
0.17636128606950177	0.15487522945391405	0.32185740880478675	0.2524343411930336	0.0944717344787636
0.1737548359466998	0.15141941575317003	0.3245933778148156	0.2526768717915134	0.09755549869380092
0.18400141038579523	0.15033346084337113	0.3122450823014356	0.2569475879469375	0.09647245852246027
0.1659815254579691	0.16303763588013157	0.30977771536091164	0.26131276514089447	0.09989035816009303
0.1645702569999951	0.16349845908764887	0.32623169558572107	0.25164156446355035	0.09405802386308439
0.15354115305848026	0.15197522187886017	0.3285163534083717	0.26656659525557136	0.0994006763987163
0.17014598588556396	0.15346258279490999	0.32781514536108136	0.24932436731722066	0.09925191864122382
0.16236421959612443	0.16231133835237793	0.32314100112430777	0.2515488509748135	0.1006345899523762
0.1652581243660698	0.14923085601935004	0.3244684321209775	0.2611819348452297	0.09986065264837277
0.15750277648930264	0.1540459961401909	0.3286876892516464	0.2610487530088153	0.09871478511004457
0.17914177548811638	0.14901556910531094	0.31134192735111843	0.2668080633879239	0.09369266466753018
0.16605492477567857	0.1587548958286836	0.32671574250620694	0.25381501899363085	0.09465941789579983
0.17470643038222977	0.15697312529377433	0.30818469893234124	0.26634691690250667	0.09378882848914781
0.16452532693476898	0.1612429311726063	0.31397198046070546	0.2631106380149009	0.09714912341701813
0.1835777671706878	0.1540120137493818	0.3156561023984575	0.25235189873165015	0.09440221794982255
0.16181041597904594	0.15398054935544644	0.32009882007623747	0.2692050395454076	0.09490517504386237
0.16418415694869803	0.16031726312798467	0.317113235010239	0.2640695748243759	0.09431577008870223
0.15416881301435342	0.15604168419207506	0.32426490598523516	0.26408454601498826	0.10144005079334789
0.17422603889101015	0.15637650924639818	0.31605174606865705	0.2593550206995008	0.0939906850944336
0.16761228475879278	0.16273941986476897	0.31665784739000596	0.25478555183590984	0.0982048961505222
0.1853366934954617	0.15826235512701495	0.30933261272983015	0.25162065278649537	0.09544768586119762
0.16932903058057508	0.15314895943069384	0.31423592190714633	0.2673371116728821	0.09594897640870245
0.1829480818641271	0.14999009187064166	0.3113521246060894	0.25866131864569436	0.09704838301344723
0.17877712228697867	0.16073430248338516	0.3087956178068963	0.2561639825225572	0.09552897490018253
0.182501702046275	0.1536909181870933	0.31192706550368277	0.25282562955593807	0.09905468470701065
0.16088740838596846	0.15464911514857776	0.3219169087573057	0.2665084232298489	0.09603814447829899
0.16940014246090582	0.15214845105491184	0.32807692322395465	0.25086030217098554	0.09951418108924188
0.16280222798498292	0.15688428561160206	0.3193284006566986	0.2633243201622498	0.0976607655844664
0.1790694777377071	0.15225856439171048	0.3234337078448264	0.24643242333242224	0.0988058266933336
0.15886654369585435	0.15134348193995278	0.32170720746053133	0.26965919210460687	0.0984235747990545
0.17787522931208027	0.15059506714569487	0.3145263778958637	0.2584299660077863	0.09857335963857466
0.1796529594180036	0.14916693975787726	0.32230880108976956	0.25285881719950104	0.09601248253484834
0.15889214986239938	0.16286233428952174	0.32494200971716497	0.2600188466202595	0.09328465951065429
0.17250833163509705	0.15659699830587287	0.3125753316028764	0.2632822740051758	0.09503706445097762
0.16476537764815452	0.16302311042720402	0.3158333143057515	0.26332062973819126	0.09305756788069847
0.1591012586634697	0.1589288278118079	0.3150198597038638	0.26599929460797633	0.10095075921288206
0.15820285963678873	0.15470698491799775	0.324861020467343	0.2681635430607946	0.09406559191707568
0.15662106567542708	0.1526664940440837	0.32701935240048036	0.2630880576983255	0.1006050301816832
0.15429662273697314	0.16303670839811862	0.3288723009216923	0.25629084706383737	0.09750352087937837
0.16538612802692262	0.16304347014681964	0.3286127773349342	0.24755873251098554	0.09539889198033778
0.17588329105045614	0.14933014420762392	0.32281185316800665	0.25383866557573015	0.09813604599818293
0.1634124183123233	0.15418250267274886	0.32730469599265233	0.25386461079245937	0.10123577222981592
0.16700091988613458	0.15830435469352985	0.3127697079804158	0.2635151828792548	0.09840983456066481
0.1819536540149163	0.1490430227438992	0.3119369842059174	0.26402973602878066	0.09303660300648617
0.17683457659543117	0.15503745349613968	0.3112026583661624	0.25949384374870643	0.09743146779356016
0.15796026391564522	0.16260658608516193	0.32805956349886173	0.255148840261513	0.09622474623881792
0.17059949271446329	0.1520364333976909	0.31469267296728626	0.2684046002232223	0.09426680069733705
0.1791196645640044	0.15621403871731396	0.32117812228772663	0.2502531923002754	0.09323498213067942
0.1826342126193341	0.15147800231902	0.3244402175924482	0.24724101912827628	0.09420654834092118
0.18455014318391305	0.1543431301083213	0.3146609666134259	0.2495355466121379	0.0969102134822017
0.17883284817830825	0.15171818302781614	0.31146226592539417	0.2624378762011569	0.09554882666732435
0.17512716962237596	0.1605656997342871	0.3132466233991089	0.2543745023026068	0.09668600494162101
0.17278716665421773	0.15367647733381273	0.32280751919372347	0.24892113467750407	0.1018077021407418
0.15460525033548742	0.15887149208902518	0.327385479858202	0.2601989468840187	0.09893883083326648
0.1634884818462257	0.15668055577309925	0.32814793427195077	0.251332921038533	0.1003501070701911
0.1542131675219905	0.16246347606795267	0.32386745936983163	0.2581495085845944	0.10130638845563059
0.16046864164728517	0.15391488672781975	0.3253193611322781	0.2609382381933142	0.09935887229930263
0.17724156397484908	0.15798354410371648	0.3214052683101799	0.2482637867097675	0.09510583690148675
0.17154142803142763	0.15877422496405505	0.3226772522639708	0.25094766201993485	0.09605943272061143
0.16979919368657515	0.15337666123615867	0.32742773498458144	0.25566490687362275	0.09373150321906182
0.1795212064528569	0.15414010701637895	0.31044056636456413	0.2607590836344075	0.09513903653179231
0.16510242954732635	0.16214999263871888	0.3289409712552044	0.24937831728072918	0.09442828927802097
0.16047897492777297	0.16268412945708483	0.31713691128647625	0.26638435752553247	0.09331562680313327
0.16100518006727904	0.15117708544390512	0.3300071708747008	0.2606127567045445	0.09719780690957044
0.1726592065700726	0.15578347797583522	0.3104172189274031	0.2637303055156826	0.09740979101100626
0.16835170714611533	0.1546140248595541	0.3158727892692441	0.26113587429587287	0.1000256044292134
0.1591481892631899	0.16372412728327013	0.31677142310361606	0.26384203130102657	0.09651422904889714
0.16020358469005744	0.1583948439435845	0.3204309954315699	0.26335658233701836	0.09761399359776961
0.18269106327603216	0.15025465127703272	0.31075641107135843	0.25629566830511474	0.10000220607046176
0.1588630499016804	0.15388759334128937	0.32429539499363397	0.26524108526667056	0.09771287649672548
0.16375985477582491	0.15634030508648286	0.31875938533066606	0.26251804759645203	0.09862240721057398
0.1788691195307796	0.16403494865664614	0.3155416652366872	0.24765287804174801	0.0939013885341388
0.17132498706801655	0.15017757595284933	0.3218328569381549	0.26358261665669125	0.09308196338428779
0.16165089125667853	0.16075539525038718	0.32000379264642836	0.259412741460864	0.09817717938564169
0.16251628182037725	0.15491490549287468	0.3254975317292871	0.255839902239811	0.10123137871764971
0.16098875213099287	0.1549709684188	0.32582704581315886	0.26125393159825655	0.09695930203879151
0.16585589281211643	0.15548369528056052	0.3295746040917006	0.24984204915651054	0.09924375865911175
0.174110060475062	0.1563124837660276	0.3098033692114998	0.2577979844894721	0.10197610205793825
0.16034113600820502	0.1489842434404694	0.32221979935209744	0.2666548085961754	0.1018000126030526
0.17151768451705837	0.1496501798402793	0.3288740836794651	0.24800530469658869	0.10195274726660833
0.17191956701014083	0.15074530389866536	0.32183592880664696	0.26192670454685923	0.09357249573768742
0.16437563378644587	0.1539477732464413	0.3224313257395961	0.2576555030020386	0.10158976422547793
0.15893480793863307	0.15520731323861936	0.3305130391574175	0.2618870086087331	0.09345783105659672
0.17086309507631917	0.15099651436082523	0.3141421078332735	0.2651232802638296	0.09887500246575229
0.18282402337736792	0.15159410350106323	0.3082602247970533	0.26015703447939487	0.09716461384512051
0.15677016115922393	0.1638887750059702	0.32577765921958757	0.25712136006707775	0.09644204454814032
0.17571089281706698	0.1555545242353728	0.31603556339485533	0.2546352604282036	0.0980637591245011
0.16368341850418677	0.15319912204064623	0.3177099502540816	0.26432900990253355	0.10107849929855159
0.18349040841770833	0.15014893458849954	0.3181798925038069	0.2512371502360119	0.0969436142539731
0.1834086526314759	0.16185733905416455	0.3130437971183514	0.24703733629479915	0.0946528749012088
0.15514549643600106	0.1578920880444093	0.325296068238519	0.2671743743470856	0.09449197293398494
0.17087194251445045	0.16089146131698503	0.3095460424698845	0.2646733688024319	0.09401718489624791
0.1667410114538582	0.14980603772722223	0.3147588076391038	0.2696119744101898	0.09908216876962578
0.16946122617274942	0.15278447858892968	0.3208583548897904	0.26109828148513015	0.09579765886340016
0.17281941951006857	0.1579978675971481	0.316438385838426	0.2538621387044802	0.09888218834987697
0.1767450246263177	0.15361677997111173	0.3095826516368203	0.26563949610862453	0.09441604765712559
0.17334237471989833	0.16043075351146313	0.31738952996261266	0.24976663353117112	0.09907070827485456
0.16479060268442514	0.15259650199452465	0.3269842357903959	0.26075142960489966	0.09487722992575437
0.16093930929286754	0.1537358826231192	0.3192458828925949	0.2660172785410472	0.10006164665037093
0.18039869727755642	0.15693523177443566	0.31068932525132625	0.25619700518790417	0.0957797405087773
0.17384982257500275	0.16406119637096897	0.3081734865531853	0.2594521441070691	0.09446335039377358
0.16904837820166443	0.15397277475186052	0.3215624666086935	0.2567842471237312	0.09863213331405019
0.16497534225771837	0.16072124523338271	0.318101833465217	0.25824421948106	0.09795735956262168
0.17329759935138767	0.15282426148649614	0.31217710547855004	0.2615466803054001	0.10015435337816585
0.1615431815528159	0.15647167435978304	0.32794526835468635	0.2610019014652026	0.09303797426751192
0.16634458757369422	0.1545084575579922	0.3160450092689242	0.269732791130694	0.09336915446869518
0.15949616803904842	0.15070173906840706	0.3293285416545244	0.2610420751673875	0.09943147607063241
0.1732944240952202	0.15808395413295848	0.3083273866565081	0.2605882564727915	0.09970597864252154
0.18468050109619122	0.14890220190448722	0.31213195533887544	0.2570553701534888	0.09722997150695714
0.17164611371289454	0.1497633642815671	0.327321816738736	0.2503211803205414	0.10094752494626075
0.16035368151109763	0.14895112345598438	0.3303572281873794	0.26381764117956685	0.09652032566597157
0.16264189201438634	0.16027368686029483	0.31643008337952294	0.2639226420780971	0.09673169566769858
0.15785324999899825	0.1507205063451681	0.3241744229773103	0.2692339671577327	0.09801785352079045
0.17063644854429938	0.15231118386697728	0.31422801699781955	0.2672320943098033	0.09559225628110024
0.17020332364743765	0.15331466426472815	0.32315747200860834	0.25928236828908036	0.09404217179014535
0.16064007454190485	0.16385004107553475	0.3151524318802935	0.2640081905776062	0.09634926192466048
0.16362430817153095	0.1617262437951482	0.3179764206276095	0.2570404462080665	0.09963258119764468
0.16672415609612862	0.1606842144695693	0.3124180204734525	0.2582611038457878	0.10191250511506161
0.17299975251066452	0.15522583221347336	0.32019636932070583	0.2511871337489817	0.10039091220617437
0.17178657913344628	0.1623595532545036	0.317502828764066	0.2540476274397897	0.09430341140819418
0.15623708989838614	0.16338736854487457	0.3191070837505739	0.2649625778617785	0.09630587994438672
0.15453145849549635	0.15457699057614602	0.32568951444584326	0.26611575017627737	0.09908628630623681
0.18090288549805228	0.1528031426811085	0.31083913183489886	0.2579401516270473	0.0975146883588928
0.17558943212286024	0.15748010553039637	0.31692386099187836	0.253385425658553	0.09662117569631179
0.18684110419325733	0.15705379104362752	0.31259802747213183	0.2502589918895727	0.09324808540141041
0.17426805055316139	0.16152503463391826	0.308030070608689	0.2553953635492692	0.10078148065496194
0.16446237401586333	0.15559037897770506	0.31786186976531866	0.26067221490043346	0.10141316234067926
0.1811022472633533	0.15973471033623735	0.3133565128230784	0.24660856701410142	0.09919796256322934
0.16491391680580775	0.15207898333861308	0.3175953119931427	0.2648862468681026	0.10052554099433361
0.15858900411355634	0.15704215391740817	0.31840322847002017	0.2666916839855945	0.09927392951342058
0.1768635335760973	0.15331849883464144	0.3270052429496394	0.2477620342852827	0.09505069035433893
0.1643577373120482	0.15704960745989635	0.311225890821641	0.2675724117393618	0.09979435266705244
0.15560352309679554	0.15367610090582295	0.32604702511787137	0.2646737681064803	0.0999995827730297
0.16447194692696215	0.155672651224586	0.3172275025585223	0.26151825213827823	0.10110964715165109
0.1570809525516333	0.1577579707042254	0.3242144819199553	0.26634832815409215	0.09459826667009369
0.1830830079718907	0.1542069516151292	0.3114626997449301	0.25131080364527825	0.09993653702277153
0.1846177986047059	0.1533949969209746	0.3142788270157122	0.2493971231612065	0.09831125429740056
0.1838258422811047	0.155858291195535	0.3116676230985349	0.24999505902286334	0.09865318440196189
0.17307791684610818	0.15727451417712668	0.3127797526749596	0.2549415717346699	0.10192624456713538
0.1683935319490547	0.1526765424677958	0.3149409059086896	0.26456326938068425	0.0994257502937754
0.15871266764799313	0.1565953996375016	0.32076681753583386	0.2655006587570077	0.09842445642166352
0.16016937789500152	0.15392815057225773	0.3242911614297622	0.26312125389163654	0.0984900562113418
0.1717074726241686	0.15248208842226355	0.3197915216727048	0.2605454742940746	0.09547344298678823
0.16940961940841556	0.1589265369406243	0.3087372874221699	0.26484449912502916	0.0980820571037608
0.17483324900128605	0.15251739945463935	0.31768411801416063	0.255376959401386	0.09958827412852775
0.16913217175612655	0.16390188274450312	0.3075325426455121	0.2626444754609517	0.09678892739290629
0.1571769958384783	0.14938561236543757	0.33014071327651107	0.26327735026330523	0.10001932825626764
0.16364841090524246	0.16165845065603265	0.31001024901213947	0.26489878798700517	0.09978410143958008
0.1795989588804408	0.1511539053845497	0.3101346369684727	0.266140933374305	0.09297156539223159
0.15511716048623736	0.15860576012754696	0.3236596717503931	0.26429227616069273	0.09832513147512961
0.17332185863451594	0.1489153472013588	0.3140510925207029	0.2684511158043492	0.09526058583907297
0.1869571125181833	0.15072863911933315	0.31355566659472045	0.2502066518195658	0.09855192994819709
0.18596071161175085	0.15939762807268731	0.3104426207687111	0.25010747521099286	0.09409156433585768
0.154926245045998	0.15556282840632893	0.32794612677804585	0.2685172254342454	0.09304757433538163
0.18436956101570356	0.14907747733840482	0.3129825944547976	0.25299080986563494	0.10057955732545887
0.1640199395749362	0.1510916103076284	0.32426026543354525	0.2654239948370684	0.09520418984682152
0.17929277234775953	0.15030054954270336	0.31495410042762584	0.2625257125296808	0.09292686515223025
0.15925378047798766	0.15571266770152994	0.32180401860888463	0.2683442449259427	0.09488528828565485
0.17085558922141453	0.15448391314483192	0.3222690938640258	0.25322886518007537	0.09916253858965217
0.1769404041288898	0.15494001332167953	0.3164573953279569	0.25423752094010904	0.09742466628136454
0.1810797061636421	0.1567374111217638	0.3104895509477439	0.25833757662783985	0.09335575513901014
0.16724354105711078	0.1539956514027746	0.3211028801181652	0.26331504137010714	0.09434288605184213
0.17927591991183953	0.15960193427887343	0.31061341960181404	0.25410340873952697	0.09640531746794585
0.16196626072904924	0.16282018804077802	0.3290282900120286	0.2517142859714062	0.0944709752467378
0.16727222278710524	0.1549078116921821	0.3218820215851104	0.2606808814220047	0.09525706251359732
0.1720305110866985	0.1594361171480506	0.30773315064719287	0.2632905635657097	0.09750965755234817
0.18630178299418673	0.1494235899717294	0.30746456280539874	0.26253911620320636	0.09427094802547861
0.16917656099922712	0.15415139695182462	0.31781622846649416	0.2610385535978498	0.09781725998460411
0.17044957995707394	0.15706712965180625	0.31608927811366344	0.25998767469856265	0.0964063375788935
0.18393555234595593	0.15592402717651868	0.3086493350111187	0.2582142410840519	0.09327684438235458
0.16355880304281512	0.15051001433804015	0.317456728126963	0.26800667676851747	0.10046777772366403
0.161108960472656	0.16079564552532868	0.329225506326019	0.25196277074301343	0.09690711693298268
0.17243820809700275	0.15132889582095566	0.3127761455137048	0.2665424263763887	0.09691432419194786
0.18317658466035638	0.15709858049414244	0.31064984525306744	0.2543562532646826	0.09471873632775094
0.1689888831687805	0.156800968873576	0.32620897949352134	0.24959670569208212	0.09840446277203987
0.16862133816422875	0.16236143979692458	0.30917501232138794	0.26064275296815453	0.09919945674930403
0.1714205049321288	0.1579492902825556	0.31979585565132407	0.24978174398661343	0.10105260514737793
0.16465001083858377	0.15590291629404165	0.31770690923169953	0.2626847692221686	0.09905539441350619
0.1683230917965579	0.15116864824156703	0.32898156990162497	0.2578198647719435	0.0937068252883064
0.18050240566476605	0.1532397879485279	0.31579612967425097	0.25373079177886254	0.09673088493359233
0.18130414129440764	0.14958357265912772	0.30933960300299956	0.2614068259127819	0.09836585713068292
0.16355026861109134	0.1593685499347692	0.314179008663935	0.2631823142724518	0.09971985851775247
0.16704706236237749	0.16363917907528308	0.32125389563278545	0.24687624767569896	0.10118361525385486
0.18053694784369315	0.15993110167872532	0.30767612758237184	0.251523287688111	0.10033253520709845
0.17466497699344957	0.14982369345725857	0.32421124205570684	0.256245088792286	0.09505499870129883
0.15633464953804438	0.1622288019238508	0.32920803278563004	0.2536629283837723	0.09856558736870227
0.16439395330552958	0.15737267372669428	0.3238352495393434	0.26060073388406446	0.0937973895443681
0.1709064842359286	0.15430282954929325	0.32050976708377066	0.2577494478609765	0.0965314712700308
0.17170163331071733	0.15447366591912698	0.3263514977262928	0.25244147846070975	0.09503172458315293
0.1839798586047016	0.15327962905621334	0.31943689082106375	0.2465457675383604	0.09675785397966075
0.17895308079365693	0.15684402355854588	0.31123645333421607	0.2585346460949852	0.09443179621859564
0.17349034732999602	0.16263199277736134	0.3137210293579799	0.2547464386835862	0.0954101918510763
0.17086711997832976	0.16386730889014933	0.3096924815112697	0.2556656235708861	0.09990746604936487
0.1672968443633761	0.15491771924270875	0.32052596268464484	0.26362237140704387	0.09363710230222624
0.15843531468973635	0.15294626499888186	0.3232729711893277	0.2698724372242399	0.09547301189781399
0.1799450903586897	0.1557486221086492	0.3114375731234849	0.25944249839758565	0.09342621601159032
0.15893073013364245	0.15286519590064399	0.3224025243875316	0.26707755719147896	0.09872399238670278
0.17385706038157117	0.15147869826987545	0.31027339064771253	0.26538688094347235	0.0990039697573683
0.17352707131504205	0.16163657214597776	0.31413023504755305	0.2488129544625143	0.10189316702891264
0.17426079871055983	0.15706035546979324	0.3095134593965316	0.2621553328742886	0.0970100535488265
0.15784507198572179	0.15326046121154893	0.32925653961866064	0.2611805195973561	0.09845740758671227
0.17426157206121404	0.15616647656053378	0.31505425912538687	0.25749719262700677	0.09702049962585829
0.16017233313657323	0.1531965545724016	0.32943773033520873	0.25898288968563005	0.09821049227018616
0.18248658381378507	0.15083813905386123	0.308741316248596	0.259090065778144	0.09884389510561353
0.16928309097712324	0.16006393750087733	0.3245960686794231	0.25183855029460034	0.09421835254797581
0.16341999699190016	0.15769030185152474	0.3251671951076516	0.25781758440530606	0.09590492164361729
0.1701166277785859	0.15692207273963785	0.32049826195537373	0.2540822665730029	0.0983807709533994
0.1603825538452108	0.1545085946989247	0.31608619389015613	0.26709239504132737	0.10193026252438082
0.15868321116413936	0.16236589201799312	0.3190880519205308	0.2630470023481176	0.09681584254921888
0.1768900430620824	0.15345101868991357	0.3224785799505858	0.25067258405533493	0.09650777424208311
0.16352597368509816	0.15522110061664432	0.32452627183275873	0.25597755174610554	0.10074910211939309
0.1619704585857358	0.15184367589329711	0.3281938455841181	0.261500768705126	0.09649125123172271
0.15564643730985814	0.14962039875179628	0.3235565031233326	0.269745645250148	0.10143101556486482
0.17160195567698078	0.15519222781639763	0.3302371919122492	0.24946288578728004	0.09350573880709212
0.16465033205054258	0.16125879461720138	0.31284512049185886	0.26128950874792056	0.09995624409247642
0.1672545236292754	0.14961515517245913	0.3260148460544403	0.260726116066312	0.09638935907751295
0.17957666343212725	0.1513838791777809	0.3204297937834792	0.2557343323165443	0.09287533129006814
0.16842051492641347	0.15461159500035584	0.3289393578369242	0.2548528854072722	0.09317564682903416
0.15515704074235764	0.16024195954356835	0.32586975026329923	0.2575538300511947	0.10117741939957989
0.16785523451324097	0.1527004193412057	0.31033535631828085	0.26730213330485564	0.10180685652241664
0.16380067620345168	0.15573265860889646	0.32546963381790983	0.25306614993775906	0.10193088143198276
0.16161027842001693	0.14968183604776458	0.32767672526256797	0.2606795613313231	0.10035159893832724
0.18535861446047308	0.15937799470028177	0.3095900900075756	0.24779319325609078	0.09788010757557855
0.16317616964797554	0.15539882269093894	0.32944604922245	0.2533366673325203	0.098642291106115
0.1743742818879497	0.15109656849748726	0.31575840090152485	0.2572885642568551	0.10148218445618291
0.1820732884268047	0.15143864965096857	0.3120776492223907	0.25943911929502095	0.09497129340481492
0.18475291817575945	0.15533753510669562	0.3086498574635312	0.2549302648258891	0.09632942442812442
0.1665618387200435	0.16052590727482746	0.32988410615047337	0.24983701939731912	0.09319112845733639
0.17291352293616832	0.15972270537973343	0.3089024787896538	0.2603987535360871	0.09806253935835713
0.17028916211199932	0.16225545931152419	0.31056083416112057	0.2606072006245823	0.09628734379077346
0.16300598161370947	0.15382444187061117	0.32011102983977074	0.26180998696876956	0.10124855970713888
0.16774917243813994	0.15010463409889097	0.31800700783027996	0.2667543404684376	0.09738484516425135
0.17241644465888467	0.15237405791072517	0.30878350209123373	0.26559772856517694	0.10082826677397927
0.17143500893769176	0.15413035195405317	0.309297193993265	0.26677769202536616	0.09835975308962366
0.16073676710591406	0.15411322081464285	0.3261983362664416	0.26211496834408843	0.09683670746891285
0.17804973048901565	0.1550818865261701	0.31805619452266226	0.24804323604775658	0.10076895241439517
0.16397075893112728	0.1513983360471744	0.3260310324696871	0.2639203859273443	0.0946794866246667
0.15861068973065817	0.1530488290356633	0.324559083949253	0.26983840499135037	0.09394299229307501
0.18428699576276852	0.15351199203458937	0.307898757077154	0.25706316283560215	0.09723909228988581
0.17417249253337858	0.1552263638313684	0.32955143185137414	0.24721770233376522	0.09383200945011345
0.17065077579701204	0.16285784749122698	0.31222420249505045	0.2537772737376787	0.10048990047903159
0.15886404524003367	0.15188474083723777	0.32998403466797493	0.2660577810656972	0.09320939818905621
0.17771348986259639	0.15408021026333552	0.31868578177514995	0.2514439598691639	0.09807655822975406
0.18409764986335161	0.1543857807541843	0.31419133778987507	0.25181875660037983	0.09550647499220899
0.1722277370172843	0.15283825454200914	0.3256530891786442	0.25018195351907957	0.09909896574298258
0.17897360885532398	0.1592366835390326	0.3080291122601007	0.25327783596584214	0.10048275937970039
0.16718931510182794	0.15236231911078357	0.31362685829365355	0.2679707249465295	0.0988507825472052
0.1794361368995304	0.15681302408100944	0.30920370112697343	0.25695537308227934	0.09759176481020722
0.18021227627497816	0.15721634565238185	0.3193151963874862	0.25030231717021373	0.09295386451493991
0.16918569447847587	0.1543471686948212	0.31218653091958304	0.2659200002151797	0.09836060569193997
0.16191591953092885	0.15592249794589533	0.3127364456775413	0.26770964921624396	0.10171548762939037
0.177363449062226	0.15517965854773055	0.3189947488186162	0.2546591572738551	0.0938029862975719
0.16124465510345048	0.1629158681914551	0.32492802197178705	0.25795660550752575	0.0929548492257814
0.17790098809097205	0.15893235208489268	0.3211553681891099	0.24846886531354184	0.09354242632148335
0.17224590870421508	0.15441450104555185	0.3262071975519433	0.2482132484276811	0.0989191442706085
0.1647633470205896	0.162538085145415	0.32639182443783854	0.2507659579481592	0.09554078544799749
0.15923905340145603	0.15124896803386864	0.32513554008344236	0.265642632872424	0.09873380560880876
0.1721064359631973	0.15989913712521175	0.3175773651662991	0.2548809159979398	0.0955361457473518
0.17816686959192746	0.15649488602791956	0.30729087360728286	0.26425696124335346	0.09379040952951648
0.1601413277954464	0.15590264771945317	0.33046528183642687	0.2569810925971777	0.09650965005149563
0.1699055856290761	0.1515965368522943	0.3235342380588133	0.2578237540047829	0.0971398854550332
0.16144125027636017	0.14922838334039343	0.3219154556476177	0.26907850389718724	0.0983364068384413
0.1873701006506837	0.1490192330612063	0.3145402059552692	0.2523944708533692	0.09667598947947138
0.1655915437011525	0.16066049428852314	0.3225954644982875	0.2552111034071696	0.09594139410486699
0.16778359137410345	0.15221366653249285	0.31686020543963284	0.26182097025016265	0.10132156640360798
0.16509152652462653	0.1494257849580416	0.32288993470883043	0.26133039952060694	0.10126235428789429
0.1782180342664913	0.1531444244205491	0.3084761282973118	0.26086672640388947	0.09929468661175814
0.16673207740844642	0.15268368812386093	0.3138913525023168	0.2677385756607625	0.09895430630461313
0.18677769855245419	0.1586670255516365	0.311478363093409	0.2501238890631421	0.09295302373935801
0.1659732814779628	0.15882624595789224	0.3084133545851841	0.2667993055294552	0.09998781244950547
0.16560548245996068	0.1595648359677101	0.309104552699765	0.2641350204584459	0.10159010841411814
0.1579016485006166	0.15145590596524905	0.3273862290969708	0.2628145176950927	0.10044169874207068
0.17607844538722617	0.1623763179434381	0.3089060777849323	0.25589969356743103	0.09673946531697221
0.18409527936858938	0.14985397149159782	0.31539313078728937	0.25284697459629346	0.09781064375622978
0.17389109153148263	0.15549361665144007	0.31456439755386084	0.2551745015546482	0.10087639270856802
0.1645000794005384	0.16376743925925258	0.3294472871017362	0.2482509462356663	0.09403424800280634
0.1714153151609638	0.15798461384493295	0.31486158522013324	0.26017666527157435	0.09556182050239545
0.16410405002398934	0.16381555182072818	0.3170336697002991	0.2577410053886707	0.09730572306631255
0.18066987544302035	0.14936173981799344	0.31275613336025243	0.2558455152503471	0.10136673612838643
0.16234058889418118	0.16328063094701678	0.3100529414904505	0.26491334932867394	0.09941248933967745
0.16881361373379894	0.161066535483636	0.3172389931914495	0.25585525276252374	0.09702560482859164
0.17494441239336195	0.14996053951495986	0.31690716351739867	0.2584718999480601	0.09971598462621925
0.1568814298757853	0.15617242102799772	0.32518414292050685	0.2632710148676953	0.0984909913080147
0.1755367462923522	0.1566006409238594	0.3156950446333796	0.25405200219765256	0.09811556595275603
0.1628906482466938	0.1566177726262698	0.3176372753988991	0.26637495390719845	0.09647934982093866
0.17766555035697357	0.15425539497996768	0.32381387361661795	0.24709526337120327	0.09716991767523735
0.18120818807376324	0.15623523034742715	0.31077136696739893	0.25057482802806286	0.10121038658334769
0.16318292417378058	0.15847321694025676	0.3088083041005335	0.26949220630411674	0.10004334848131217
0.17843817758274436	0.15985729685109928	0.32045758807593927	0.24695216877622456	0.09429476871399232
0.17064045787952684	0.1542734442763139	0.32916195969304374	0.24881644183061263	0.09710769632050267
0.16391007896087548	0.15561458967233	0.32164684070260136	0.2587653498665563	0.1000631407976367
0.17122886686934458	0.15377583864311556	0.3119172912536046	0.26438812896758124	0.0986898742663538
0.17014729427157274	0.15266028539942095	0.32811154693507383	0.24985624874095697	0.09922462465297532
0.17232766796120558	0.15431527140092882	0.31270902065172723	0.25938440472665314	0.10126363525948504
0.1686482680460572	0.16201626041313794	0.3133180990935776	0.260218227634595	0.09579914481263206
0.1691942351713944	0.1595899317759419	0.31824524336802085	0.25742086625766686	0.09554972342697579
0.16798533055124987	0.15072431013976256	0.32192084500410834	0.2610797975085528	0.09828971679632625
0.1606837832465255	0.15061340833094472	0.3248259706892529	0.2669879216793244	0.09688891605395233
0.17702428264912834	0.15040990393299492	0.3212587698608958	0.2553474522968659	0.09595959126011483
0.16256846811666686	0.16091947179306434	0.32457527873109737	0.25240421895892445	0.09953256240024672
0.16173385528983406	0.1498087745244478	0.3252237968325832	0.2621273257566011	0.10110624759653371
0.168908147057614	0.15445973533910992	0.32090222444608907	0.2561343566934865	0.09959553646370028
0.16464523619211321	0.15806335755257345	0.31299180462035936	0.268213076829774	0.09608652480517978
0.15786909988615344	0.1595511213836559	0.322723684754578	0.2582913732260396	0.10156472074957282
0.1720381358899591	0.15027983659844601	0.31811360005357864	0.26207155895899226	0.09749686849902381
0.1798957167466137	0.1552757705725183	0.3088008252308578	0.25498816129360863	0.10103952615640142
0.16035860837028734	0.15458578396315187	0.3256260335313399	0.25979077877188156	0.09963879536333915
0.1630505172320047	0.1640159300263633	0.32445282335094944	0.24729949017765696	0.10118123921302541
0.1673237307897792	0.16337292894081568	0.31390399956960024	0.25716479517055163	0.09823454552925306
0.16157594123990793	0.160468141751424	0.32343278623581045	0.25612770179661554	0.09839542897624187
0.15428672054380804	0.15936908174435394	0.32597571650493895	0.26161654683670443	0.09875193437019439
0.15887426363102986	0.14980410409448502	0.32508144730854405	0.26602674029969753	0.10021344466624335
0.1682215870422406	0.15288941139052314	0.3226967394866621	0.2550474837972163	0.10114477828335769
0.1643455104201428	0.16002233414568978	0.32988374203583054	0.2501427209085527	0.095605692489784
0.1696649159412416	0.16028459479042417	0.3294050370637154	0.24753890604645368	0.09310654615816494
0.16686447732417595	0.15530665816394257	0.329489452473112	0.25240781537852797	0.09593159666024134
0.1602192508536888	0.15375222311424866	0.3300086476509806	0.26108114030492635	0.09493873807615538
0.18462865250596322	0.15311070116680373	0.319702587244876	0.2482446661204232	0.09431339296193368
0.18749340365176034	0.15666463700522115	0.3102945405374008	0.24648198428569926	0.09906543451991827
0.18144240448441232	0.14989353870210692	0.3261330965660516	0.2492690582231144	0.09326190202431456
0.16545598676280848	0.16166527421506804	0.3215662922050974	0.25542502066076717	0.0958874261562587
0.1645051445049789	0.14932736863425344	0.31748918814058197	0.2681459319220896	0.10053236679809596
0.17307269905992295	0.16304550672602347	0.3186613744100302	0.25127919255021947	0.09394122725380372
0.1688053274096905	0.1512681749400116	0.3248483414240636	0.2568098108458602	0.09826834538037385
0.17429209254253458	0.15022707360436316	0.31714442472095294	0.2622113595885862	0.09612504954356284
0.17414356535079678	0.15031623535465494	0.3226871589565077	0.25882769949811657	0.09402534083992375
0.1793645311592488	0.15916606129799085	0.31044736468525863	0.2529431166308134	0.0980789262266881
0.18466779403927785	0.15231549580451714	0.3145587466480363	0.2523733033960402	0.0960846601121283
0.1626055007263129	0.15819787753826603	0.31493877814808735	0.2675548678506023	0.09670297573673119
0.18217001248192483	0.15131251330957768	0.31064666365256116	0.25829714532994374	0.09757366522599235
0.16469206116323293	0.15654764284915013	0.3130574068459848	0.2685255976606648	0.0971772914809671
0.156757417743948	0.1612773987743442	0.3205079854937244	0.26282715431416037	0.09863004367382286
0.17600683745171225	0.1577531271477858	0.3167698477886084	0.2548304582681731	0.09463972934372031
0.16569485416495358	0.15476671583834992	0.31786860657202803	0.2628226149186648	0.09884720850600343
0.181435561751118	0.15718723300761636	0.3083970506551761	0.25791730208351105	0.09506285250257832
0.16618867581972163	0.15959563811293231	0.3115439518967342	0.26601750644948213	0.09665422772112955
0.16436244060838293	0.15648735669092304	0.3085614189244771	0.26906615612246987	0.10152262765374684
0.170278591081678	0.16167191206629983	0.3089782792974297	0.2590807274450464	0.09999049010954587
0.16808126928434153	0.15551745074227225	0.31682059809198915	0.25873653589861345	0.1008441459827834
0.16846566903169685	0.15912230853586948	0.32036025865131085	0.25284126069028534	0.09921050309083729
0.16519012614236595	0.15589993921093623	0.3136434495109642	0.26702928673325754	0.09823719840247588
0.17169118975560638	0.15084820365701732	0.3212864817391543	0.2574702332651873	0.09870389158303446
0.17356013413367774	0.1499694565405982	0.32203468710281324	0.25254946944732215	0.10188625277558844
0.18541180474675317	0.15176850683226786	0.3146702912818589	0.250292514420954	0.09785688271816578
0.16264726337356422	0.16406793842654824	0.32406097969153463	0.24838694643251555	0.10083687207583716
0.16355091401416288	0.15519967119374212	0.3228171453474139	0.2649049955242435	0.0935272739204374
0.16438117137074115	0.15402087934508032	0.3161793725198163	0.26508823217697386	0.10033034458738814
0.16325184964726558	0.15819292978283553	0.32937016389101426	0.2528872258665848	0.09629783081229965
0.17670948102167883	0.15489436326160005	0.31031424702671634	0.258475160005224	0.09960674868478052
0.17035642333176856	0.15058435148503188	0.3236918140014823	0.2546642935606959	0.10070311762102119
0.17428167723679358	0.152333752988791	0.3217029337735	0.258035638391795	0.09364599760912015
0.1773986195069997	0.15756540159063703	0.32361270831748545	0.2474049545092806	0.09401831607559699
0.16626517833152388	0.1617972421127738	0.31735913268847227	0.2559242405981951	0.0986542062690348
0.16919782095735822	0.1602815419952514	0.32167916125161256	0.24992046409267699	0.09892101170310062
0.1604638457582751	0.15092433308692516	0.32185781424674886	0.26888139695632834	0.09787260995172234
0.15355242612325054	0.14884597108028128	0.32854250789249484	0.2698216360253959	0.09923745887857728
0.17537654992429247	0.15225381938478028	0.3174142031745188	0.2614187882566564	0.09353663925975188
0.16357193310745177	0.15881751254474363	0.32843163667659514	0.2550877080244248	0.09409120964678447
0.1647058047985822	0.16319535186569611	0.32808522440996357	0.25048300415725144	0.09353061476850649
0.16564832635710516	0.16107300020713222	0.31517593622433504	0.2614928048213769	0.0966099323900505
0.16710528658463022	0.1578599648237562	0.32817814446748267	0.2484872587115886	0.09836934541254208
0.16734397631076098	0.15571980364548238	0.32884964837911823	0.24746546891100674	0.10062110275363143
0.16923754617199538	0.15956780479987706	0.3109821609150609	0.26491877752419996	0.09529371058886649
0.16972623209938836	0.14879118391344096	0.32093364683634806	0.2630917110354071	0.0974572261154153
0.17011005795747602	0.1539961285033335	0.3131751563827509	0.26632379286138463	0.09639486429505467
0.17838282250472065	0.15835608013362587	0.312627132223446	0.25439470671307524	0.09623925842513202
0.18636688711099694	0.15196280565980735	0.3136286099649279	0.25326505042130615	0.09477664684296137
0.15488724800412415	0.16390595709118386	0.3168966716624484	0.2628224110823896	0.10148771215985385
0.16701844864930643	0.16173849380032282	0.3223844250112626	0.24980091201683424	0.09905772052227373
0.1750336007019279	0.15795544011774218	0.3238806224839342	0.24695524874398572	0.09617508795240982
0.17068600043690596	0.14920903178187847	0.31420622930369935	0.2694924955379701	0.09640624293954593
0.17888233953741475	0.1629437652068392	0.31520524040169795	0.24672535326428682	0.09624330158976103
0.1872933885993746	0.1494003053415508	0.3080354751620886	0.2587542646192414	0.09651656627774438
0.16435588348878336	0.15383408959421302	0.3257880530797595	0.25632223176466584	0.09969974207257806
0.16394130851401728	0.153717572211297	0.32830418148521234	0.26012070508625135	0.0939162327032218
0.17974165912863996	0.15104003604584798	0.3188300868958337	0.25175086474695774	0.09863735318272035
0.17219783916362008	0.16298563786270626	0.3078542290141423	0.26289417534945425	0.09406811861007694
0.16231848213185296	0.15623892192571892	0.3264558185772085	0.26150494499622623	0.09348183236899323
0.18097211452839507	0.15243480621670852	0.3169685810106725	0.2510040155274136	0.0986204827168101
0.17238570830747607	0.15964088621489986	0.3156033221514386	0.25513159706975386	0.09723848625643144
0.1677661388332582	0.16260988595793166	0.3088315674611926	0.26393816748247023	0.09685424026514713
0.17203264498511905	0.16376588655700827	0.3125914677325739	0.2585737178921359	0.09303628283316265
0.16503872683378942	0.16014535541613528	0.31648139448165424	0.2564833791215772	0.10185114414684367
0.16138288326559327	0.15632837102489494	0.3199854071823313	0.2628539129009497	0.09944942562623058
0.17482613990977086	0.16064708498817964	0.3194445393686959	0.25178055691246465	0.09330167882088877
0.17705819810864065	0.15246509802912545	0.3142100895278621	0.25628435930255494	0.09998225503181662
0.16466859315392374	0.1534876121363188	0.3300720355539285	0.2532500942660977	0.09852166488973113
0.16385799734349057	0.1634555101026057	0.32341184401556233	0.25608611163448536	0.09318853690385581
0.1663433632867039	0.16405751584650174	0.31839166341869607	0.2511151823856127	0.10009227506248539
0.15659220567397814	0.16248633631103515	0.31852229573828794	0.2627095111097516	0.09968965116694695
0.1689005510779216	0.1627039237981892	0.3113362556971543	0.2585976460924616	0.09846162333427314
0.1588389353511611	0.16242536446880224	0.31294396090572363	0.2696372802172646	0.09615445905704828
0.1756838946431666	0.15070526683297236	0.3164225369375053	0.2580959277556809	0.09909237383067464
0.17083366924485882	0.15627623701943372	0.3272593199798147	0.250775719612992	0.09485505414290055
0.17350685054989182	0.15397696292559088	0.32418156141879667	0.25106196096525135	0.09727266414046909
0.1596680556131142	0.1520502349759189	0.31773136366234234	0.26931691870113356	0.10123342704749078
0.16785317577286102	0.15798230620917794	0.3246405325534589	0.2517253990743253	0.0977985863901766
0.17541536818610487	0.1538369449766144	0.315275423683488	0.2588549330548553	0.09661733009893728
0.17659276554435677	0.15296727261739868	0.31221551318211305	0.2624028752054791	0.09582157345065218
0.17902966892655275	0.15281028205346348	0.3144487276622558	0.25757713047514097	0.09613419088258683
0.182037543800806	0.1547979457808769	0.31240948471697666	0.2567406868964506	0.09401433880488969
0.17781995925996338	0.16329470608585472	0.31644160861388426	0.24855878252535862	0.09388494351493877
0.16617036602203966	0.16408221766608938	0.31001539712367704	0.26106412680529434	0.09866789238289932
0.17419010386775333	0.1602640110389637	0.31591017166042024	0.2565729665303591	0.09306274690250346
0.17045988320145672	0.15179947210474432	0.31076787173679987	0.2652826196652076	0.10169015329179124
0.15902144205435126	0.16122333135504302	0.3153591641920158	0.26784143152335393	0.09655463087523578
0.15712019209760356	0.15648594856521375	0.32255085462922856	0.2642371557375912	0.09960584897036272
0.16651325625711388	0.15734338067216969	0.3124642083898671	0.2626543296683667	0.10102482501248244
0.15880326214895008	0.15013650463596795	0.32682712152067084	0.26858456474076375	0.09564854695364716
0.16740975772135117	0.1564148851215346	0.32567203453661275	0.25636120118380135	0.09414212143669992
0.18442925251170877	0.15162430416841918	0.30883803442008023	0.2601517711902429	0.09495663770954868
0.18688178089204213	0.15065372277288483	0.3089247925042861	0.2527688319363829	0.10077087189440381
