0.5314505075819671	0.46854949241803256
0.5313658640125303	0.4686341359874694
0.5316111513424867	0.46838884865751296
0.5315752547247016	0.4684247452752981
0.5311439599712622	0.4688560400287375
0.5313120828403275	0.4686879171596722
0.5316460387650919	0.46835396123490786
0.5311763546606948	0.4688236453393049
0.5313525885124962	0.4686474114875034
0.5310579689699134	0.46894203103008625
0.5317845596470118	0.46821544035298784
0.5313985611043814	0.4686014388956182
0.53124268260139	0.4687573173986097
0.5310647417899854	0.4689352582100143
0.531744210787446	0.46825578921255356
0.5316714698199517	0.46832853018004794
0.5313718944176137	0.468628105582386
0.5311246572286271	0.4688753427713725
0.5317617672204863	0.4682382327795134
0.5315891671082523	0.4684108328917474
0.5310364730544604	0.4689635269455393
0.5312100142883369	0.4687899857116628
0.5314501782904213	0.4685498217095783
0.5319158520446725	0.4680841479553272
0.5315770108539299	0.4684229891460698
0.5319632544398838	0.4680367455601159
0.5315677345005329	0.4684322654994668
0.5315878723094254	0.4684121276905742
0.5316894725872143	0.4683105274127854
0.5315410117777153	0.46845898822228443
0.5318026191635664	0.4681973808364333
0.5310970815609121	0.46890291843908766
0.5316341400449546	0.4683658599550451
0.531602404507712	0.4683975954922876
0.5316441252448284	0.46835587475517126
0.5319600947333476	0.46803990526665207
0.531797354979958	0.4682026450200417
0.5316738714169913	0.46832612858300837
0.5310157363782984	0.4689842636217013
0.531644003475672	0.46835599652432763
0.531112187019895	0.4688878129801046
0.5312750113912849	0.46872498860871475
0.5316338326366452	0.46836616736335446
0.5319222965427209	0.4680777034572787
0.5318903382945429	0.46810966170545676
0.5314994777800626	0.46850052221993715
0.5315738998728138	0.46842610012718583
0.5316135231998133	0.4683864768001864
0.5313002411264172	0.4686997588735825
0.5315592984380579	0.4684407015619417
0.5311355998064551	0.4688644001935446
0.5311471150174562	0.4688528849825435
0.5317310683965961	0.4682689316034036
0.5312306782230095	0.4687693217769902
0.5318478824107495	0.4681521175892501
0.531758960906675	0.4682410390933247
0.5314719957124191	0.46852800428758057
0.5313475001799677	0.468652499820032
0.5317413387452866	0.46825866125471305
0.5310327970021105	0.4689672029978892
0.5314479193383903	0.46855208066160936
0.5314901100727297	0.46850988992726994
0.5319286304731815	0.4680713695268181
0.5316003642248921	0.46839963577510757
0.5311864274998924	0.4688135725001073
0.5315570838978791	0.4684429161021205
0.5314016034513683	0.4685983965486314
0.5313218514597806	0.468678148540219
0.5311655477011635	0.4688344522988362
0.5315616160117905	0.4684383839882091
0.5313222533631493	0.4686777466368504
0.5317728863541366	0.46822711364586317
0.5312657589371496	0.46873424106285017
0.5318400628548627	0.46815993714513693
0.5314139927860345	0.46858600721396515
0.5312304328455631	0.4687695671544365
0.5314466450766407	0.46855335492335887
0.5314202496135638	0.4685797503864358
0.531970911354272	0.46802908864572773
0.5318782420051469	0.4681217579948528
0.5317334011439421	0.4682665988560576
0.5319911289136807	0.468008871086319
0.5311743983791434	0.46882560162085635
0.5310145732336651	0.46898542676633453
0.5311366450522607	0.468863354947739
0.5316765489265375	0.4683234510734622
0.5317698567900963	0.4682301432099034
0.5315187981301235	0.46848120186987624
0.5315949631527079	0.4684050368472918
0.531433064062321	0.4685669359376787
0.5312194677434224	0.4687805322565773
0.5312435966681637	0.46875640333183594
0.5319345481237895	0.4680654518762102
0.5310549941685948	0.4689450058314049
0.531018732109241	0.46898126789075867
0.5311366920566825	0.4688633079433172
0.5319768988985403	0.46802310110145934
0.5310682519820333	0.46893174801796633
0.5311977467769077	0.46880225322309194
0.5317595582648184	0.46824044173518137
0.5312232655028585	0.4687767344971412
0.5314154080094304	0.46858459199056923
0.5313467388476472	0.46865326115235245
0.5314928413566044	0.4685071586433953
0.5313197541879211	0.4686802458120785
0.5312699490120888	0.4687300509879108
0.5310123250495686	0.4689876749504311
0.5315834459876905	0.46841655401230914
0.5315235711928226	0.4684764288071771
0.5310668038364332	0.46893319616356643
0.5313805587782086	0.4686194412217911
0.5313569354227891	0.4686430645772106
0.5313188520933005	0.4686811479066991
0.5318852989572159	0.4681147010427837
0.5316030477174593	0.4683969522825404
0.5316548905388455	0.4683451094611541
0.531150518200128	0.4688494817998717
0.5314859525139051	0.4685140474860946
0.5316159797673599	0.4683840202326398
0.5310613094826027	0.468938690517397
0.5310636152036948	0.46893638479630484
0.5310762601390313	0.4689237398609683
0.5311403401325168	0.4688596598674829
0.5316073832758722	0.4683926167241275
0.531850936868258	0.4681490631317417
0.5317707718499131	0.4682292281500866
0.5316692270893383	0.46833077291066144
0.531067866588275	0.46893213341172474
0.5312935021957531	0.4687064978042466
0.5312823341441475	0.4687176658558522
0.5319607145338539	0.46803928546614587
0.5315048557067992	0.46849514429320044
0.5314778884941777	0.468522111505822
0.5317670532641784	0.4682329467358213
0.5312371051860164	0.46876289481398326
0.5311793066042612	0.46882069339573856
0.5315055903999717	0.4684944096000279
0.5311818658182956	0.4688181341817041
0.5313581480904719	0.4686418519095278
0.5318180187980223	0.4681819812019774
0.5315644529999609	0.4684355470000388
0.5318018233874807	0.468198176612519
0.5314965216840126	0.468503478315987
0.5318188780666186	0.468181121933381
0.5315530785855076	0.46844692141449207
0.5318307780040086	0.46816922199599115
0.531646871596967	0.46835312840303267
0.5311452021220284	0.46885479787797124
0.5318181439103986	0.4681818560896011
0.5319060790460957	0.468093920953904
0.5318593692778484	0.46814063072215123
0.5311746014259927	0.46882539857400696
0.5319888983246024	0.4680111016753973
0.5313312650110127	0.468668734988987
0.5310908243571983	0.4689091756428013
0.5314087821037339	0.4685912178962658
0.5315878634369647	0.4684121365630349
0.5317228599731803	0.4682771400268194
0.5314770821242049	0.4685229178757948
0.5315774130720626	0.46842258692793703
0.5318897992184155	0.46811020078158416
0.5310076944003999	0.4689923055995998
0.5310738145297842	0.4689261854702155
0.531124357835859	0.46887564216414074
0.531404873200084	0.4685951267999156
0.5319495953587525	0.46805040464124714
0.5319371435089101	0.46806285649108953
0.5313804718415085	0.46861952815849117
0.5317144929468421	0.4682855070531575
0.5318963844724389	0.4681036155275608
0.531959083636833	0.46804091636316675
0.531121469330308	0.46887853066969165
0.5311314978801909	0.4688685021198088
0.5312408887687351	0.46875911123126457
0.5310195424164749	0.46898045758352475
0.5314930329362442	0.4685069670637555
0.5317123465108498	0.4682876534891499
0.5316893086912706	0.46831069130872904
0.531740774862549	0.4682592251374506
0.531766695354005	0.46823330464599466
0.5317093220108564	0.46829067798914326
0.5312094571864071	0.4687905428135926
0.5310257300655804	0.46897426993441926
0.5310803791361187	0.46891962086388095
0.5313383089790632	0.4686616910209365
0.531303236160062	0.4686967638399376
0.5314055696365034	0.4685944303634963
0.5313398546804377	0.468660145319562
0.5318868000502777	0.46811319994972195
0.5318375996171493	0.46816240038285045
0.5319711000554761	0.46802889994452357
0.5312393180728957	0.468760681927104
0.5311515031385767	0.46884849686142294
0.531053459479263	0.46894654052073664
0.5314236825455128	0.46857631745448697
0.5319089508010527	0.46809104919894695
0.5318056746852295	0.46819432531477007
0.5319440716368256	0.46805592836317406
0.5316060700581494	0.4683939299418502
0.531312355214278	0.46868764478572167
0.5317327413955818	0.4682672586044178
0.5319194187308605	0.4680805812691392
0.5311952450541058	0.46880475494589385
0.5318481979758016	0.46815180202419804
0.5317317303587997	0.46826826964119994
0.5312427258996415	0.4687572741003581
0.5315881396955083	0.46841186030449133
0.5313734621968421	0.46862653780315755
0.5314354695104642	0.4685645304895355
0.5312935967183464	0.4687064032816532
0.5318029664292965	0.4681970335707032
0.5313671169071466	0.4686328830928531
0.5318248210749146	0.46817517892508503
0.5313879891530094	0.4686120108469902
0.5314710825514881	0.46852891744851155
0.5311368713333771	0.4688631286666226
0.5317791589794403	0.46822084102055944
0.5318780045536994	0.4681219954463003
0.5312332532853593	0.46876674671464036
0.5310811531856764	0.4689188468143233
0.5318311377145678	0.4681688622854319
0.5314807526175388	0.46851924738246087
0.5312776649615449	0.46872233503845473
0.5318012449360183	0.4681987550639813
0.5312696603066185	0.46873033969338124
0.5314840520806167	0.468515947919383
0.5314541072034482	0.46854589279655146
0.5312587373332538	0.4687412626667458
0.5316933768862976	0.4683066231137021
0.5311570248791445	0.46884297512085515
0.5310809989118288	0.46891900108817086
0.5315243817429391	0.4684756182570605
0.5318162308067348	0.4681837691932649
0.5315602413001326	0.4684397586998671
0.5310076940559046	0.46899230594409497
0.5313632928091097	0.46863670719089
0.5319264494874535	0.4680735505125462
0.531923580801672	0.46807641919832765
0.5316093873782587	0.46839061262174103
0.53152392070854	0.4684760792914596
0.5318734979618748	0.4681265020381249
0.5316547673883689	0.4683452326116307
0.5310786512755937	0.4689213487244059
0.531086315587444	0.46891368441255565
0.5311907041512814	0.4688092958487182
0.531410220695889	0.4685897793041107
0.5310803989712256	0.46891960102877406
0.5319413065919315	0.46805869340806816
0.5316907788082443	0.4683092211917554
0.5314305041256366	0.46856949587436303
0.5318224122265234	0.4681775877734763
0.5319148033639899	0.4680851966360098
0.53151246205136	0.46848753794863957
0.5310582210795319	0.4689417789204677
0.5312023218745118	0.46879767812548784
0.5311993253732786	0.46880067462672104
0.5310043388676347	0.468995661132365
0.5319726787197052	0.46802732128029445
0.5316453472604479	0.4683546527395518
0.5312105185457465	0.46878948145425314
0.5315635493379726	0.46843645066202705
0.531750731476382	0.4682492685236177
0.5316028333859161	0.46839716661408354
0.5317945423748581	0.46820545762514154
0.531061722088728	0.4689382779112716
0.5311649929710965	0.4688350070289032
0.5310927616441674	0.46890723835583226
0.5312629085924465	0.46873709140755315
0.5312140971177721	0.4687859028822276
0.531015845038561	0.4689841549614386
0.5310672773621092	0.46893272263789043
0.5317185774327102	0.46828142256728944
0.5315636602906861	0.46843633970931353
0.53189043871143	0.4681095612885696
0.5314346445957681	0.46856535540423166
0.5318508741627511	0.4681491258372485
0.5313271787003322	0.4686728212996675
0.5316511979107323	0.4683488020892673
0.5318573969374388	0.46814260306256084
0.5319447830297789	0.46805521697022084
0.5313992397574729	0.4686007602425268
0.5311847860887113	0.46881521391128833
0.5316842951141535	0.4683157048858462
0.531450480429896	0.46854951957010366
0.5314903731863342	0.4685096268136655
0.5318059755763254	0.4681940244236743
0.5316580280795793	0.4683419719204203
0.531319400998352	0.46868059900164777
0.5316200628576455	0.4683799371423541
0.5316894861187628	0.4683105138812369
0.5311270217598495	0.4688729782401502
0.5312936776767674	0.4687063223232323
0.5312281950582044	0.4687718049417953
0.5316778483325099	0.46832215166748975
0.531306626116855	0.4686933738831447
0.5313716478210779	0.4686283521789217
0.531232022778772	0.4687679772212276
0.531448724195903	0.4685512758040966
0.5312693895963346	0.46873061040366504
0.531033589643191	0.4689664103568087
0.5313120954174566	0.46868790458254306
0.5312363494270111	0.46876365057298847
0.5318510612032554	0.46814893879674424
0.5316204682981095	0.4683795317018902
0.5318143302063028	0.4681856697936969
0.5319945853633796	0.46800541463662
0.5317821969091907	0.4682178030908089
0.5310882417596018	0.4689117582403978
0.5314087492725743	0.46859125072742536
0.5316874454698782	0.4683125545301214
0.5319225220331305	0.4680774779668692
0.5315220877333073	0.4684779122666923
0.5312157533885072	0.4687842466114924
0.5312103934723071	0.46878960652769247
0.5315037809254751	0.46849621907452454
0.5310644321237009	0.46893556787629875
0.5315433196401881	0.46845668035981164
0.5312435151651844	0.4687564848348153
0.5317037579788633	0.4682962420211364
0.531040483421001	0.46895951657899876
0.5311807936967714	0.46881920630322826
0.5318874789516064	0.46811252104839335
0.5311088219756401	0.46889117802435953
0.5313021025372523	0.4686978974627473
0.5311040011086205	0.46889599889137906
0.5317478566316235	0.4682521433683762
0.5319317400854533	0.4680682599145464
0.5312087869737471	0.46879121302625265
0.531096193136299	0.46890380686370065
0.5314837247004296	0.4685162752995701
0.5310990828224071	0.4689009171775925
0.5314027407534645	0.4685972592465352
0.5319718726648244	0.4680281273351753
0.5315797616416372	0.46842023835836244
0.5311554960419232	0.46884450395807636
0.5314641645326941	0.46853583546730554
0.531056518637912	0.46894348136208763
0.5318404086045881	0.4681595913954115
0.5314720214688959	0.46852797853110373
0.531436278789338	0.46856372121066175
0.5315862249009154	0.46841377509908416
0.5311841444608687	0.468815855539131
0.5313813637888558	0.46861863621114386
0.5310213347634681	0.4689786652365315
0.531408593788032	0.46859140621196765
0.5315963608895414	0.4684036391104583
0.5311845546542079	0.4688154453457917
0.531326780056911	0.4686732199430886
0.5318554426291284	0.4681445573708712
0.5311376051680154	0.4688623948319843
0.531937629720495	0.4680623702795047
0.5318348357632369	0.46816516423676274
0.5317951104578856	0.46820488954211403
0.5311501816811545	0.46884981831884515
0.5319429541028411	0.4680570458971586
0.531175470351088	0.46882452964891164
0.531832681464583	0.4681673185354167
0.5310422326619649	0.4689577673380347
0.5318101022086756	0.4681898977913241
0.5315826605133063	0.46841733948669334
0.5319562566702157	0.4680437433297839
0.5315073743327525	0.4684926256672472
0.53124052506892	0.46875947493107967
0.5314778541454238	0.4685221458545758
0.5314468143416562	0.4685531856583435
0.5314240152230194	0.46857598477698026
0.5318266109667835	0.46817338903321615
0.5312090153729282	0.46879098462707147
0.5312939495451995	0.4687060504548002
0.53118438799246	0.4688156120075397
0.5318670859119208	0.46813291408807894
0.5310371755456839	0.4689628244543158
0.5314182929467582	0.4685817070532414
0.531843190360961	0.4681568096390387
0.5312542281717635	0.4687457718282362
0.5316987470643859	0.46830125293561375
0.5311492312985342	0.46885076870146547
0.5313090734588718	0.4686909265411279
0.5316584114854245	0.4683415885145752
0.531199313394924	0.4688006866050757
0.5312815646763693	0.46871843532363033
0.53112510376965	0.4688748962303496
0.5314769857924911	0.4685230142075085
0.5311370048597827	0.468862995140217
0.5318760980612716	0.4681239019387281
0.5315408120103805	0.46845918798961916
0.5315972337019607	0.46840276629803895
0.5312254573114242	0.46877454268857544
0.5311100652681766	0.46888993473182305
0.5311138340070782	0.4688861659929215
0.5319204249130786	0.46807957508692116
0.5319450229032857	0.46805497709671395
0.5316637965386928	0.46833620346130683
0.5315793378854918	0.46842066211450784
0.5319360801201247	0.468063919879875
0.5310821159810409	0.46891788401895873
0.5317559644184693	0.4682440355815304
0.5313308715749152	0.4686691284250844
0.531406801175946	0.4685931988240537
0.5317939992489007	0.4682060007510989
0.5315344301128276	0.46846556988717203
0.5316477961988937	0.468352203801106
0.531878734136237	0.4681212658637627
0.5317053568135484	0.4682946431864513
0.5316172365690978	0.4683827634309019
0.5314624060355089	0.4685375939644908
0.5311884193130867	0.46881158068691303
0.531954172046508	0.46804582795349176
0.5313532508560577	0.468646749143942
0.5310373353230864	0.4689626646769133
0.5318481452097218	0.4681518547902779
0.5310550651468104	0.46894493485318917
0.531460362095966	0.46853963790403363
0.5316326582011459	0.4683673417988538
0.5313979128941286	0.46860208710587103
0.5318659962876013	0.4681340037123983
0.5315320311292755	0.46846796887072417
0.5314142522188069	0.46858574778119283
0.5319018854508732	0.4680981145491265
0.5317235720325846	0.4682764279674151
0.5312309146869295	0.46876908531307016
0.531245168793967	0.4687548312060327
0.5311138889575052	0.46888611104249445
0.5314309222289636	0.4685690777710361
0.531716275183663	0.4682837248163367
0.5311056592833217	0.46889434071667796
0.5310790814214104	0.46892091857858925
0.5310191166087004	0.46898088339129923
0.5313929788289797	0.46860702117101993
0.5319629546745057	0.46803704532549395
0.5316667689285322	0.46833323107146757
0.5316377896107648	0.46836221038923487
0.5318372936579627	0.46816270634203694
0.5312364225108566	0.4687635774891431
0.5318619682193143	0.46813803178068536
0.5311648268746267	0.4688351731253729
0.5318225398911516	0.46817746010884814
0.5315354126765869	0.4684645873234128
0.53159589771866	0.4684041022813396
0.5315138945590614	0.46848610544093827
0.5310191439427856	0.46898085605721407
0.5312498485618108	0.4687501514381889
0.5312478760233996	0.46875212397660004
0.5319923494265384	0.46800765057346133
0.5314881736137312	0.46851182638626837
0.5319468824289423	0.4680531175710574
0.5310659988622455	0.46893400113775424
0.5315309957772174	0.4684690042227823
0.5318493448500158	0.4681506551499839
0.5316573102507645	0.4683426897492352
0.5319676161904185	0.4680323838095811
0.5319105197523385	0.46808948024766117
0.5311045660608721	0.4688954339391276
0.5314165211480635	0.4685834788519362
0.5313133997595172	0.46868660024048253
0.5314288926211419	0.4685711073788577
0.5310456496323391	0.46895435036766053
0.5313487066022161	0.4686512933977836
0.5316235104369617	0.468376489563038
0.5317399631678948	0.46826003683210476
0.5317451830770559	0.4682548169229438
0.5312478116590816	0.4687521883409181
0.5316724645078827	0.4683275354921169
0.5319536701563247	0.468046329843675
0.531555673313576	0.4684443266864237
0.5313739908191424	0.46862600918085734
0.531530231520876	0.4684697684791237
0.5317550465323604	0.4682449534676393
0.531294377464334	0.4687056225356657
0.5313191279602973	0.4686808720397024
0.5318170902716115	0.4681829097283881
0.531618344786672	0.46838165521332764
0.531818057974539	0.4681819420254607
0.5315154843117443	0.46848451568825533
0.5314462459200988	0.46855375407990085
0.5312990377459982	0.4687009622540015
0.5317512091271885	0.4682487908728111
0.5315666691493096	0.46843333085069
0.5317273368485986	0.46827266315140104
0.5318319173841186	0.46816808261588105
0.5314596789200136	0.4685403210799861
0.5310871457938305	0.4689128542061691
0.5313848243331292	0.46861517566687044
0.5317952068218645	0.4682047931781352
0.5310136164024173	0.46898638359758243
0.5318356832603685	0.46816431673963116
0.5311752209771285	0.4688247790228711
0.5316324272989148	0.4683675727010849
0.5314762590723575	0.46852374092764215
0.5319787793571753	0.46802122064282436
0.5311890872000917	0.46881091279990794
0.5319726834106936	0.4680273165893061
0.5319831158062538	0.4680168841937459
0.5319907925591387	0.468009207440861
0.5319400430766777	0.4680599569233219
0.5316157084860996	0.46838429151390004
0.5311016521891333	0.46889834781086637
0.5311867498994742	0.46881325010052544
0.5317297179926465	0.46827028200735316
0.5318866223217287	0.468113377678271
0.5314283006725072	0.46857169932749243
0.5318455103921488	0.4681544896078509
0.5310269216656204	0.4689730783343793
0.5317659314916543	0.4682340685083453
0.5314463120694292	0.46855368793057056
0.5314597919918245	0.4685402080081752
0.5313787876188255	0.46862121238117416
0.5312111800642281	0.4687888199357716
0.5310817797018439	0.4689182202981557
0.5312356099933372	0.4687643900066624
0.5316686611133152	0.4683313388866845
0.5310192809122651	0.46898071908773453
0.5311213325476642	0.4688786674523354
0.5317229642256871	0.4682770357743125
0.531292416071505	0.4687075839284947
0.5316361346914189	0.46836386530858076
0.5317285095199681	0.4682714904800315
0.5310469508512048	0.4689530491487949
0.5316494154988612	0.4683505845011384
0.5315366353271737	0.468463364672826
0.5314110374259213	0.46858896257407834
0.5315618243690031	0.4684381756309966
0.531615710505174	0.4683842894948257
0.531830012921778	0.46816998707822166
0.5319657002919161	0.4680342997080835
0.5314458618667481	0.4685541381332516
0.5314732318333649	0.4685267681666347
0.5317293392499047	0.468270660750095
0.5318439739028364	0.4681560260971632
0.5317125384672421	0.4682874615327575
0.5317544850267125	0.46824551497328715
0.531734094147996	0.4682659058520037
0.5316901563592225	0.46830984364077716
0.5314178953966797	0.46858210460331995
0.5314237350743166	0.468576264925683
0.5317956400293053	0.4682043599706944
0.5314948222816216	0.4685051777183781
0.5316316224553012	0.4683683775446985
0.5315983145688556	0.46840168543114397
0.5314215202660084	0.46857847973399125
0.5310751470847486	0.4689248529152511
0.5311381405921247	0.4688618594078749
0.5315674505724447	0.4684325494275549
0.5319915462835183	0.4680084537164814
0.5310220303240237	0.46897796967597594
0.5319700697911517	0.468029930208848
0.5310552258091934	0.46894477419080627
0.5311806097520418	0.46881939024795777
0.5312253041589953	0.4687746958410044
0.531764403775658	0.4682355962243417
0.5317413883370999	0.4682586116628997
0.5311513010568234	0.4688486989431763
0.5311333506725467	0.4688666493274529
0.5314567655642424	0.46854323443575735
0.5318156858379335	0.46818431416206624
0.5310193569404931	0.46898064305950654
0.5318777445147883	0.46812225548521136
0.5315336853653446	0.46846631463465505
0.5312801973026913	0.46871980269730834
0.5318401369901682	0.4681598630098314
0.5311433572584914	0.4688566427415083
0.5317741667455885	0.4682258332544111
0.5314070162087733	0.4685929837912264
0.531674853040185	0.46832514695981464
0.5318221051140432	0.46817789488595657
0.5311419462204137	0.46885805377958595
0.5316636271813912	0.46833637281860857
0.5314972996824734	0.4685027003175263
0.5316804639498429	0.4683195360501568
0.5312133984667456	0.468786601533254
0.5311999341301612	0.46880006586983847
0.5315786657815708	0.46842133421842885
0.5313891634799323	0.4686108365200674
0.5319262239481438	0.46807377605185585
0.5311824523899398	0.4688175476100599
0.5315850229876451	0.46841497701235457
0.5316064612475812	0.4683935387524185
0.5319754770043372	0.4680245229956624
0.531106229237489	0.4688937707625107
0.5314391124494225	0.4685608875505772
0.5312861100858794	0.46871388991412016
0.5313243250049946	0.4686756749950051
0.5311572057932535	0.4688427942067461
0.5314412790275668	0.4685587209724329
0.5319324046868835	0.46806759531311615
0.531816576094638	0.46818342390536166
0.5312895400733835	0.46871045992661625
0.5317795106777794	0.46822048932222027
0.5315495405652837	0.46845045943471597
0.531388463388455	0.4686115366115447
0.5318440025560893	0.46815599744391034
0.5313866713145124	0.4686133286854872
0.5311231129964668	0.4688768870035329
0.5314919315952656	0.46850806840473397
0.5319439500949315	0.46805604990506827
0.5316755650776651	0.46832443492233455
0.531432616708506	0.4685673832914937
0.5311453412619278	0.46885465873807186
0.5314321541171474	0.4685678458828523
0.5313867991920801	0.46861320080791957
0.5317343668208137	0.46826563317918607
0.5319096098249728	0.46809039017502685
0.5311179517427442	0.46888204825725543
0.5311107526435432	0.4688892473564564
0.53159825777522	0.4684017422247797
0.5312411963362439	0.4687588036637558
0.5311729360288094	0.4688270639711903
0.5310882177787473	0.4689117822212524
0.5314024885336869	0.46859751146631284
0.5316360256358414	0.4683639743641582
0.5315120671869343	0.46848793281306533
0.5317124933930761	0.4682875066069235
0.5316678942893838	0.4683321057106159
0.5314063323058064	0.46859366769419325
0.5313559375812986	0.4686440624187011
0.5319201290346223	0.46807987096537745
0.5319328555858642	0.4680671444141354
0.5316875962936407	0.46831240370635896
0.5312810013297672	0.4687189986702324
0.5313369472208811	0.4686630527791185
0.5318217882810584	0.46817821171894125
0.5315540723005815	0.46844592769941823
0.5319734496989031	0.4680265503010965
0.5314095001336803	0.4685904998663194
0.5313442468550726	0.46865575314492697
0.5313955867057552	0.4686044132942445
0.5317511936614437	0.4682488063385559
0.5317031192813099	0.4682968807186898
0.5312320460918093	0.46876795390819037
0.5313160202074367	0.46868397979256293
0.5317054377094876	0.46829456229051203
0.5312636338378959	0.4687363661621038
0.5317632228932003	0.4682367771067994
0.5312846992662719	0.46871530073372775
0.5311468963474689	0.4688531036525307
0.53164966346966	0.4683503365303396
0.5315060821725772	0.46849391782742245
0.5312479372622587	0.46875206273774095
0.5310201135363799	0.46897988646361977
0.5319438973507863	0.46805610264921343
0.5314994351492106	0.46850056485078906
0.5312731030737454	0.46872689692625424
0.5310882144859436	0.4689117855140561
0.5313505720025309	0.4686494279974687
0.5311257253088805	0.46887427469111925
0.531325006964022	0.4686749930359777
0.5318191271110165	0.46818087288898314
0.5310680293822655	0.4689319706177342
0.5317696267363651	0.4682303732636346
0.5313565193220195	0.4686434806779801
0.5317157157659629	0.4682842842340368
0.5312936008603723	0.46870639913962747
0.5315592495874566	0.46844075041254307
0.5312467658390648	0.4687532341609349
0.5314634771982228	0.4685365228017769
0.5310449458264592	0.46895505417354044
0.5316459928051368	0.46835400719486286
0.5316500851376877	0.4683499148623119
0.5317439831561924	0.46825601684380724
0.5316941435431743	0.46830585645682526
0.5316298534704582	0.4683701465295415
0.5310480057537446	0.46895199424625506
0.5313584010082806	0.46864159899171903
0.531644099907414	0.46835590009258565
0.5312203899021118	0.4687796100978879
0.5318215673507171	0.4681784326492826
0.53194444478743	0.4680555552125697
0.5317405307990279	0.4682594692009717
0.5313497293755817	0.468650270624418
0.5310131594523407	0.4689868405476589
0.5314495121492484	0.46855048785075126
0.531440815825546	0.46855918417445364
0.5315838411915583	0.46841615880844134
0.5314087517378974	0.4685912482621023
0.5318767951744128	0.46812320482558684
0.531209537264608	0.46879046273539177
0.531828659109705	0.46817134089029466
0.5318148170154963	0.4681851829845034
0.5315185697540703	0.4684814302459293
0.5315771897609542	0.4684228102390454
0.5319774539879714	0.46802254601202825
0.5318586968676673	0.46814130313233243
0.5316853999184041	0.46831460008159553
0.5319476862968578	0.4680523137031418
0.5314673031021349	0.4685326968978648
0.5314041379987561	0.4685958620012436
0.5314781850793231	0.4685218149206766
0.5318966203571869	0.4681033796428128
0.5311415494855422	0.4688584505144575
0.5310727200997354	0.4689272799002642
0.5315804139650577	0.46841958603494194
0.531698390797634	0.4683016092023656
0.5314228116553995	0.46857718834460016
0.5312986715318857	0.46870132846811396
0.531911029983176	0.4680889700168237
0.5312011009668343	0.4687988990331654
0.5310771094713943	0.46892289052860536
0.5318388546927478	0.46816114530725184
0.5310439381084044	0.4689560618915953
0.5316250385715533	0.4683749614284463
0.5312508563614851	0.46874914363851455
0.5311719841956375	0.46882801580436223
0.5312645336221137	0.468735466377886
0.5313605865840735	0.4686394134159262
0.5311750762172498	0.4688249237827499
0.5314840252521094	0.4685159747478903
0.5313284117547217	0.468671588245278
0.5313257491859321	0.46867425081406755
0.5319924125659657	0.46800758743403387
0.5310035517015009	0.4689964482984988
0.5313554456546651	0.4686445543453346
0.5318309828343658	0.46816901716563386
0.5311901831824993	0.46880981681750034
0.5311732099717605	0.4688267900282391
0.5313065715415008	0.4686934284584988
0.5311437170493899	0.46885628295060977
0.5317798440111059	0.46822015598889377
0.5314209191603819	0.46857908083961775
0.5318391025602008	0.46816089743979883
0.5314772937083212	0.4685227062916784
0.5310212790378062	0.4689787209621935
0.5318802555088152	0.46811974449118443
0.5314144868711459	0.46858551312885377
0.5318046583266152	0.4681953416733845
0.5312651096954004	0.4687348903045993
0.5314576155899472	0.46854238441005247
0.5318826327265835	0.4681173672734162
0.5310996335460499	0.46890036645394967
0.531656453782682	0.46834354621731766
0.5316432051838755	0.4683567948161242
0.5318771280692317	0.46812287193076796
0.5316918474514645	0.4683081525485352
0.5319184380413658	0.4680815619586339
0.5312682551053746	0.4687317448946251
0.5313027163802211	0.4686972836197785
0.531940379362682	0.46805962063731765
0.5319529258007896	0.46804707419921016
0.5317515766156973	0.4682484233843024
0.5316830201868925	0.46831697981310716
0.5313859234128033	0.46861407658719634
0.5319873482813076	0.4680126517186921
0.5315781094275488	0.4684218905724508
0.5312603695429512	0.4687396304570485
0.531050143843768	0.4689498561562317
0.5317586896791657	0.46824131032083394
0.5315359573418358	0.4684640426581639
0.5310543202930526	0.4689456797069471
0.5318917172726377	0.4681082827273619
0.5317494252188327	0.46825057478116694
0.5315297796715037	0.46847022032849595
0.5310159650820906	0.4689840349179091
0.531864514177738	0.4681354858222617
0.531474450276582	0.4685255497234176
0.5318436497986452	0.46815635020135454
0.5317733108968415	0.46822668910315807
0.531834607823148	0.4681653921768517
0.5317557515124436	0.46824424848755614
0.531242107812206	0.4687578921877936
0.5310960313353829	0.4689039686646168
0.5313858895467501	0.4686141104532495
0.5316586103191366	0.46834138968086303
0.531345363034239	0.4686546369657607
0.5314788680862494	0.4685211319137503
0.5311388413678665	0.46886115863213323
0.5312085879772003	0.46879141202279945
0.5319452768615796	0.46805472313842006
0.5319500513631987	0.46804994863680094
0.5319331616638511	0.4680668383361486
0.5318742206356067	0.4681257793643929
0.5313698179600257	0.46863018203997403
0.5319352966648242	0.4680647033351754
0.5310079124191147	0.46899208758088495
0.5311452520660292	0.4688547479339704
0.5316043354277016	0.4683956645722981
0.531979656199728	0.46802034380027163
0.5314406017279054	0.46855939827209425
0.5314704221394341	0.4685295778605656
0.5310704402576024	0.46892955974239725
0.5315471345587649	0.46845286544123477
0.5310842846929352	0.4689157153070644
0.5316744927821122	0.46832550721788746
0.5318985989825692	0.46810140101743053
0.5314752029191792	0.4685247970808205
0.5315536579155894	0.4684463420844102
0.5315898178554687	0.468410182144531
0.5310759253549721	0.46892407464502756
0.5316107098132217	0.468389290186778
0.5311216683660029	0.4688783316339967
0.531406834473641	0.46859316552635866
0.5315977369082237	0.468402263091776
0.5312305081798738	0.46876949182012584
0.5317253379073731	0.4682746620926266
0.5313215609498708	0.4686784390501289
0.5318904142767769	0.46810958572322287
0.5312356333998395	0.46876436660016024
0.5312160208283736	0.46878397917162606
0.5317573083952588	0.46824269160474086
0.5316171211160239	0.46838287888397573
0.5312300047276077	0.468769995272392
0.5310369996164259	0.46896300038357375
0.5311427998160877	0.46885720018391197
0.531100007668191	0.46889999233180873
0.5313146220442299	0.4686853779557698
0.5316999575350122	0.4683000424649874
0.5317021263819767	0.46829787361802305
0.5313398205226351	0.46866017947736466
0.5313824969383707	0.46861750306162897
0.5315195121587001	0.46848048784129964
0.5315919039576277	0.468408096042372
0.5314743347824942	0.46852566521750555
0.5315940569763767	0.4684059430236229
0.5310777082451332	0.46892229175486644
0.5310348671904521	0.4689651328095475
0.5312026057699253	0.4687973942300743
0.5310894370973269	0.46891056290267275
0.53192518939526	0.46807481060473966
0.5313201228680514	0.46867987713194825
0.5319526633586339	0.4680473366413658
0.5311838246501471	0.46881617534985254
0.531042548473281	0.46895745152671864
0.5314027328968112	0.46859726710318855
0.5310865830612457	0.468913416938754
0.5313610166376886	0.468638983362311
0.5319561837650025	0.46804381623499713
0.5316892045656669	0.46831079543433274
0.5317379330743938	0.4682620669256059
0.5318759774472456	0.4681240225527541
0.5313979111057757	0.46860208889422394
0.5316272221295296	0.46837277787047005
0.5315412394098782	0.46845876059012154
0.5318725521434481	0.4681274478565515
0.5319791680341066	0.46802083196589306
0.5318830567823183	0.4681169432176813
0.5312190795033475	0.4687809204966522
0.5313112435140868	0.46868875648591296
0.5318403150773791	0.46815968492262067
0.531076278663874	0.4689237213361257
0.5319601501084233	0.4680398498915763
0.5316097100716876	0.46839028992831216
0.5316370912226143	0.4683629087773854
0.5316504265257584	0.4683495734742413
0.531217119381407	0.4687828806185927
0.5319179704244915	0.46808202957550815
0.53115922150107	0.4688407784989297
0.5314179117197659	0.46858208828023373
0.5319908422499233	0.46800915775007634
0.5316329870707633	0.4683670129292364
0.5317180879350394	0.4682819120649603
0.5312981144841771	0.46870188551582265
0.5317651224764511	0.46823487752354853
0.5316610640581482	0.4683389359418515
0.5312278383810303	0.4687721616189694
0.5318374652153075	0.46816253478469216
0.5314040290057106	0.46859597099428907
0.5319205829527459	0.4680794170472538
0.5315618095599626	0.46843819044003704
0.5312902996241173	0.4687097003758823
0.5311131155437714	0.4688868844562283
0.5312967721655258	0.46870322783447377
0.531325135616921	0.46867486438307876
0.531908067933933	0.46809193206606675
0.5315437508394864	0.4684562491605133
0.5312294907571762	0.46877050924282354
0.5319270775955468	0.4680729224044528
0.5314979168229532	0.46850208317704645
0.5316141498679473	0.46838585013205236
0.5313294855019184	0.4686705144980812
0.5311435834720577	0.46885641652794197
0.5313426392764314	0.46865736072356823
0.5310728772285495	0.4689271227714502
0.531101642309874	0.46889835769012567
0.5316084244877132	0.4683915755122865
0.5316000707403254	0.4683999292596743
0.5317437732361313	0.4682562267638684
0.5313166434612143	0.4686833565387854
0.5314081296359745	0.46859187036402516
0.5318001640939648	0.4681998359060348
0.5316750109750751	0.4683249890249246
0.5317423475515661	0.4682576524484335
0.5318337680242364	0.4681662319757633
0.5313901987480458	0.4686098012519538
0.5318904443657313	0.4681095556342684
0.5316362513079992	0.4683637486920005
0.531401651095266	0.4685983489047337
0.5316964344777979	0.46830356552220176
0.5317871848138512	0.46821281518614843
0.5318764126401923	0.46812358735980736
0.5319842574197706	0.46801574258022904
0.5313401126671426	0.468659887332857
0.5319495737437855	0.4680504262562142
0.5313154920087271	0.4686845079912726
0.5316851965617373	0.46831480343826243
0.5318500676579109	0.4681499323420888
0.5315886542088039	0.4684113457911958
0.5316945973542097	0.46830540264579
0.5318808505409599	0.46811914945903976
0.5316565829903023	0.46834341700969745
0.5316276416666398	0.4683723583333599
0.5315750250486277	0.46842497495137186
0.5315799156820906	0.46842008431790905
0.5318387568395925	0.46816124316040725
0.5315006511661323	0.46849934883386735
0.5314469228654464	0.46855307713455324
0.5318049543126859	0.4681950456873137
0.5317137776411948	0.4682862223588049
0.5317287474603958	0.46827125253960394
0.5313174902540929	0.46868250974590675
0.5311368510749394	0.4688631489250603
0.5318122765828724	0.4681877234171272
0.5318807677134008	0.4681192322865989
0.5311194294527327	0.468880570547267
0.5316680748287766	0.468331925171223
0.5312403470347227	0.46875965296527705
0.5316870881725756	0.46831291182742407
0.5311704477201153	0.4688295522798843
0.5311715894873931	0.4688284105126066
0.5319085943868644	0.4680914056131353
0.5315538615821235	0.4684461384178762
0.5311736572497275	0.46882634275027213
0.5314356568221239	0.46856434317787576
0.5316173163072783	0.4683826836927214
0.5319393821132342	0.4680606178867655
0.5316829670525007	0.4683170329474989
0.5310194096911229	0.4689805903088768
0.5310052838444541	0.4689947161555455
0.5310323579391764	0.46896764206082336
0.5315555087003496	0.46844449129965
0.5317405350933759	0.46825946490662373
0.5319051888542803	0.46809481114571944
0.5311056636970702	0.46889433630292937
0.531935658492401	0.46806434150759874
0.5314400678042286	0.4685599321957711
0.5319688204373331	0.4680311795626666
0.5312972534831903	0.4687027465168093
0.5310776519612949	0.4689223480387048
0.531694876800741	0.4683051231992587
0.5310079382526836	0.46899206174731617
0.5318470539172282	0.4681529460827714
0.5310736002787181	0.4689263997212816
0.5318515650882312	0.46814843491176855
0.5313035879489876	0.46869641205101203
0.5315407837778658	0.4684592162221339
0.5315315235317348	0.46846847646826484
0.5315336084025079	0.4684663915974918
0.5310059448736251	0.4689940551263746
0.5318285002194643	0.4681714997805354
0.5315571959041566	0.4684428040958431
0.5319165001702596	0.46808349982974
0.5315106902828085	0.46848930971719116
0.5313037032288126	0.468696296771187
0.5313510919864433	0.46864890801355646
0.5314507670882599	0.4685492329117398
0.5316101776439879	0.46838982235601184
0.5311267777859278	0.4688732222140719
0.531179337056205	0.4688206629437946
0.5317378829863991	0.46826211701360054
0.5313069561068834	0.4686930438931163
0.5315096001400788	0.46849039985992097
0.5312837069539866	0.46871629304601303
0.531967951145788	0.4680320488542117
0.5317444809351157	0.468255519064884
0.5313339153367747	0.468666084663225
0.5313425134090852	0.4686574865909144
0.5314753932458475	0.4685246067541522
0.5312619083850134	0.46873809161498625
0.5312347444596195	0.4687652555403802
0.5318381172787017	0.46816188272129805
0.531556831436241	0.4684431685637586
0.5319017121221965	0.4680982878778032
0.5316066725790336	0.4683933274209661
0.5311604061124366	0.468839593887563
0.5317828062385541	0.4682171937614456
0.5310909599191681	0.46890904008083156
0.5317570781423996	0.46824292185760014
0.5316887483497149	0.46831125165028475
0.5314991501847549	0.46850084981524476
0.531383963137592	0.4686160368624077
0.5315417339262152	0.4684582660737845
0.5314461542582909	0.46855384574170883
0.5318971014634261	0.46810289853657366
0.5310383744524395	0.46896162554756016
0.5317565053641776	0.46824349463582204
0.5314793523745964	0.46852064762540324
0.5310733290670816	0.46892667093291807
0.5316551950638384	0.46834480493616126
0.5316715077007037	0.46832849229929596
0.5311385407197786	0.46886145928022105
0.5312417210656581	0.4687582789343415
0.5311970067079582	0.46880299329204145
0.5314400652184261	0.46855993478157354
0.5312073803140034	0.46879261968599634
0.5317125598747731	0.4682874401252266
0.5310622273916505	0.4689377726083492
0.5316495239768201	0.4683504760231796
0.5319615111343953	0.46803848886560434
0.5310317932248164	0.4689682067751833
0.531583712095935	0.4684162879040646
0.5313723797031299	0.4686276202968698
0.5311057375666489	0.46889426243335075
0.531608367459762	0.46839163254023763
