0.57300395938881	0.11845278045427751	0.3085432601569126
0.6267439780530195	0.05169685576263039	0.32155916618435015
0.5016158160954929	0.235120743653564	0.26326344025094317
0.3875224236669061	0.45805313239857903	0.15442444393451493
0.2170225855478776	0.6894501429665794	0.09352727148554324
0.0799998480709791	0.5206835787654862	0.39931657316353475
0.034311309079804175	0.4295861515042862	0.5361025394159098
0.32267104271276703	0.10751941364797674	0.5698095436392563
0.3865526789310936	0.1780233095232452	0.43542401154566135
0.5942488437997329	0.2797073676210897	0.12604378857917747
0.6815821240588225	0.11997214446157473	0.19844573147960295
0.2632510740982666	0.23438590217989297	0.5023630237218406
0.442359308425399	0.11220123706604357	0.44543945450855754
0.22212990738705585	0.6857206097336496	0.0921494828792947
0.23107868352015687	0.575392511237785	0.1935288052420583
0.50041555082165	0.39488253915312377	0.10470191002522633
0.3067541407433212	0.20046182809026164	0.4927840311664172
0.2077067804056704	0.6015059086367673	0.19078731095756235
0.5185159402509678	0.19640016129443505	0.28508389845459725
0.1774894381594615	0.5399695027090257	0.282541059131513
0.06376962850977874	0.8308560249893642	0.10537434650085725
0.58997203156518	0.08312322400180827	0.32690474443301193
0.5664111636103911	0.1994888299001887	0.2341000064894203
0.48426792111984823	0.059833604431012655	0.4558984744491392
0.3463937822544286	0.2834832019974202	0.3701230157481513
0.19658301510295664	0.43552329304311915	0.3678936918539243
0.25845882126630204	0.14368007554868323	0.5978611031850148
0.2248731720901777	0.3340671885059883	0.4410596394038341
0.4772145607605917	0.21252730043102064	0.31025813880838776
0.5823602746214394	0.29895610408779694	0.11868362129076382
0.050850514274653036	0.695933079331764	0.2532164063935831
0.6806056584515424	0.10840127057733703	0.21099307097112063
0.4810146930537677	0.19815857708028234	0.32082672986595007
0.8291277225803445	0.07315715422277558	0.09771512319688003
0.2732348494962431	0.40577473629493116	0.32099041420882585
0.14059664430512736	0.27615079076024546	0.5832525649346273
0.48342456074970824	0.1832670284022807	0.33330841084801116
0.7024303423022407	0.11887142091382	0.17869823678393948
0.14980388077801668	0.4925474950121037	0.35764862420987975
0.2422334753518701	0.2621648096645266	0.49560171498360345
0.12038058865195361	0.43391402973674575	0.44570538161130074
0.40482359452845385	0.11569266091429176	0.4794837445572545
0.048829309271369414	0.4570093407793175	0.4941613499493132
0.19630110663020597	0.24388132995381706	0.5598175634159771
0.2662302625691258	0.38807862016094746	0.34569111726992685
0.8166916297670617	0.06647249295943386	0.11683587727350458
0.23708696322730166	0.22323410744282965	0.5396789293298688
0.15880992347848452	0.30991169856569034	0.5312783779558252
0.11072607930671663	0.7632054619458396	0.12606845874744388
0.10631619042061183	0.30273469648736057	0.5909491130920277
0.22805152155440758	0.3745176848692793	0.3974307935763133
0.5148585678473165	0.2734025788686472	0.21173885328403635
0.36014085423446845	0.10367452628125878	0.5361846194842729
0.20660207336137773	0.41389889421138015	0.3794990324272422
0.32709672648583493	0.15086533697858603	0.5220379365355792
0.3343178371873663	0.34666102501979346	0.3190211377928403
0.07958688960552651	0.7740806091415169	0.1463325012529568
0.02970282774897315	0.41050288250662603	0.5597942897444009
0.5305082702298152	0.06783910033280094	0.40165262943738406
0.3302837734844917	0.4018990550230663	0.2678171714924421
0.5646521795307373	0.0485218129277612	0.38682600754150154
0.30859414165324817	0.2641631437575418	0.42724271458921015
0.2508848514639502	0.567880219430917	0.18123492910513295
0.36473405167357903	0.16797641879666406	0.46728952952975705
0.25715316002609173	0.4155308183846886	0.3273160215892198
0.11157089354652663	0.5789832637164817	0.3094458427369918
0.13579968952659877	0.27048640653861133	0.5937139039347901
0.8508123553614763	0.03845784976011757	0.11072979487840615
0.46370789099005144	0.31712334699782496	0.21916876201212376
0.2933368779398718	0.38373643509695526	0.32292668696317306
0.6064862654766872	0.1972498812212001	0.19626385330211282
0.25265243956064026	0.41170213646661163	0.3356454239727482
0.12420421353368538	0.635501121852909	0.24029466461340573
0.03110732795863458	0.7909660538634101	0.17792661817795546
0.28095103787515374	0.2845169674743776	0.43453199465046877
0.2522024378333021	0.42099210118422653	0.3268054609824715
0.4608979627397728	0.0805870133367027	0.45851502392352467
0.3310056130685609	0.2925076681521406	0.3764867187792986
0.08113541159334575	0.4232497959281115	0.49561479247854284
0.23668763860637493	0.4614389509121075	0.30187341048151767
0.23459509331681422	0.26125721943597613	0.5041476872472097
0.23846196902138933	0.2519745229102349	0.5095635080683758
0.14468799683994515	0.6812613146019848	0.17405068855807018
0.22602379156731098	0.31684277244529524	0.4571334359873939
0.20872476987574498	0.39560904431377925	0.39566618581047586
0.42371725444870356	0.22527788775853883	0.3510048577927577
0.031276805621827775	0.47598589493098103	0.49273729944719136
0.545047358484994	0.10949510392224918	0.345457537592757
0.30215853370584445	0.13815591300832036	0.5596855532858354
0.14952177089260288	0.6909390085454875	0.15953922056190978
0.5238032901019898	0.3844801884523976	0.09171652144561265
0.48872527716761566	0.05139313408746948	0.45988158874491497
0.14890014407691998	0.7352602391882311	0.115839616734849
0.3902517616331563	0.14776753836328585	0.46198070000355795
0.3331924248438132	0.344066724476392	0.3227408506797949
0.46849104397280233	0.10703222814463434	0.4244767278825634
0.8412734974867433	0.047507321229095845	0.11121918128416103
0.11679946014922316	0.43101648726126063	0.4521840525895163
0.4562729665977957	0.2680599137039261	0.2756671196982783
0.7275335523919901	0.18050192083321553	0.09196452677479436
0.3598757078595635	0.13124751188399694	0.5088767802564397
0.6638010954887106	0.19050762538688087	0.14569127912440863
0.3895867058800673	0.03394778175833818	0.5764655123615947
0.43461610761805686	0.07756748095164595	0.4878164114302973
0.08774075782015894	0.7351491893366566	0.1771100528431845
0.5135843220229406	0.39705238997556985	0.08936328800148974
0.5904125689257302	0.037071735603834144	0.3725156954704356
0.3227093458967933	0.522410240318568	0.15488041378463893
0.45878157855657875	0.44875427194037626	0.0924641495030451
0.6204197270820047	0.12647460879678088	0.2531056641212146
0.6061338124729607	0.1689251577289699	0.22494102979806943
0.27364309004090387	0.3246020831557141	0.40175482680338215
0.533013945321414	0.3249742944962739	0.14201176018231218
0.4916878105539946	0.4149700905475355	0.09334209889847006
0.5310088145798261	0.3263491611664415	0.1426420242537325
0.08831921634079559	0.6393291438476011	0.27235163981160343
0.6446100883278312	0.07962599099094103	0.2757639206812278
0.6103364291112623	0.15248430036251315	0.23717927052622462
0.5069462327877379	0.1565374181691452	0.33651634904311706
0.42977918203642235	0.03210959396426938	0.5381112239993084
0.3702042230509753	0.4403720980768951	0.18942367887212974
0.42254919770590876	0.1269686727827589	0.4504821295113325
0.3047505414017661	0.3588199127603575	0.33642954583787654
0.06669158221257249	0.5026734536112316	0.43063496417619607
0.2020181442227148	0.35384708268591625	0.44413477309136906
0.04755218738051259	0.8314760440623452	0.12097176855714231
0.5923134422719698	0.284114289204894	0.12357226852313624
0.5656543720264465	0.18927454604014676	0.2450710819334068
0.4276333401886053	0.4125381675487849	0.1598284922626099
0.22191678084112285	0.5427063310285478	0.23537688813032953
0.42546107449414955	0.44412962059228905	0.1304093049135615
0.04861102445127058	0.7546997261533778	0.19668924939535173
0.03173107059961039	0.5123207667587126	0.4559481626416772
0.4955717544088495	0.07935149307077527	0.42507675252037536
0.3790983249564845	0.420663355225528	0.20023831981798765
0.18177474065938276	0.4774159302065444	0.340809329134073
0.14821591974822043	0.3519014967470921	0.4998825835046876
0.22398838097054857	0.46275368873202416	0.31325793029742743
0.3451836748894193	0.2390518555915105	0.4157644695190703
0.15261548712887982	0.3158341560959308	0.5315503567751896
0.4221873208790185	0.33165338770765707	0.24615929141332454
0.21529022178263138	0.40944948001368786	0.3752602982036809
0.42552747999518514	0.24074815821804033	0.33372436178677467
0.42577102759535324	0.07183440176277384	0.5023945706418731
0.7344344533472812	0.14907898677105136	0.11648655988166756
0.1460584319578449	0.6394765104981526	0.21446505754400255
0.5171695008072739	0.03983280098398617	0.4429976982087401
0.09876633570896429	0.6873149352731305	0.21391872901790537
0.3476123766541865	0.34514394221435124	0.3072436811314624
0.40373768991454795	0.3809347202703508	0.21532758981510136
0.41743950751340564	0.25652963555185104	0.32603085693474343
0.2015302114282831	0.4447334815359831	0.353736307035734
0.7212447169790561	0.04781154460390952	0.23094373841703447
0.2819930374917282	0.38354002072178095	0.33446694178649095
0.07370978773488995	0.7398595766140174	0.18643063565109286
0.7180597731205653	0.1653467370359752	0.11659348984345963
0.4399759746589769	0.09842775499922687	0.4615962703417963
0.17965365951128673	0.5354475918316627	0.2848987486570507
0.7058235260346736	0.15888569257494134	0.1352907813903852
0.07110683933517459	0.3431042058330512	0.5857889548317743
0.5166562360371113	0.32490581945622926	0.15843794450665957
0.49021593564385185	0.408274171230925	0.10150989312522327
0.2936903275451106	0.32557875206907383	0.3807309203858157
0.4940104315741748	0.23473298824212677	0.27125658018369847
0.08919531067122238	0.390543370206682	0.5202613191220957
0.42577994590358026	0.1882022934421696	0.3860177606542502
0.22189119520295572	0.22982944642781436	0.54827935836923
0.37082011279627913	0.5174793058746842	0.1117005813290369
0.14704545725595142	0.3235272102674278	0.5294273324766209
0.44164363106271465	0.09671158739554264	0.4616447815417428
0.0411949256104992	0.8564455728458387	0.10235950154366236
0.3743190506654357	0.47705026490763747	0.14863068442692695
0.10299437101094228	0.6067202069532085	0.29028542203584934
0.3530059138615599	0.34064694501164405	0.3063471411267961
0.6337143300849523	0.0725036889643465	0.2937819809507013
0.5216287464014359	0.07274238362592356	0.4056288699726407
0.530608585215317	0.22780496126667996	0.2415864535180032
0.462372714284627	0.12317489975179716	0.4144523859635759
0.29842632268973374	0.25552903645793046	0.4460446408523359
0.12893073156331558	0.347285204160682	0.5237840642760025
0.3077065409049645	0.34974517874360006	0.34254828035143553
0.41537837053819887	0.25907313544311333	0.3255484940186879
0.8643492210047689	0.03888678935938855	0.0967639896358426
0.5808220721080929	0.13367431936637758	0.2855036085255296
0.746375028112009	0.1350461614297277	0.11857881045826335
0.5224128124270293	0.32388781609953243	0.15369937147343835
0.38113737000418657	0.40952790383126947	0.20933472616454404
0.10832732722475508	0.32362621073681985	0.5680464620384251
0.26600268564966906	0.47553033426567687	0.2584669800846542
0.30153754798063587	0.22493871163201679	0.47352374038734746
0.23607362516570607	0.38430054318376516	0.3796258316505289
0.3972621825929904	0.4039828675947516	0.19875494981225805
0.24249948809946248	0.3755069863061036	0.38199352559443406
0.5198934923191889	0.18664875937412073	0.29345774830669047
0.5045584146398063	0.06416779450221494	0.4312737908579788
0.5166302092740054	0.3247482354937589	0.1586215552322357
0.7509607418693316	0.0889868893076835	0.16005236882298496
0.38656960250287403	0.0968824571709476	0.5165479403261785
0.07655404485965867	0.4672422211338657	0.45620373400647574
0.050479124164668265	0.4925284350223358	0.4569924408129961
0.4435985903378579	0.05117821892711916	0.505223190735023
0.6735861442171169	0.19040959292069373	0.13600426286218936
0.396778560184035	0.054354370869953594	0.5488670689460116
0.42144649410411505	0.047239063105270096	0.531314442790615
0.48987456633411697	0.1619021405257653	0.34822329314011785
0.040814542025903455	0.5932548582307646	0.3659305997433321
0.49082303908764136	0.3676187854725324	0.14155817543982632
0.11034740350301414	0.5723256341567194	0.3173269623402666
0.25329753846579495	0.434139622008369	0.31256283952583613
0.3452078918157205	0.13709350541188745	0.5176986027723921
0.36219665602497486	0.08754450754435839	0.5502588364306669
0.36801238518570567	0.131883857894348	0.5001037569199465
0.12482280675283586	0.7231689656610585	0.1520082275861058
0.28396981303597596	0.49803130691398106	0.2179988800500431
0.2650269917463352	0.33362998228002394	0.40134302597364097
0.10747113148361132	0.29474628637241834	0.5977825821439705
0.05584473620856639	0.8363566714225542	0.10779859236887951
0.35724052207056695	0.27654230520745715	0.36621717272197607
0.6177071206896915	0.21297215616357842	0.16932072314673025
0.22625107242749304	0.3580774979192717	0.41567142965323545
0.5580460401552834	0.11950155284488712	0.3224524069998296
0.1828005631666707	0.249795271905686	0.5674041649276435
0.3221838814940415	0.23848560628974075	0.4393305122162179
0.6258214028075553	0.15912097160236727	0.21505762559007763
0.2826171481900743	0.4926442916702095	0.22473856013971627
0.4174227833598357	0.4209093446491332	0.16166787199103122
0.26048862964021013	0.41291164286474347	0.3265997274950465
0.12666899059056108	0.48227072002623306	0.391060289383206
0.6391548578091205	0.05203491398651494	0.3088102282043646
0.11078882494661518	0.5323293427891717	0.3568818322642133
0.4458930926030008	0.19599335582701607	0.35811355156998326
0.32709410419708357	0.37071212136724807	0.30219377443566847
0.16172455820806683	0.5989233855771796	0.23935205621475367
0.4617020507242019	0.13663074563633765	0.40166720363946057
0.7541071043860048	0.04201756847580468	0.20387532713819057
0.15641829949110816	0.5390099808205748	0.3045717196883171
0.28350318966563653	0.35967600282526785	0.3568208075090957
0.4198133984922161	0.40799503724900704	0.17219156425877694
0.344377073923763	0.39927851256056923	0.2563444135156679
0.3507970945142807	0.3363840491370615	0.3128188563486579
0.1910588902971375	0.5913305416565191	0.2176105680463436
0.550956394436478	0.13368829046889413	0.31535531509462794
0.451695224548449	0.14778875351886345	0.40051602193268765
0.6246337333305072	0.1563285290597082	0.21903773760978468
0.633546762802506	0.06505180753635748	0.30140142966113664
0.07839941003423834	0.5193730829047094	0.4022275070610523
0.353671288719949	0.46688378838012023	0.1794449228999309
0.5405355862784693	0.2481251590189526	0.21133925470257825
0.05369014472397532	0.7014614980502034	0.24484835722582135
0.3902200779261273	0.3154737400456196	0.29430618202825315
0.444968013959561	0.06579256875957845	0.4892394172808607
0.7735827942469806	0.1186583069625462	0.10775889879047326
0.09001736461039872	0.4155190898589651	0.4944635455306364
0.22356797487404545	0.6509771590518427	0.125454866074112
0.718056340523921	0.1420834710062516	0.13986018846982745
0.37529655188856575	0.21033248520763165	0.4143709629038027
0.44668294854434043	0.3410784772827558	0.21223857417290382
0.4648330463082028	0.28705890066921813	0.24810805302257916
0.04709964943781658	0.6640331333078751	0.2888672172543085
0.18064773310158316	0.6229983314557729	0.19635393544264407
0.03843907381589956	0.3964325590163691	0.5651283671677315
0.3976140445692762	0.4879793997658365	0.11440655566488739
0.6687631207347879	0.2203214610028291	0.1109154182623831
0.38830946500076297	0.3478452532942296	0.26384528170500754
0.3458239769733756	0.33259883703150256	0.321577185995122
0.3135222125349928	0.1639075757979806	0.5225702116670268
0.8445009587712363	0.04199893147411571	0.11350010975464808
0.5240765835998724	0.09776828506324825	0.3781551313368795
0.47648672356020466	0.030948859138721252	0.4925644173010742
0.30842650368544167	0.4236167098460912	0.2679567864684673
0.44804058959478776	0.22650232835139117	0.3254570820538212
0.14551202096019505	0.38942128113705915	0.46506669790274596
0.7788658179125975	0.10580722897039846	0.11532695311700408
0.7895038141875639	0.030282910660040185	0.18021327515239605
0.07237115011656353	0.820604946095927	0.1070239037875095
0.16439645654936264	0.4356069975126446	0.3999965459379929
0.5595868494775333	0.20784613797775092	0.23256701254471587
0.3192164175291566	0.1719351710474286	0.508848411423415
0.19750920702863697	0.2293448000724424	0.5731459928989208
0.4673062312117855	0.25401943116695846	0.27867433762125615
0.08833003256538213	0.739738541762734	0.17193142567188405
0.12018963538440136	0.5385336941965428	0.3412766704190559
0.3818448673815613	0.1130370501781561	0.5051180824402827
0.49755576607100355	0.23344642463712922	0.26899780929186734
0.4276331477078277	0.3180782968049843	0.25428855548718815
0.17121232737811742	0.5882202289215955	0.24056744370028715
0.7212369132351634	0.09818298173263629	0.18058010503220043
0.44391017129346694	0.18073042615454915	0.37535940255198397
0.13749088746432925	0.36569704521268354	0.4968120673229874
0.43355702214103475	0.4278272589915871	0.13861571886737825
0.24003201115591405	0.47401320449248274	0.2859547843516034
0.07718730522381834	0.45739350640190074	0.4654191883742811
0.21185288003330616	0.39953360506813185	0.38861351489856216
0.3785723740840163	0.20899572827638946	0.41243189763959437
0.3105010418049623	0.23353128024974196	0.45596767794529586
0.39651798972847835	0.1496691388615775	0.45381287140994425
0.14118268084063673	0.7154194118264713	0.14339790733289212
0.570793008432455	0.10215248356931547	0.3270545079982297
0.06546547231413219	0.5654353562846439	0.36909917140122395
0.06491710976815923	0.41186161788571896	0.523221272346122
0.3780860341347571	0.17495055192900255	0.4469634139362404
0.0940530253531087	0.44777330829148193	0.45817366635540946
0.06897913477414591	0.38198360540072385	0.5490372598251303
0.3955612260221465	0.4070290196978864	0.1974097542799672
0.4447034286552708	0.29931505376118794	0.2559815175835414
0.4434208868631046	0.06913644901258104	0.4874426641243145
0.7762622414303766	0.09285990818108408	0.1308778503885395
0.6970371858518878	0.10159837484666526	0.20136443930144715
0.3289515019213375	0.18599127703208823	0.48505722104657434
0.44622879283622785	0.09670194844303484	0.4570692587207374
0.19215880769245586	0.6071670284308174	0.20067416387672693
0.2550319517093879	0.4546734865901126	0.2902945617004996
0.32319182098275956	0.13063049850019437	0.5461776805170462
0.2536937312334288	0.2689904741634205	0.4773157946031508
0.07312878459552791	0.8161252837047547	0.11074593169971744
0.6014659952581252	0.08369053716985805	0.31484346757201687
0.04757482939766444	0.42131596686312955	0.5311092037392061
0.6141293493959297	0.0324247539127826	0.35344589669128784
0.7110145742121324	0.15921907060221946	0.12976635518564825
0.41142349692201313	0.2637802030529161	0.3247963000250708
0.04134061876319611	0.5389457221326095	0.41971365910419445
0.447270139976076	0.3101999539880471	0.24252990603587693
0.2223191908146747	0.35734400656968285	0.42033680261564255
0.22090155795804156	0.6710709183308435	0.10802752371111499
0.41377163933834316	0.2985345151203395	0.28769384554131744
0.1399002378806951	0.6128257521883671	0.2472740099309379
0.2203076699100823	0.6478806196477614	0.13181171044215637
0.3760302969192113	0.5253592323371714	0.09861047074361737
0.30718089002603716	0.3657885333918684	0.32703057658209456
0.12642051913234187	0.5849424793250368	0.28863700154262145
0.5379700396815235	0.33437851563215465	0.12765144468632197
0.4158615583435731	0.055196078499122836	0.5289423631573043
0.05473190721556531	0.491105478796091	0.4541626139883438
0.44518549812859665	0.4494971775241119	0.10531732434729157
0.5159650221477183	0.15744381857889111	0.32659115927339055
0.14665789497097542	0.32568665990906287	0.5276554451199618
0.22240035945602196	0.25772408907073835	0.5198755514732398
0.49455207202323503	0.03171025351775236	0.47373767445901266
0.2862325100426143	0.2817660729954618	0.43200141696192396
0.0882739546536831	0.5032223642816531	0.40850368106466384
0.34758901612720966	0.2661550911205104	0.38625589275228006
0.33045199193665353	0.16414956614733786	0.5053984419160087
0.1795975377390236	0.6572804402706929	0.16312202199028358
0.4131947225478874	0.46463077566989763	0.12217450178221503
0.18949679076370998	0.2250421363468091	0.5854610728894811
0.08976468841915933	0.4192897642221909	0.4909455473586499
0.4790917232174788	0.3838729880557686	0.13703528872675277
0.518596864160177	0.2031223113167351	0.27828082452308794
0.15961904282462533	0.659942543430968	0.18043841374440683
0.09441090327684634	0.6036821319821173	0.3019069647410365
0.13160244823454106	0.35410837618892943	0.5142891755765296
0.5632085834854552	0.21959521891574946	0.2171961975987954
0.5908862096110312	0.13145121797204634	0.2776625724169226
0.20675681050872835	0.5844923935204791	0.20875079597079269
0.7757629277199569	0.048925107169761284	0.1753119651102819
0.29715374468143546	0.39973404466981677	0.3031122106487479
0.4451894803467584	0.24334307175381917	0.3114674478994225
0.24705047910008926	0.22198209392618262	0.5309674269737282
0.2988349116743635	0.5370561201751485	0.1641089681504882
0.560855539594475	0.27516029334603576	0.16398416705948934
0.43801021052131595	0.08160770945394508	0.48038208002473903
0.04390707368369384	0.5327847401800125	0.4233081861362937
0.6571768693686635	0.07830700372141991	0.26451612690991666
0.6182833227317646	0.128599402184165	0.25311727508407067
0.7129825569706885	0.04614048890318917	0.24087695412612245
0.43542694914025504	0.44288903750258934	0.12168401335715567
0.4690640149685308	0.18810268989896972	0.34283329513249966
0.6614262007950199	0.17004212484422018	0.16853167436075997
0.2075822811651762	0.4617296906370132	0.33068802819781073
0.28056454028492583	0.37674289801542205	0.34269256169965223
0.30223477481461036	0.30236826358883406	0.39539696159655563
0.3290745636504847	0.17066858189170325	0.5002568544578121
0.2464263668630343	0.47506644656113506	0.2785071865758308
0.1334495717363735	0.4864636388254153	0.38008678943821134
0.33544293865646996	0.2768845588385163	0.3876725025050138
0.11130216291366576	0.527855273435362	0.3608425636509724
0.05900601307305653	0.5507423838579287	0.39025160306901485
0.6505571594730991	0.16127267635123083	0.18817016417567015
0.39517373501372566	0.45881111478380043	0.14601515020247402
0.4010989537278183	0.4008334474736349	0.1980675987985469
0.2302519615983288	0.47381893983281076	0.29592909856886057
0.35105950788814183	0.46436343097229577	0.18457706113956251
0.18967837461457093	0.30405997137716567	0.5062616540082635
0.5343447020972598	0.3574662280376804	0.10818906986505988
0.38189571452084864	0.4145026980564288	0.20360158742272264
0.7397216747331501	0.09968093999009192	0.1605973852767581
0.3617884866780018	0.38504277282841815	0.2531687404935802
0.494473812424826	0.17852944507776353	0.3269967424974105
0.1737684361980787	0.5129021365427879	0.3133294272591335
0.04875847282273921	0.37471201487501987	0.576529512302241
0.2747258620689632	0.620015763570716	0.10525837436032098
0.4583009509423021	0.030067936700084286	0.5116311123576137
0.11200693043146442	0.7077503313730099	0.18024273819552583
0.11184193868219239	0.31176496275349713	0.5763930985643106
0.4478341124851183	0.20070774816388257	0.3514581393509993
0.511650733480981	0.2176195921981701	0.270729674320849
0.1796446926190838	0.3675384159050851	0.45281689147583115
0.616336335764955	0.1743215984760276	0.20934206575901754
0.24155850287412794	0.5299252088229758	0.22851628830289641
0.07575934707421117	0.7885375971133066	0.13570305581248232
0.5221325297956387	0.25079804657151794	0.22706942363284338
0.0475630500087717	0.8074154880086521	0.14502146198257637
0.18652919389506	0.6899511281895926	0.12351967791534746
0.36409472471529425	0.3851479575482722	0.25075731773643367
0.049497452616048765	0.8432931712525062	0.1072093761314451
0.22516915452140923	0.6286048401720772	0.14622600530651367
0.3543797090537817	0.10893011984534196	0.5366901711008765
0.24681479416086582	0.5769930571511375	0.1761921486879968
0.03460449733087512	0.4825079988535246	0.4828875038156004
0.7161736520673887	0.11002198828555537	0.17380435964705604
0.21168760068473852	0.2858267212202988	0.5024856780949628
0.11362135242054752	0.7613861183674142	0.12499252921203835
0.2221626803819548	0.5665555828452797	0.2112817367727656
0.12138610682335849	0.6896480808341454	0.18896581234249626
0.058583315936893254	0.6613693740114686	0.2800473100516383
0.4082182229600877	0.1368769265846278	0.4549048504552846
0.12806052526226663	0.4876547225049877	0.3842847522327458
0.21683903951165218	0.6479964398352732	0.13516452065307474
0.43471362102102584	0.22732337266374036	0.3379630063152339
0.27074420885255945	0.2451115567077597	0.4841442344396809
0.2581386888989499	0.5137770794184782	0.22808423168257208
0.5009191257064356	0.1638527892112746	0.33522808508228996
0.11202301432303363	0.48465018999565024	0.40332679568131624
0.377823791351365	0.30428115612299306	0.31789505252564204
0.0738347861706532	0.8342167547018716	0.09194845912747532
0.39132867337001254	0.37828838718638924	0.23038293944359828
0.4024711058519193	0.306833108432403	0.2906957857156778
0.06469788439419094	0.3661545057011073	0.5691476099047019
0.7326111794968556	0.06137342577440508	0.20601539472873936
0.4676285224783826	0.03394060094972534	0.4984308765718922
0.38634193173923326	0.4515892434047033	0.16206882485606355
0.532846577754438	0.0424684141593743	0.42468500808618787
0.3743729769010743	0.45746058798673284	0.16816643511219292
0.3058695342428472	0.4849470493243327	0.2091834164328202
0.36392010500019556	0.24287077503004828	0.39320911996975627
0.37653533122552707	0.26074140455859607	0.362723264215877
0.3160910905279777	0.24570254277464504	0.43820636669737734
0.37128422429226904	0.23735656687607182	0.3913592088316592
0.6127317556883175	0.24318709149190687	0.14408115281977574
0.0724613690933521	0.6476392282938394	0.27989940261280866
0.18986803315672418	0.573151495947607	0.23698047089566904
0.32952479503915844	0.47571072643879797	0.19476447852204365
0.4392158944768178	0.45287025820055044	0.10791384732263187
0.6125116335247158	0.14069397412257456	0.24679439235270964
0.3111905339791797	0.09193361542765921	0.5968758505931613
0.34538618030559504	0.23945568510338094	0.41515813459102413
0.4207339324587963	0.3827682853650388	0.19649778217616495
0.174558089816214	0.2697138009399962	0.5557281092437899
0.5250336698984253	0.11792216338167918	0.35704416671989564
0.10440087229229661	0.5127284326349757	0.38287069507272775
0.5064803306997457	0.22080948415083007	0.2727101851494243
0.06188348740462235	0.524492873432892	0.41362363916248585
0.3824542092189558	0.38078266974548586	0.2367631210355584
0.6076759060846193	0.096488657577574	0.29583543633780685
0.5664385484603923	0.1485323556256894	0.2850290959139184
0.30547917468545976	0.570582332060243	0.12393849325429732
0.7686994910218574	0.13919953037872518	0.09210097859941752
0.6504536433388207	0.14441042511791502	0.20513593154326437
0.07708506728471509	0.43209476581190864	0.4908201669033764
0.07394915892215598	0.6403116114474939	0.28573922963035026
0.39036136368947233	0.21771375296344456	0.3919248833470832
0.40777950240614913	0.36900773877084425	0.22321275882300673
0.07462860787700815	0.5264448203186739	0.3989265718043181
0.1985256521131954	0.5946824947562246	0.2067918531305802
0.5289193984172748	0.19195994167216054	0.27912065991056484
0.6468851014501882	0.1500176254401574	0.20309727310965459
0.5410410798148401	0.2348412016572461	0.2241177185279139
0.49138987058642325	0.23253911689623658	0.27607101251734023
0.09803245158922613	0.38002187989586456	0.5219456685149094
0.5336610699041704	0.09999308219726649	0.3663458478985632
0.42699879962891324	0.3288608789814815	0.2441403213896054
0.8558168272930308	0.0319845448132019	0.1121986278937675
0.2513290478889409	0.17153431363427768	0.5771366384767815
0.1359526512381461	0.5630825461954743	0.3009648025663797
0.17727968177121517	0.6724996175181135	0.15022070071067145
0.3538340931926318	0.3739743894783855	0.2721915173289828
0.4685262495996867	0.3871689168940464	0.144304833506267
0.33508550605056325	0.32660242879314094	0.3383120651562959
0.3502665412518039	0.17865058653966703	0.4710828722085292
0.42712287184375275	0.12063839158962303	0.4522387365666244
0.4885474182871789	0.35834428222134607	0.1531082994914751
0.7329674059976524	0.1519864838441109	0.11504611015823674
0.17816352233255034	0.3273949076490377	0.49444157001841205
0.1930899801617591	0.26267860448816366	0.5442314153500774
0.5374339841622776	0.3185060720224473	0.1440599438152752
0.15720961593867178	0.5460439100114004	0.296746474049928
0.20956974704760117	0.3509178901648462	0.4395123627875528
0.7540469576562125	0.06373251622045079	0.18222052612333675
0.2875083475611725	0.33012261210176647	0.38236904033706115
0.5100202725763014	0.24342903478334948	0.24655069264034915
0.07143073312343595	0.6664586283288884	0.2621106385476758
0.3168623308097724	0.42549662139046346	0.25764104779976427
0.6019025681819764	0.08684687668319749	0.31125055513482625
0.1856713059144557	0.4561077011411891	0.3582209929443554
0.15962335647223108	0.4784462563185867	0.36193038720918236
0.1159755333713483	0.5117651671125866	0.3722592995160653
0.03642754461465131	0.6866298770746501	0.27694257831069874
0.43755880899806787	0.10754265011594571	0.4548985408859865
0.4388327098942133	0.1637986771505483	0.3973686129552385
0.3005088223104628	0.5271623427602432	0.17232883492929418
0.4052869446535289	0.18518739066955353	0.40952566467691776
0.13322479970016163	0.6354389306610494	0.2313362696387891
0.7406166878070247	0.08699590412327046	0.1723874080697049
0.1749526275050609	0.6974380582864473	0.12760931420849186
0.23806026599739805	0.511127018706551	0.2508127152960511
0.18918235278397713	0.442652785382738	0.36816486183328495
0.23783217746752539	0.5031020865367185	0.2590657359957562
0.04638835484560633	0.5406089929644903	0.41300265218990356
0.0715219500888184	0.4845622629211289	0.4439157869900528
0.4657074578296621	0.35045865907284013	0.18383388309749785
0.0969096314826782	0.32400120298641105	0.5790891655309108
0.03867564794622713	0.47989020796119797	0.481434144092575
0.27957653191268234	0.4050516104136516	0.31537185767366616
0.4873864873615449	0.1575060315938581	0.35510748104459716
0.5569738454759596	0.1029967364537849	0.34002941807025566
0.2918246719345309	0.5861022980954587	0.12207302997001063
0.15127452032913102	0.6312821904241838	0.2174432892466853
0.43209005807769635	0.28612114253041004	0.2817887993918937
0.2631320062897602	0.1789389551435172	0.5579290385667227
0.10303458604487037	0.41488532642058035	0.4820800875345494
0.2857789898249732	0.1373454884537975	0.5768755217212295
0.5289524981895868	0.14734082399935683	0.3237066778110565
0.3754659989552677	0.4115055353154812	0.21302846572925122
0.38945894011866333	0.292129919749222	0.31841114013211474
0.16947436539837257	0.5246841855733437	0.30584144902828386
0.34419724312763955	0.42388917477438437	0.23191358209797622
0.48180097759675994	0.13226130525575586	0.3859377171474843
0.0766976103118362	0.5220472416949828	0.4012551479931811
0.24934001509748457	0.6472901562543554	0.10336982864816016
0.17117751160145278	0.4252068382836619	0.4036156501148855
0.14454543362036143	0.4384331237647473	0.4170214426148914
0.20493255780380046	0.2883097764636137	0.506757665732586
0.3235662411641451	0.15592465038359227	0.5205091084522628
0.6170309260779427	0.09236530005807694	0.2906037738639805
0.3556605798837196	0.16573016089187598	0.47860925922440456
0.18580303199141263	0.2227303719918618	0.5914665960167257
0.6812982265805001	0.20541519402061656	0.1132865793988834
0.5473239013918034	0.05414360400748003	0.3985324946007167
0.43784998000479197	0.0723845635427739	0.4897654564524342
0.376540092889046	0.1783107272282706	0.44514917988268343
0.466075446314388	0.1077719344662979	0.42615261921931413
0.24271558999208828	0.5379056253668023	0.21937878464110955
0.2191359514833301	0.3188354604326941	0.4620285880839759
0.7023013901585679	0.07765502922222883	0.22004358061920337
0.15178359065731456	0.4478093204625316	0.40040708888015397
0.48862989771278326	0.1631275405293806	0.34824256175783624
0.22635878987834251	0.3855135667664431	0.3881276433552145
0.48358993619941076	0.08961607424769627	0.42679398955289305
0.6060587823241224	0.0312250750265759	0.36271614264930185
0.5745171457269174	0.13691990905363433	0.2885629452194484
0.2627612955755598	0.6020850464984281	0.13515365792601222
0.2737025583541121	0.4146957364145505	0.31160170523133757
0.03716248129187688	0.505610953557294	0.45722656515082927
0.38772441206444086	0.5081963688264387	0.10407921910912055
0.07299973502726265	0.4362475030967823	0.4907527618759552
0.62901613752032	0.21422064601280644	0.1567632164668736
0.08681731910297832	0.3363004475915714	0.5768822333054504
0.09756588887277856	0.7703169619957472	0.13211714913147443
0.35193446220273605	0.08124700557355408	0.5668185322237099
0.36354691338179523	0.46916675067697033	0.1672863359412346
0.13879682803874957	0.630332232592421	0.23087093936882958
0.40941534014972036	0.2852568366024209	0.30532782324785884
0.3504963057642406	0.22000059151313206	0.4295031027226274
0.5780446015355868	0.3010733792473478	0.12088201921706562
0.08066077983424808	0.383073975999213	0.5362652441665391
0.514080285783478	0.17500083052900617	0.31091888368751597
0.2030319658922096	0.23165132542411226	0.5653167086836783
0.7650393982722905	0.03975843314560967	0.19520216858209985
0.18627654864567228	0.2806425556101273	0.5330808957442006
0.24358752900783073	0.5406099440979184	0.215802526894251
0.472774839015489	0.2946701544241659	0.23255500656034525
0.7962638821863645	0.062280483119899754	0.14145563469373587
0.2498795881243081	0.3092433116921107	0.4408771001835813
0.15249032881593255	0.3065661908621533	0.5409434803219142
0.24767772783712783	0.5654312886175215	0.1868909835453508
0.0580661424343471	0.6893519621611808	0.25258189540447223
0.25612682492189615	0.4305887211521602	0.3132844539259438
0.3143505851139735	0.16776959443060094	0.5178798204554257
0.12285553360794016	0.7493032513107265	0.12784121508133348
0.42381812440318284	0.23020688530268552	0.34597499029413176
0.4279469707146811	0.24027257295276502	0.33178045633255404
0.193184177333459	0.27658538762447743	0.5302304350420637
0.5707933787367274	0.04178766567721237	0.3874189555860603
0.08939839062418281	0.485233826706408	0.4253677826694093
0.4574984686908443	0.13421807717196949	0.4082834541371863
0.577813473840846	0.2949095967489971	0.12727692941015692
0.546884827514121	0.2134648695459414	0.23965030293993764
0.4050265292509707	0.22331401922334962	0.37165945152567975
0.43363653902291954	0.23889766916800287	0.32746579180907776
0.21018228268577802	0.636068549495231	0.15374916781899123
0.159273871981093	0.4897883324136727	0.3509377956052344
0.11598749326015395	0.3808797269220758	0.5031327798177704
0.4180217472308285	0.089676610363838	0.49230164240533353
0.13390630517440888	0.38115885510712566	0.48493483971846557
0.21470757008529684	0.6687074872260799	0.1165849426886234
0.031701344502759854	0.7718232250189716	0.19647543047826865
0.6281437000422316	0.1471453799806822	0.22471091997708625
0.34136655602327065	0.06545689575453761	0.5931765482221918
0.47113258805607416	0.4068255568061361	0.12204185513778987
0.2164919970014052	0.6879332571060697	0.09557474589252524
0.05952622682713338	0.7070586204576276	0.23341515271523916
0.5375284716545607	0.048503438280623645	0.4139680900648157
0.04613602674352535	0.7667796216949572	0.18708435156151762
0.4644062955951386	0.2798563810984544	0.25573732330640714
0.4526846572321615	0.06787191845113799	0.4794434243167006
0.322808330665995	0.3030569980640314	0.3741346712699737
0.40223276868467506	0.202816590001111	0.39495064131421403
0.09946185740414382	0.3701472008608613	0.530390941734995
0.28637238976809715	0.5863930191206623	0.12723459111124058
0.13812599319840813	0.5565385065712387	0.3053355002303534
0.15333852266393996	0.4974585304086443	0.3492029469274158
0.20304320264862372	0.6094003853149177	0.18755641203645868
0.3814489305499033	0.42984770533538785	0.18870336411470895
0.1719861152116987	0.6483460008395739	0.17966788394872746
0.06986492711941228	0.5707819527274872	0.3593531201531006
0.5433291641902415	0.2901906115239956	0.1664802242857631
0.22235835620101407	0.5859107589949206	0.19173088480406542
0.09305457192116018	0.7938053052775768	0.11314012280126323
0.4639372836600448	0.21158896506169048	0.32447375127826483
0.09012806700009238	0.4502636517114319	0.45960828128847586
0.1632740987978365	0.28881286671983847	0.5479130344823251
0.2199314264751264	0.43454240771551855	0.3455261658093552
0.1995023035072882	0.24642548695456729	0.5540722095381446
0.15259767718175724	0.37926611188294523	0.46813621093529767
0.16127626818880408	0.5369392765088215	0.3017844553023745
0.5748014981488466	0.1339407840862052	0.29125771776494835
0.5848821351090903	0.2820540200219689	0.13306384486894102
0.6759303159910222	0.1367879010000151	0.18728178300896292
0.6338037763233492	0.2708998729274637	0.09529635074918716
0.08778436834636488	0.5146273872626181	0.39758824439101703
0.33030674686310685	0.45288413769108526	0.21680911544580794
0.41259445034280506	0.13941034378280237	0.4479952058743927
0.6004774424318802	0.19474794067442486	0.204774616893695
0.3488006052824533	0.35267829664597244	0.29852109807157434
0.08078088549674017	0.471959686454274	0.447259428048986
0.6727039973955489	0.08643801276966243	0.24085798983478887
0.7694857993600259	0.05243838963126857	0.1780758110087055
0.26010311670450015	0.1577352607515674	0.5821616225439326
0.4373409846449112	0.037980734206058575	0.5246782811490303
0.4640062816795463	0.26968235207692504	0.26631136624352875
0.3875658780582368	0.2032287182849678	0.4092054036567956
0.270933650485408	0.5940332972480165	0.13503305226657558
0.17977314809421202	0.39547245626078964	0.4247543956449985
0.38357857576785126	0.09604670540834345	0.5203747188238055
0.2845109434715406	0.5861070460811105	0.12938201044734896
0.38849565181779316	0.12433961689638623	0.4871647312858207
0.6568903250600123	0.132359375258867	0.21075029968112075
0.12014804809108115	0.5416940214347585	0.33815793047416043
0.25517549836464165	0.5335378076422429	0.2112866939931156
0.5316789932206281	0.2337824908513804	0.2345385159279916
0.18912993491251603	0.5721447193267525	0.2387253457607316
0.470159447381703	0.1930598365701296	0.3367807160481675
0.5081238129881983	0.19332023812057547	0.2985559488912263
0.2926995534708809	0.3473165469922441	0.35998389953687515
0.5069979238609696	0.37746311350180567	0.11553896263722477
0.4332735132323976	0.2945311823364908	0.27219530443111173
0.62408603034057	0.27217511420439044	0.10373885545503969
0.3022826896491052	0.2104579508584471	0.4872593594924478
0.5947441578155295	0.10593417676470576	0.29932166541976485
0.09717172426872167	0.4170157860469722	0.48581248968430624
0.3496985762109155	0.31849713709436545	0.3318042866947192
0.5945804336361248	0.31370092675611577	0.0917186396077595
0.11610177211572165	0.6635068671972006	0.22039136068707785
0.2374245175378511	0.421189076116011	0.3413864063461381
0.3198887331793395	0.3272046386679352	0.3529066281527254
0.11236868220469137	0.34732021767571325	0.5403111001195955
0.345388409660365	0.2622279188383192	0.3923836715013159
0.4811472424032961	0.4065777530718101	0.11227500452489395
0.17959295018058052	0.5080782033312065	0.31232884648821313
0.5864615227922773	0.21619317820260459	0.19734529900511824
0.4618732908025938	0.07638383217959732	0.461742877017809
0.382737134191779	0.11434800265589198	0.5029148631523291
0.35361329725977986	0.47848068967572654	0.1679060130644937
0.13345083466345625	0.46935750222228345	0.3971916631142604
0.6527773414567009	0.05395721997481734	0.29326543856848186
0.7608657734242347	0.06301009856138451	0.17612412801438088
0.5955272607851948	0.12206803284092219	0.28240470637388315
0.2049727285623246	0.697581361399517	0.09744591003815845
0.2637391656597435	0.1893557621852783	0.5469050721549783
0.08509499015930541	0.44245584802063465	0.47244916182006
0.4446525566126879	0.36711233155997997	0.1882351118273323
0.25635380363395943	0.5065755506168874	0.23707064574915332
0.29626206627225116	0.4932796945025443	0.21045823922520465
0.15880541649690885	0.5751047342178138	0.26608984928527746
0.04679594702740453	0.397005775822342	0.5561982771502536
0.6394573745505223	0.17546097506739072	0.18508165038208702
0.12730832513215104	0.47192728787057325	0.4007643869972758
0.08296034246054412	0.8003179175645403	0.1167217399749157
0.5214439344320897	0.12799967696893946	0.350556388598971
0.5228750296076028	0.37912225712668596	0.09800271326571133
0.24213362548069284	0.6316369947777429	0.12622937974156428
0.6566886210924022	0.13205047663389086	0.21126090227370703
0.5098015526019906	0.13995427496466958	0.35024417243334
0.7382061550432986	0.06952936908543106	0.1922644758712705
0.2696652252349312	0.5703317100687937	0.1600030646962752
0.3839288313279616	0.3842969698472846	0.23177419882475392
0.246777144648998	0.4793104845464421	0.27391237080456005
0.3661924235776814	0.08805476079948876	0.54575281562283
0.11662361638559177	0.4092831961139425	0.4740931875004659
0.28332608946695903	0.5301387309684267	0.18653517956461446
0.029988699574356792	0.6553548510695744	0.314656449356069
0.15027973962781943	0.7149293948732087	0.13479086549897196
0.7385823090246664	0.03534782778898793	0.2260698631863458
0.43418918139044077	0.2493829931712987	0.31642782543826065
0.44373694346593096	0.44412509297159086	0.1121379635624783
0.15785074820229383	0.3273013214081832	0.514847930389523
0.47678872189354493	0.30156416553500964	0.22164711257144554
0.2540112044320088	0.5671823027516787	0.1788064928163126
0.36485010699545595	0.21398696844193396	0.42116292456261023
0.7859659122224482	0.1028212399298063	0.11121284784774566
0.6679256324109768	0.1702669769326877	0.16180739065633562
0.47944985923095695	0.2629716392466694	0.2575785015223738
0.6506358446195223	0.06310057688369419	0.2862635784967836
0.6837071766574163	0.08875819147546588	0.22753463186711786
0.16300057575993393	0.6945748971686722	0.14242452707139408
0.34047164161129967	0.25685543638319286	0.4026729220055075
0.05787371482457965	0.4077550658632012	0.5343712193122193
0.5992110970357309	0.2719018737113857	0.12888702925288348
0.4840634111556244	0.26919895262036425	0.24673763622401143
0.06957953692463725	0.6378060216588225	0.2926144414165404
0.20833524323801303	0.6460249833031918	0.14563977345879525
0.13604444050561443	0.5505927876107615	0.3133627718836242
0.3938054202576249	0.443508598107908	0.16268598163446724
0.042584199424664015	0.6516380734853626	0.30577772708997353
0.34435870976839666	0.5337759946313835	0.12186529560021991
0.25022636303706985	0.40063085281592425	0.349142784147006
0.27170666045615	0.5048728918318194	0.22342044771203068
0.08176588308338317	0.8103715126526229	0.10786260426399402
0.1007865514695343	0.6886947824149738	0.21051866611549203
0.526283381504804	0.1096640303485853	0.36405258814661084
0.4750200150602036	0.24919740800593032	0.2757825769338662
0.07711238582955227	0.6394548100766583	0.28343280409378957
0.6032596155230888	0.2866179459519087	0.11012243852500259
0.639474753882942	0.12514888989522574	0.2353763562218325
0.15138554409605134	0.5137604967266979	0.3348539591772509
0.6593749108905703	0.24206673508677162	0.09855835402265817
0.7457052916991362	0.107538008205433	0.14675670009543082
0.06573414071337502	0.7597324088659008	0.17453345042072438
0.46067784404892564	0.24854195139794447	0.29078020455313
0.5206856505679979	0.14737384912126755	0.3319405003107347
0.47973408403204576	0.19542326366635573	0.32484265230159864
0.3212310322577706	0.16501267173282885	0.5137562960094006
0.5062931967049809	0.2469836283655892	0.24672317492943002
0.729408466284273	0.07969896197277931	0.19089257174294774
0.23828954611499725	0.5967311939351605	0.1649792599498424
0.29580248706375584	0.29610506401446646	0.4080924489217778
0.4866678617559066	0.16555029918402064	0.3477818390600728
0.03416073069907066	0.535796218387159	0.4300430509137705
0.397215108838919	0.04023327737211463	0.5625516137889666
0.35591870960911576	0.10408232197414405	0.5399989684167403
0.23573387492115583	0.2982298940091101	0.46603623106973424
0.5465224386654276	0.33183920852443083	0.12163835281014165
0.4390043876402865	0.36641052675678115	0.19458508560293247
0.12774589898566788	0.5330190719053131	0.3392350291090192
0.6388624682752809	0.19441310369935214	0.16672442802536705
0.24742821982425756	0.2690474365006035	0.4835243436751391
0.5559402037867802	0.28423654880604626	0.15982324740717363
0.1134039737774471	0.5745500982901517	0.3120459279324014
0.4044861078093021	0.1084153590884881	0.48709853310220996
0.3017711121571125	0.3833259482520487	0.3149029395908389
0.21135869877500996	0.5835731180503503	0.20506818317463982
0.3479589479426969	0.17270763918008855	0.4793334128772147
0.03949969171695911	0.8172155112715653	0.14328479701147556
0.45430931921546336	0.4354710857943548	0.11021959499018191
0.3512695202021676	0.36419773883502204	0.28453274096281045
0.5040979943915138	0.2958468652261614	0.20005514038232494
0.5820538608890113	0.20754104160268308	0.21040509750830563
0.4260185696410199	0.33606812497426797	0.23791330538471225
0.05516183571960531	0.8354262998906601	0.10941186438973471
0.06245228944954595	0.8368015635760633	0.10074614697439083
0.39017388230189526	0.09793039344074272	0.5118957242573621
0.23989729079124544	0.25410223535252463	0.50600047385623
0.14603306295567542	0.35312076929788166	0.500846167746443
0.18075254466103768	0.6057238805041143	0.21352357483484816
0.11744500095998811	0.5510968195828863	0.3314581794571258
0.07304092363937509	0.6126932709207722	0.3142658054398528
0.33941997756433556	0.23839553442986225	0.4221844880058023
0.4039748764408459	0.05791980195581076	0.5381053216033435
0.20718598978316174	0.594445870264624	0.1983681399522144
0.13952746656253662	0.4984446571236387	0.3620278763138247
0.7245742271224137	0.12589478116017788	0.14953099171740855
0.17415545633824736	0.57137905039571	0.25446549326604273
0.09179600910791885	0.5670801910545994	0.34112379983748187
0.7025260554623556	0.19188056660697042	0.10559337793067405
0.6006462223967998	0.19504513474830368	0.20430864285489664
0.2474714217661192	0.33691490337213575	0.4156136748617452
0.25757345000368326	0.4324277750483082	0.3099987749480086
0.28129693199515804	0.3918760669651765	0.32682700103966555
0.460565625922868	0.3399169325585469	0.19951744151858525
0.5632269330159112	0.0671703659301256	0.3696027010539632
0.502276851736974	0.3295642555826763	0.1681588926803497
0.041420628027447615	0.6489764204058438	0.30960295156670875
0.4338786521878244	0.16917726666339722	0.3969440811487785
0.5075945302027405	0.2133628407434053	0.27904262905385435
0.13957988078289127	0.7233489697386994	0.13707114947840937
0.2047387505081089	0.44646955351368806	0.34879169597820314
0.8298679584693253	0.051050544363745176	0.11908149716692967
0.5877548592544259	0.08070683404104795	0.33153830670452616
0.22205280848716408	0.36640325801219864	0.41154393350063745
0.2466794536871971	0.3349089979585289	0.41841154835427413
0.24618601978124724	0.4307876167497209	0.323026363469032
0.15356809571674443	0.6026588133595303	0.2437730909237253
0.15534241531705906	0.3073874738417035	0.5372701108412375
0.7350421872277787	0.13999952253989995	0.12495829023232147
0.03650590192927233	0.652666211065303	0.3108278870054249
0.24255645842635692	0.19375659550569285	0.5636869460679503
0.621471047306919	0.1755208976266908	0.20300805506639025
0.11660930259576835	0.43133968923447497	0.45205100816975685
0.7123480671720331	0.14390828772234476	0.14374364510562218
0.6910426641161199	0.09595854024292638	0.21299879564095375
0.4139141250764102	0.15879412753700836	0.42729174738658154
0.10959256904251888	0.6940338690704668	0.19637356188701435
0.5706168816042059	0.33722530356572067	0.0921578148300736
0.3220694221568525	0.44595458284552186	0.23197599499762572
0.09389355115738215	0.3961886220077264	0.5099178268348915
0.41919836556512546	0.37376066787075307	0.2070409665641216
0.27416109585517695	0.23912933671862943	0.4867095674261937
0.1885684803780777	0.5117620147532795	0.2996695048686429
0.10269350637735564	0.6289911462358585	0.26831534738678603
0.20370795972712008	0.37324890778037023	0.4230431324925098
0.554140215186147	0.06359178908835028	0.3822679957255028
0.7523738722418314	0.07339092053104701	0.1742352072271216
0.423818824379678	0.24478647789290486	0.33139469772741725
0.41087553988758674	0.3918675074875804	0.19725695262483295
0.13631130083287415	0.5402650414192435	0.3234236577478825
0.28369779437243525	0.12480477928212236	0.5914974263454424
0.8450626581865236	0.0567993330762841	0.09813800873719236
0.3432496762653089	0.13553045398608699	0.5212198697486042
0.5521530647992245	0.11875861155445691	0.3290883236463186
0.27623238208888745	0.29905689170631866	0.42471072620479405
0.20837065211769024	0.41451949921335274	0.3771098486689572
0.25146114903117434	0.30266250838346376	0.44587634258536196
0.7847051266724664	0.09419606523695526	0.12109880809057844
0.3048786620495812	0.5639449427430945	0.13117639520732444
0.09150657784833047	0.47092148907454245	0.43757193307712716
0.5958341047247155	0.14909505351554303	0.25507084175974154
0.27067891468833016	0.42414134789481317	0.3051797374168568
0.10630194004198806	0.7904201786320163	0.10327788132599569
0.3933758883771306	0.11850246045330295	0.4881216511695665
0.4136674131472413	0.2777987406256885	0.3085338462270703
0.4859599363410995	0.044014466181459044	0.47002559747744155
0.7883697569750665	0.11802627861869652	0.09360396440623708
0.354396401091396	0.11196897194536046	0.5336346269632437
0.6665518437682545	0.1482865103473695	0.18516164588437609
0.5450908266222878	0.044112696670615514	0.41079647670709685
0.17376117232010482	0.5338955614006081	0.2923432662792872
0.1848466889005051	0.6132080541725973	0.20194525692689766
0.4754855985450226	0.13614127271903836	0.3883731287359391
0.23992244237109306	0.5466018420380582	0.21347571559084888
0.2954505496622686	0.23262778884138824	0.47192166149634335
0.5708819655308137	0.19419001974327657	0.23492801472590977
0.42363567456694173	0.26151846847556487	0.3148458569574935
0.4706107897105939	0.06866057400358849	0.4607286362858177
0.7110061509710732	0.0511878956953169	0.23780595333361004
0.6265030174174946	0.07237439368796844	0.301122588894537
0.6515677621045356	0.0342348194563748	0.31419741843908966
0.09728619852265372	0.4186129952913904	0.48410080618595597
0.567085363073957	0.33474150146871606	0.098173135457327
0.10727690098932863	0.531328790512123	0.3613943084985485
0.10321527896284916	0.7685567749264559	0.12822794611069505
0.543332843222833	0.24967495961449163	0.20699219716267542
0.8602472009399226	0.03566532167425279	0.10408747738582474
0.47882875552945714	0.20885604305732297	0.31231520141322006
0.3303757269885999	0.14734256470884255	0.5222817083025577
0.05824756056545355	0.5310547625576675	0.41069767687687914
0.07296585482202433	0.5380994719773895	0.3889346732005862
0.17389795408890574	0.6424536440205222	0.18364840189057222
0.582757066235705	0.23307649594156515	0.18416643782273
0.3655878023179512	0.36933373070759395	0.2650784669744549
0.5419234744000496	0.3355273273979281	0.12254919820202242
0.826551288513806	0.07348333033374532	0.09996538115244868
0.11351892598615865	0.4282887189847403	0.4581923550291012
0.5210124485990225	0.07494413027499947	0.40404342112597813
0.42153737193238655	0.40464370992979815	0.17381891813781544
0.6199667266807595	0.19627857184645534	0.18375470147278533
0.33850460376902985	0.20999953006487126	0.451495866166099
0.3410459654841441	0.08339998537764862	0.5755540491382074
0.33034617820675943	0.4981572041482206	0.17149661764502003
0.464616181509539	0.09015836811258032	0.44522545037788075
0.3763309275993848	0.241592360557571	0.3820767118430443
0.46215216966297523	0.37733495952092466	0.1605128708161002
0.11156267019393787	0.5534774788979882	0.3349598509080741
0.27776639384854157	0.4068783197991577	0.31535528635230087
0.3237128991311709	0.09398465671084083	0.5823024441579884
0.032822128000823736	0.7298687085624534	0.23730916343672298
0.45584627125151755	0.4056210513868677	0.1385326773616149
0.07792406778542726	0.40237145428641513	0.5197044779281577
0.14766936801724012	0.2634730653100914	0.5888575666726685
0.030803426969162828	0.43771889327081326	0.531477679760024
0.061761454704866714	0.35439461362684777	0.5838439316682856
0.10198101416732466	0.5932462248646924	0.30477276096798306
0.32336280589987204	0.26262687013998576	0.41401032396014226
0.41555403539700636	0.2943947218777817	0.29005124272521204
0.7017263797085835	0.1866404774210508	0.11163314287036571
0.09484053656584185	0.37447617469331634	0.5306832887408419
0.5064584543930146	0.3479803698291471	0.14556117577783834
0.2164330542272674	0.6356846659259932	0.14788227984673963
0.14514907828273144	0.5727725779905232	0.2820783437267455
0.361121007667419	0.25477677650588226	0.3841022158266988
0.21000093817263576	0.423720225805239	0.36627883602212535
0.2272338574980978	0.5947688036358479	0.1779973388660544
0.23764440602026843	0.6146154480280095	0.14774014595172222
0.33673488688406816	0.45217400942755104	0.21109110368838097
0.3017764476336682	0.2710653514061086	0.4271582009602233
0.175363008855206	0.30509288712847754	0.5195441040163166
0.16790349861836	0.5018570981695767	0.33023940321206346
0.30577053063668586	0.11881050356653675	0.5754189657967774
0.46230174966941273	0.14003112826846273	0.3976671220621246
0.31074573382445536	0.5369951476712089	0.15225911850433582
0.4826109027746392	0.08693424138198425	0.43045485584337667
0.7106958769137259	0.05207054596710953	0.23723357711916465
0.12550338296641192	0.5390911927217097	0.33540542431187853
0.41054862309613094	0.419476246546457	0.16997513035741219
0.3466954342847478	0.3982259341338318	0.2550786315814205
0.34040055616637643	0.5002431068170137	0.15935633701660995
0.10306612766089673	0.6846348933089574	0.21229897903014594
0.5077355145699189	0.04473201232518881	0.4475324731048924
0.2616476892802754	0.5488166002128118	0.18953571050691295
0.278034888680577	0.34774190098863494	0.37422321033078815
0.09562646826551022	0.582267097427607	0.322106434306883
0.6631786080914812	0.23299841676884542	0.10382297513967342
0.1124022779948673	0.543155531903633	0.3444421901014999
0.30352675282308234	0.44376733880887725	0.25270590836804047
0.04833630196810779	0.47867323144791074	0.4729904665839816
0.3960128758455401	0.4274990145318733	0.17648810962258674
0.5263025886870616	0.200543730185391	0.2731536811275475
0.544372940230421	0.032169194740384655	0.42345786502919436
0.23425417077372554	0.5518201846758433	0.2139256445504313
0.4765197387999076	0.41033565954761153	0.11314460165248094
0.12925430166310187	0.5238910292602987	0.34685466907659945
0.18428224654556846	0.4483937542963269	0.3673239991581048
0.17016041904359916	0.4919922207456354	0.33784736021076556
0.3681368728754891	0.23688654542001641	0.3949765817044946
0.09018381822883625	0.5955578694414099	0.3142583123297541
0.4502788164460392	0.1810119808834632	0.36870920267049767
0.07940621876921744	0.47154866662865524	0.4490451146021275
0.09305593977303267	0.31176420678864636	0.595179853438321
0.13350134474389755	0.5926990416149294	0.2737996136411731
0.26558184846395594	0.3695631544388946	0.3648549970971496
0.43100664478159095	0.21561284584486812	0.35338050937354104
0.3295063216478581	0.3386206880502257	0.3318729903019163
0.21643331054991527	0.5680514384498017	0.21551525100028315
0.27743672898823657	0.3057226028729784	0.4168406681387852
0.8317418698614236	0.050658670731744126	0.11759945940683234
0.08577327538591364	0.3776338005990133	0.5365929240150732
0.21442344399383684	0.49107284040186583	0.2945037156042974
0.1977886026856127	0.6896963771637638	0.11251502015062365
0.06778084441376586	0.8201311117492166	0.11208804383701762
0.1938959445045128	0.6093118225042351	0.19679223299125215
0.6333917180159206	0.17231570489334455	0.19429257709073489
0.06091188866211683	0.47636824101786135	0.46271987032002193
0.3125283577351851	0.3374953619920909	0.34997628027272415
0.3717731721953058	0.09050505168679407	0.5377217761179002
0.06985371348094394	0.765508354950132	0.16463793156892423
0.44850059690661226	0.049633343698931076	0.5018660593944568
0.5974388604448196	0.12357141503917313	0.27898972451600734
0.7442915146799249	0.1456029082983504	0.11010557702172485
0.4136139972641128	0.4264022982879784	0.1599837044479089
0.1341182819674191	0.5439686658303855	0.32191305220219546
0.2555958725206872	0.5269746496176634	0.2174294778616495
0.43189907933541294	0.4643264804372808	0.10377444022730631
0.5490342971225574	0.29369027694043376	0.157275425937009
0.793017847457548	0.05074613840362957	0.15623601413882252
0.1264864104051191	0.6164863737376447	0.25702721585723637
0.20965682098759025	0.6676509125232677	0.12269226648914222
0.25597115771797957	0.6441762458303918	0.09985259645162875
0.1497216170484764	0.6530398961618997	0.19723848678962402
0.16053897704279854	0.24559191072816505	0.5938691122290365
0.0958572320699726	0.47270962522721793	0.43143314270280964
0.22255809526096917	0.24408269203448607	0.5333592127045448
0.34782969806605246	0.4601012323484932	0.19206906958545442
0.5785549097868975	0.29664539918487937	0.12479969102822325
0.3056740264135405	0.39546148533879594	0.29886448824766365
0.2962297329242477	0.36002647178982594	0.3437437952859265
0.2714970235241209	0.6154929775716946	0.11300999890418453
0.722603805156199	0.07481723732608919	0.20257895751771188
0.1459486108422633	0.30050747532675065	0.5535439138309861
0.6396366479602045	0.1189101264291414	0.24145322561065424
0.08370957459505557	0.6287264354336	0.28756398997134464
0.3492857468310255	0.20684960968867394	0.4438646434803007
0.13980921761771448	0.47530750428206836	0.3848832781002173
0.32081840971928705	0.3561446122563078	0.32303697802440534
0.5106636188594472	0.3594759994162245	0.12986038172432843
0.38255733771921446	0.3263767315554073	0.29106593072537834
0.23060053565997102	0.29358123462386176	0.4758182297161673
0.38184775757967737	0.033072665443233284	0.5850795769770895
0.20123685841830047	0.4898008326970844	0.30896230888461523
0.3187134899098255	0.4666103625886448	0.21467614750152983
0.5687738741267021	0.04879787431363347	0.38242825155966453
0.25439865704801506	0.18154565191381122	0.5640556910381738
0.6220241649036686	0.24082658333108875	0.13714925176524276
0.2844778539151058	0.15732660872522905	0.5581955373596652
0.6390583451251867	0.11011682631094252	0.25082482856387095
0.2403194674454892	0.40157658382929245	0.35810394872521845
0.39894052534516833	0.39665226039801504	0.2044072142568167
0.6475939206254016	0.10045502925998306	0.2519510501146155
0.37708634510619793	0.21645763816003938	0.4064560167337628
0.6119301896757772	0.16919995195669338	0.21886985836752945
0.483930438336013	0.28939201357280486	0.22667754809118223
0.5313723654755076	0.1383020163557577	0.33032561816873485
