0.34590818053636363	0.654091819463636
0.3457913060388605	0.6542086939611391
0.34608550067484534	0.6539144993251543
0.34607695216477435	0.6539230478352254
0.34581934574956685	0.6541806542504328
0.3459368297047206	0.654063170295279
0.345838449804015	0.6541615501959847
0.3460153200044961	0.6539846799955036
0.3461325914747075	0.6538674085252922
0.3459378634459118	0.6540621365540878
0.34582928327301465	0.654170716726985
0.34596176567299586	0.6540382343270038
0.3458663966820885	0.6541336033179111
0.34594072619484517	0.6540592738051545
0.3459577898877084	0.6540422101122912
0.3458818296348286	0.6541181703651711
0.3460519747063574	0.6539480252936423
0.3459345806879365	0.6540654193120632
0.34592279950703086	0.6540772004929688
0.345851432180344	0.6541485678196557
0.3458558542904233	0.6541441457095764
0.34614090608298664	0.653859093917013
0.34607168227157853	0.6539283177284212
0.3458573768922425	0.6541426231077572
0.3460373625105155	0.6539626374894842
0.3459035619783548	0.6540964380216449
0.34585925033929343	0.6541407496607062
0.34600193265567425	0.6539980673443254
0.345839205666987	0.6541607943330127
0.34613296932406545	0.6538670306759342
0.34593227612613986	0.6540677238738598
0.34596042163765034	0.6540395783623494
0.34605351659124123	0.6539464834087585
0.3458612699132866	0.6541387300867131
0.3459901346386044	0.6540098653613953
0.345894998164724	0.6541050018352756
0.34601296018277705	0.6539870398172226
0.3461462166412515	0.6538537833587481
0.3461429895810435	0.6538570104189562
0.3459327731037981	0.6540672268962016
0.3459805231057938	0.6540194768942058
0.3459502589576664	0.6540497410423333
0.34578760759412186	0.6542123924058778
0.3459779576720799	0.6540220423279197
0.34615084393995393	0.6538491560600457
0.3459072162299554	0.6540927837700443
0.346042741653688	0.6539572583463117
0.3457755124857333	0.6542244875142664
0.34589035902138143	0.6541096409786182
0.345949731909038	0.6540502680909617
0.34611085039351963	0.65388914960648
0.3457935227125991	0.6542064772874006
0.34578483331896476	0.654215166681035
0.3460460988399774	0.6539539011600223
0.3458110029025915	0.6541889970974082
0.34608624630230034	0.6539137536976993
0.3457998276524814	0.6542001723475183
0.34594858217474744	0.6540514178252522
0.346056959558428	0.6539430404415716
0.34583047586488935	0.6541695241351103
0.34609988175989637	0.6539001182401033
0.34577934646887765	0.654220653531122
0.34589139188063556	0.6541086081193641
0.34577038160326723	0.6542296183967324
0.34584445229922134	0.6541555477007783
0.3461385129668679	0.6538614870331318
0.3457790227438583	0.6542209772561414
0.34582460866659376	0.6541753913334059
0.3460634567167433	0.6539365432832563
0.34583341188643363	0.6541665881135661
0.34597674377716076	0.654023256222839
0.34586201084463675	0.6541379891553629
0.34584381452897917	0.6541561854710205
0.3458746789333621	0.6541253210666376
0.34601491655204164	0.653985083447958
0.34612071285549406	0.6538792871445056
0.3458374047735453	0.6541625952264544
0.3458593872196922	0.6541406127803074
0.3461543043197585	0.6538456956802412
0.3459845081723827	0.654015491827617
0.3460862434409262	0.6539137565590735
0.34605694577753354	0.6539430542224661
0.3461508721070288	0.6538491278929709
0.3458996990044868	0.6541003009955129
0.3459231361510876	0.6540768638489121
0.3458282847708757	0.654171715229124
0.3458094061665702	0.6541905938334295
0.34599545945256205	0.6540045405474376
0.3460345276395278	0.6539654723604719
0.3461515371375344	0.6538484628624652
0.3461230302896312	0.6538769697103685
0.34585403508612406	0.6541459649138757
0.3461000783958176	0.6538999216041821
0.3458687755411979	0.6541312244588018
0.34608454592097404	0.6539154540790256
0.34595272062732374	0.6540472793726759
0.34598855574622434	0.6540114442537753
0.3459916815432257	0.654008318456774
0.34583603987992195	0.6541639601200777
0.34605019807845094	0.6539498019215487
0.34588625925760175	0.6541137407423979
0.3459090587678295	0.6540909412321702
0.34601757311157433	0.6539824268884253
0.3459769442273701	0.6540230557726296
0.34590227885954844	0.6540977211404513
0.3458869228944266	0.6541130771055731
0.3459976690980781	0.6540023309019216
0.3459722497305071	0.6540277502694926
0.34592226933835857	0.6540777306616411
0.34588444948005925	0.6541155505199404
0.3460357269775463	0.6539642730224533
0.3459533908801277	0.654046609119872
0.34603248140094295	0.6539675185990568
0.34593249819859195	0.6540675018014077
0.3459601738876774	0.6540398261123223
0.34578317159172256	0.6542168284082771
0.345923710770385	0.6540762892296147
0.3459607837086561	0.6540392162913435
0.34598064386933425	0.6540193561306654
0.34614793000828903	0.6538520699917106
0.34597829552896053	0.6540217044710391
0.3461474234498374	0.6538525765501623
0.34610187558608063	0.653898124413919
0.3458884720493984	0.6541115279506013
0.34594666338060803	0.6540533366193917
0.3461538894695009	0.6538461105304988
0.34594528230082056	0.6540547176991791
0.34609442622752107	0.6539055737724786
0.3460145042483921	0.6539854957516076
0.3461047172922356	0.6538952827077641
0.3460885576726539	0.6539114423273458
0.3458317190376127	0.654168280962387
0.34586738101197323	0.6541326189880264
0.34603857410269506	0.6539614258973045
0.34599254080501485	0.6540074591949848
0.3459911868844323	0.6540088131155674
0.34591886532204214	0.6540811346779576
0.34605288032196485	0.6539471196780349
0.34601894618494816	0.6539810538150514
0.3457698249204545	0.6542301750795452
0.3457610523885022	0.6542389476114975
0.34576768063732227	0.6542323193626773
0.3457641071142452	0.6542358928857545
0.34613706092354984	0.6538629390764499
0.3460840094370574	0.6539159905629423
0.34603326780574506	0.6539667321942546
0.34597603968013957	0.6540239603198601
0.3460107974772238	0.6539892025227758
0.3459131019902689	0.6540868980097307
0.34582151343549794	0.6541784865645017
0.34599179202588665	0.654008207974113
0.3457994781389274	0.6542005218610722
0.3459990026070002	0.6540009973929994
0.3458571686996448	0.6541428313003549
0.3460484906074509	0.6539515093925488
0.34599092585936764	0.654009074140632
0.3461212801059037	0.653878719894096
0.34604409534154046	0.6539559046584592
0.3458810255099062	0.6541189744900935
0.34611458733344397	0.6538854126665556
0.346092657302678	0.6539073426973216
0.34579149141997934	0.6542085085800203
0.34581814850868564	0.654181851491314
0.34615315672827335	0.6538468432717264
0.3457769894245578	0.6542230105754419
0.3459649704051522	0.6540350295948475
0.34577790188693736	0.6542220981130623
0.34604541664265154	0.6539545833573481
0.3459850437919806	0.6540149562080191
0.3458625080766763	0.6541374919233234
0.34576558409966784	0.6542344159003318
0.3459873493440109	0.6540126506559888
0.3459095630686114	0.6540904369313882
0.34602997574704086	0.6539700242529588
0.34592350083307083	0.6540764991669288
0.34610872043777263	0.653891279562227
0.3461267777499424	0.6538732222500573
0.34581848185545516	0.6541815181445445
0.34593968844959166	0.654060311550408
0.346098391859166	0.6539016081408336
0.346095405356611	0.6539045946433887
0.34614054128221405	0.6538594587177856
0.3457821147986529	0.6542178852013467
0.34587948240161087	0.6541205175983889
0.3461266238444395	0.6538733761555602
0.3461228327286108	0.6538771672713889
0.34593007429282674	0.6540699257071729
0.3460014979143202	0.6539985020856794
0.34594577612116995	0.6540542238788297
0.3461400372830191	0.6538599627169805
0.34605225485530894	0.6539477451446907
0.3460619000792181	0.6539380999207816
0.34577741278213114	0.6542225872178685
0.34587141000146954	0.6541285899985301
0.34603799446311745	0.6539620055368822
0.3460172429222871	0.6539827570777126
0.34608280993328266	0.653917190066717
0.3460358162833016	0.6539641837166981
0.34613558443126863	0.653864415568731
0.34613000099982205	0.6538699990001776
0.34606056772722726	0.6539394322727724
0.3459843959536697	0.65401560404633
0.34606529337299874	0.6539347066270009
0.34600348036793993	0.6539965196320597
0.34594108879522234	0.6540589112047773
0.34578063852830226	0.6542193614716973
0.3461467292548303	0.6538532707451694
0.34593958066067265	0.654060419339327
0.34599156539909315	0.6540084346009065
0.3458329514783074	0.6541670485216923
0.34605742435492104	0.6539425756450786
0.34603778952219566	0.653962210477804
0.34579822806362437	0.6542017719363753
0.345802953990908	0.6541970460090917
0.34603277411850053	0.6539672258814991
0.3460036649929132	0.6539963350070865
0.34598011111931865	0.654019888880681
0.3459911296909623	0.6540088703090374
0.34581484734556545	0.6541851526544342
0.3458993981501709	0.6541006018498288
0.3461335820859015	0.6538664179140982
0.3459176007510679	0.6540823992489317
0.34581988943153585	0.6541801105684638
0.3460018282088333	0.6539981717911664
0.3459725060811147	0.654027493918885
0.34580374225326427	0.6541962577467354
0.345862358706283	0.6541376412937167
0.3459003945820306	0.6540996054179691
0.34588813994404527	0.6541118600559543
0.3459109560904557	0.6540890439095439
0.34591896746413675	0.6540810325358629
0.34582078986944964	0.65417921013055
0.3460157741665012	0.6539842258334985
0.3460348475927717	0.653965152407228
0.34592853833160225	0.6540714616683974
0.34608661047220374	0.653913389527796
0.3459938619994337	0.654006138000566
0.34613629366082965	0.65386370633917
0.34586288299330115	0.6541371170066985
0.345802248898902	0.6541977511010977
0.3459860065709325	0.6540139934290672
0.345825437470299	0.6541745625297006
0.3458555221279218	0.6541444778720779
0.346069043858215	0.6539309561417846
0.34600121835920583	0.6539987816407938
0.34610027925482045	0.6538997207451792
0.3458745548575199	0.6541254451424798
0.3459625747438657	0.654037425256134
0.34578974917683136	0.6542102508231683
0.3459590982054853	0.6540409017945144
0.34605487333003976	0.6539451266699599
0.34585735730007233	0.6541426426999273
0.3459896364350194	0.6540103635649803
0.345813794777275	0.6541862052227247
0.34602790089765384	0.6539720991023459
0.34610648659183774	0.6538935134081619
0.34609361647255965	0.65390638352744
0.34612806548947894	0.6538719345105207
0.3458372330444546	0.6541627669555451
0.34599048063434035	0.6540095193656593
0.3457989654645473	0.6542010345354523
0.3460093919771093	0.6539906080228903
0.3458504413275203	0.6541495586724794
0.3458700030052745	0.6541299969947252
0.34591744162407934	0.6540825583759203
0.3459689619049636	0.654031038095036
0.3460994580524733	0.6539005419475263
0.34595633862076014	0.6540436613792395
0.34586699983002056	0.6541330001699791
0.34584812885836996	0.6541518711416296
0.34615290416642	0.6538470958335797
0.34599283011100435	0.6540071698889953
0.34611974292128833	0.6538802570787113
0.34587959693410375	0.6541204030658959
0.34579491468447865	0.654205085315521
0.3458061406814854	0.6541938593185143
0.3461182280248527	0.653881771975147
0.3459294630396114	0.6540705369603883
0.34596489799172414	0.6540351020082755
0.3461486984517991	0.6538513015482006
0.3458098464999347	0.6541901535000649
0.34589236746650265	0.654107632533497
0.34578774210270236	0.6542122578972973
0.3460185177394408	0.6539814822605589
0.3459617432233657	0.654038256776634
0.34585784226862304	0.6541421577313766
0.346038464805158	0.6539615351948417
0.34614118677298766	0.653858813227012
0.346000538202315	0.6539994617976846
0.3460954454546608	0.6539045545453388
0.345905482793717	0.6540945172062826
0.3458049186922084	0.6541950813077912
0.34602311421084664	0.653976885789153
0.3459785112564764	0.6540214887435233
0.3459289323932035	0.6540710676067962
0.3458846712228082	0.6541153287771915
0.3458353198125517	0.6541646801874479
0.3460362227061248	0.6539637772938749
0.3459688489137741	0.6540311510862256
0.3460503920956316	0.6539496079043681
0.3457931593510546	0.6542068406489451
0.3459743906385354	0.6540256093614643
0.34577665304306204	0.6542233469569376
0.34582264033472937	0.6541773596652702
0.34589856573609956	0.6541014342639001
0.3458603278883381	0.6541396721116616
0.34584262705023844	0.6541573729497612
0.34610026605034633	0.6538997339496533
0.3460161172930576	0.6539838827069421
0.3461094031146872	0.6538905968853125
0.34604263766958393	0.6539573623304158
0.3460537517386703	0.6539462482613294
0.3459771480851645	0.6540228519148352
0.34579867799113406	0.6542013220088656
0.34597723677356507	0.6540227632264346
0.34592291783666473	0.6540770821633349
0.34578607974032494	0.6542139202596747
0.34586666850714876	0.6541333314928509
0.3457909588929909	0.6542090411070087
0.34577253216315146	0.6542274678368483
0.3457597355086016	0.654240264491398
0.34594556814368416	0.6540544318563155
0.3457783899185011	0.6542216100814986
0.34593266806377077	0.6540673319362289
0.345821099357398	0.6541789006426016
0.3457728655342365	0.6542271344657632
0.3457992611500603	0.6542007388499393
0.34579072512218934	0.6542092748778103
0.34614838324492825	0.6538516167550714
0.34582952685536933	0.6541704731446303
0.34595112368263903	0.6540488763173606
0.34599117721813666	0.654008822781863
0.34585335840413545	0.6541466415958642
0.34586841123678547	0.6541315887632142
0.34588433347973635	0.6541156665202633
0.3458117252177332	0.6541882747822665
0.34579416164893384	0.6542058383510658
0.3458181307745086	0.654181869225491
0.34584860447119337	0.6541513955288063
0.3459938818441857	0.6540061181558139
0.34592017015411997	0.6540798298458796
0.3459550273996112	0.6540449726003885
0.3458321618769289	0.6541678381230708
0.3457934136519013	0.6542065863480984
0.3460507652202542	0.6539492347797455
0.3459533920254039	0.6540466079745957
0.3458866517242257	0.6541133482757739
0.34605306696543303	0.6539469330345666
0.34586675938893857	0.6541332406110612
0.3461042295642903	0.6538957704357093
0.34591602481413647	0.6540839751858631
0.3458827241061684	0.6541172758938313
0.3459117431842797	0.65408825681572
0.3457837948341701	0.6542162051658296
0.34578084545862275	0.6542191545413769
0.3460400323800066	0.6539599676199931
0.34614849809148973	0.6538515019085099
0.34579330472903225	0.6542066952709674
0.3458150111717477	0.654184988828252
0.3457784992180649	0.6542215007819348
0.3457597314106797	0.6542402685893199
0.34610073541054726	0.6538992645894524
0.34590477144000487	0.6540952285599948
0.3461338782477066	0.6538661217522931
0.3457792323407156	0.654220767659284
0.34607770865778564	0.653922291342214
0.34593093144839143	0.6540690685516082
0.3458771737598628	0.6541228262401368
0.3459760094989326	0.6540239905010671
0.3459594226290329	0.6540405773709668
0.3457765717387027	0.654223428261297
0.3457704585505875	0.6542295414494121
0.34576665059373424	0.6542333494062654
0.3460191957848744	0.6539808042151253
0.345937198926686	0.6540628010733136
0.3460472187803314	0.6539527812196683
0.3458879141209358	0.6541120858790639
0.3460186696818034	0.6539813303181963
0.34584583061300844	0.6541541693869912
0.3458226353372981	0.6541773646627016
0.3460010097811481	0.6539989902188516
0.34613236485936005	0.6538676351406396
0.34589762862436557	0.6541023713756341
0.34581122492661664	0.654188775073383
0.3458601925875212	0.6541398074124785
0.34597942673402304	0.6540205732659766
0.3457848760870148	0.6542151239129849
0.34593013106925674	0.6540698689307429
0.3460241236672499	0.6539758763327498
0.3460989262190455	0.6539010737809542
0.3459162366074696	0.65408376339253
0.34596743012376197	0.6540325698762377
0.34607545015436547	0.6539245498456342
0.3457620599765626	0.654237940023437
0.34607936212321033	0.6539206378767893
0.346142503994305	0.6538574960056946
0.3459446284588377	0.6540553715411619
0.3460496326904314	0.6539503673095683
0.34584368871064153	0.6541563112893581
0.34607994974978695	0.6539200502502127
0.3461160878366991	0.6538839121633006
0.3459882565411508	0.6540117434588488
0.3460957846233136	0.6539042153766861
0.34589711686747987	0.6541028831325197
0.34613796129906527	0.6538620387009344
0.34580186978008154	0.6541981302199181
0.3459139720211637	0.654086027978836
0.3459396812791059	0.6540603187208938
0.34582260098580053	0.6541773990141991
0.34600608084916457	0.653993919150835
0.3458938884815679	0.6541061115184318
0.34578486391092955	0.6542151360890701
0.3459275002854877	0.654072499714512
0.34594320291001496	0.6540567970899847
0.34595899695059795	0.6540410030494017
0.34586636909021995	0.6541336309097797
0.34608000623820895	0.6539199937617908
0.3459210137540356	0.6540789862459641
0.3458798739837864	0.6541201260162133
0.3460412689828525	0.6539587310171472
0.3460834550208473	0.6539165449791524
0.34607956626531944	0.6539204337346802
0.3460961150450963	0.6539038849549034
0.34602355884713354	0.6539764411528661
0.3458882386619747	0.654111761338025
0.3459547052356161	0.6540452947643836
0.345999573156469	0.6540004268435307
0.34581367938046337	0.6541863206195363
0.3457868044272408	0.6542131955727588
0.34595859114035343	0.6540414088596462
0.345871278019776	0.6541287219802236
0.34600205883342855	0.6539979411665711
0.3459570184908819	0.6540429815091178
0.34606778023875945	0.6539322197612403
0.34606785841673415	0.6539321415832655
0.34603043137675127	0.6539695686232484
0.3459654656454726	0.6540345343545271
0.34582690342532885	0.6541730965746708
0.34581888160617114	0.6541811183938285
0.346122780906625	0.6538772190933746
0.345988668982984	0.6540113310170157
0.3461077520966173	0.6538922479033824
0.346128718822517	0.6538712811774827
0.3460075700290796	0.6539924299709201
0.34601173970920085	0.6539882602907988
0.346018310553902	0.6539816894460977
0.34612873652182996	0.6538712634781697
0.3458548816736845	0.6541451183263152
0.34613301308433353	0.6538669869156661
0.3459414718018009	0.6540585281981988
0.3459294623822953	0.6540705376177043
0.34602714505995247	0.6539728549400472
0.3458499248743812	0.6541500751256184
0.3461063391672057	0.653893660832794
0.34593903820553906	0.6540609617944606
0.34578618659645904	0.6542138134035407
0.34604958912567874	0.6539504108743209
0.3460644455616453	0.6539355544383544
0.3459861471224973	0.6540138528775024
0.34588720977719056	0.6541127902228091
0.34577992682919034	0.6542200731708093
0.34583493993317604	0.6541650600668236
0.3458166545544067	0.654183345445593
0.3457910740384287	0.654208925961571
0.34606289031351534	0.6539371096864843
0.3460284476559824	0.6539715523440173
0.3461317386898016	0.653868261310198
0.34581041008898084	0.6541895899110188
0.34575947602713786	0.6542405239728618
0.3460392336939594	0.6539607663060403
0.3461472244781972	0.6538527755218024
0.3458643446738937	0.654135655326106
0.3460452799328726	0.6539547200671271
0.3458135598556359	0.6541864401443638
0.34596478181984736	0.6540352181801523
0.34608086274409317	0.6539191372559066
0.3460802893104375	0.6539197106895622
0.3459987385233748	0.6540012614766249
0.34576336595754487	0.6542366340424548
0.345968429533311	0.6540315704666887
0.34609555099543987	0.6539044490045598
0.34592267275048155	0.6540773272495182
0.3459118340935632	0.6540881659064365
0.34615264185324335	0.6538473581467563
0.34590987562969633	0.6540901243703033
0.3460134520383196	0.65398654796168
0.3460038453200477	0.653996154679952
0.3460527802759982	0.6539472197240015
0.34588201034620486	0.6541179896537948
0.34595859320207456	0.6540414067979251
0.346022028916104	0.6539779710838957
0.34587816340734656	0.6541218365926531
0.3459726777119633	0.6540273222880364
0.34588360502597215	0.6541163949740275
0.34611069905105885	0.6538893009489408
0.34581441860472983	0.6541855813952698
0.3461016620857054	0.6538983379142942
0.3459642333125207	0.654035766687479
0.3460832454658284	0.6539167545341713
0.3461451270119275	0.6538548729880722
0.345793363782508	0.6542066362174916
0.3459435210373232	0.6540564789626765
0.34578446126493767	0.654215538735062
0.34595440212028905	0.6540455978797106
0.3459531918533275	0.6540468081466722
0.3458669760321973	0.6541330239678024
0.34605571583375105	0.6539442841662486
0.3458728146826272	0.6541271853173725
0.34609354076980087	0.6539064592301989
0.3460151825708294	0.6539848174291703
0.34615319206974704	0.6538468079302526
0.3460696385984705	0.6539303614015292
0.34579368569473	0.6542063143052697
0.34587243915050203	0.6541275608494976
0.34590928155499767	0.654090718445002
0.3460663314129028	0.6539336685870969
0.3457851509555261	0.6542148490444736
0.3460859906886085	0.6539140093113911
0.3459365104030766	0.6540634895969231
0.3461522213765625	0.6538477786234371
0.3457952095650343	0.6542047904349654
0.3459478890288399	0.6540521109711598
0.34600597557171164	0.653994024428288
0.3458511274437991	0.6541488725562006
0.34581457803746163	0.654185421962538
0.34609001263397765	0.653909987366022
0.3457951893525577	0.654204810647442
0.34608011071284556	0.653919889287154
0.346018260756663	0.6539817392433367
0.3460917347727943	0.6539082652272054
0.3461223388583694	0.6538776611416303
0.3461078622789934	0.6538921377210063
0.3459234769592644	0.6540765230407353
0.34604852616397486	0.6539514738360248
0.3459258543902153	0.6540741456097844
0.3458650765563209	0.6541349234436787
0.3460515401984001	0.6539484598015995
0.34594580225270144	0.6540541977472982
0.3460250624099271	0.6539749375900725
0.34603896743978513	0.6539610325602145
0.34580886999882	0.6541911300011797
0.3458959147821058	0.6541040852178939
0.3458994993453388	0.6541005006546609
0.34601938906257745	0.6539806109374222
0.34594526449186336	0.6540547355081363
0.3460098976965926	0.653990102303407
0.34584240227742036	0.6541575977225793
0.34613365632842613	0.6538663436715735
0.3460776195867059	0.6539223804132938
0.3459308102132891	0.6540691897867106
0.3459074655158574	0.6540925344841423
0.34612999351948126	0.6538700064805184
0.3457590097089632	0.6542409902910364
0.3460408496669767	0.653959150333023
0.3461546743918049	0.6538453256081947
0.3460177243544264	0.6539822756455733
0.3461463770352696	0.65385362296473
0.3458576424573727	0.654142357542627
0.3461548280716952	0.6538451719283045
0.34599515409311865	0.654004845906881
0.34606078198103407	0.6539392180189656
0.3458048407296666	0.654195159270333
0.3457985157737158	0.6542014842262839
0.34592092921313355	0.6540790707868661
0.3459885968051687	0.654011403194831
0.34602520563336214	0.6539747943666375
0.3459048294848397	0.65409517051516
0.3459441859028245	0.6540558140971752
0.3458573222659326	0.6541426777340671
0.34579893667526745	0.6542010633247322
0.34576644034217874	0.6542335596578209
0.34588579673731223	0.6541142032626874
0.34595154085367685	0.6540484591463228
0.34592540642963193	0.6540745935703678
0.34592044938741207	0.6540795506125876
0.3458404488683605	0.6541595511316391
0.3459417247927934	0.6540582752072063
0.3459079486584127	0.654092051341587
0.34609613833401454	0.6539038616659851
0.34604509724792	0.6539549027520797
0.34591680878582554	0.6540831912141741
0.3457832264105676	0.6542167735894321
0.3460530176809514	0.6539469823190482
0.34590887025388917	0.6540911297461105
0.34583354483730794	0.6541664551626918
0.3461329854291626	0.6538670145708371
0.3458196528601533	0.6541803471398464
0.34615115422076337	0.6538488457792363
0.3458779511593692	0.6541220488406305
0.3457953521175626	0.654204647882437
0.34598387160683425	0.6540161283931654
0.34582907647902955	0.6541709235209701
0.3458533141782812	0.6541466858217184
0.34586009481210533	0.6541399051878943
0.34607333942035035	0.6539266605796493
0.34608213957887946	0.6539178604211202
0.3460796036749061	0.6539203963250936
0.34599843165903055	0.6540015683409691
0.3458034037454327	0.6541965962545669
0.345894718640816	0.6541052813591837
0.34589109276379776	0.6541089072362019
0.345905181195263	0.6540948188047366
0.3459049319908605	0.6540950680091392
0.34585900600138486	0.6541409939986148
0.34584419109798037	0.6541558089020193
0.345799585245257	0.6542004147547427
0.34584062456801135	0.6541593754319883
0.34601253461610515	0.6539874653838945
0.3461048969952455	0.6538951030047542
0.34609889928617815	0.6539011007138216
0.3458887481485431	0.6541112518514566
0.34602375437139676	0.6539762456286029
0.34602852646921833	0.6539714735307813
0.3458539620408553	0.6541460379591444
0.3461340446395714	0.6538659553604282
0.3459514595146596	0.65404854048534
0.3458052725869045	0.6541947274130951
0.34577304317605734	0.6542269568239423
0.34590428515749905	0.6540957148425006
0.34575922527552455	0.6542407747244752
0.3458864466537189	0.6541135533462807
0.3459405389201849	0.6540594610798147
0.34590107831805106	0.6540989216819486
0.34611490062155376	0.653885099378446
0.34596762343258924	0.6540323765674104
0.34586358610911083	0.6541364138908888
0.3458798842050538	0.6541201157949459
0.34601324199852596	0.6539867580014738
0.345924789913592	0.6540752100864077
0.34598340707058894	0.6540165929294107
0.3461491775541842	0.6538508224458155
0.3461365445846636	0.6538634554153361
0.3458321156462345	0.6541678843537652
0.34601020951157674	0.6539897904884229
0.3461008394757188	0.6538991605242809
0.3457968248621113	0.6542031751378884
0.3457720954443282	0.6542279045556715
0.3459666289873851	0.6540333710126145
0.3459535755038677	0.6540464244961319
0.3460216196442185	0.6539783803557812
0.3459582846539402	0.6540417153460595
0.3459564038422321	0.6540435961577675
0.3459962494438066	0.6540037505561931
0.3458301447514148	0.6541698552485848
0.3458972051976581	0.6541027948023416
0.34585005597394214	0.6541499440260575
0.34579078086932125	0.6542092191306784
0.34608936614814617	0.6539106338518534
0.3460528466968804	0.6539471533031193
0.3460186638996424	0.6539813361003572
0.34576754891318706	0.6542324510868126
0.34613804377760615	0.6538619562223935
0.34601385086328756	0.653986149136712
0.3458323381443461	0.6541676618556536
0.34600963116676786	0.6539903688332318
0.34606572627165666	0.653934273728343
0.34598894981055417	0.6540110501894455
0.34594736801299775	0.6540526319870019
0.3460546541033088	0.6539453458966908
0.3459383964118933	0.6540616035881064
0.3457611409258931	0.6542388590741066
0.3458718800574896	0.6541281199425101
0.3459022661023155	0.6540977338976841
0.3458673753050764	0.6541326246949233
0.3458902539497487	0.654109746050251
0.3459767649224569	0.6540232350775428
0.34576904825100496	0.6542309517489947
0.34605616751628143	0.6539438324837182
0.34610726355639465	0.653892736443605
0.3458960164983425	0.6541039835016571
0.3461185872546354	0.6538814127453643
0.34576088587963305	0.6542391141203666
0.3460019366408792	0.6539980633591205
0.34607622717526687	0.6539237728247328
0.3461476835397114	0.6538523164602883
0.34600526751159977	0.6539947324883999
0.3459963823063573	0.6540036176936423
0.3459376450571585	0.6540623549428412
0.34601826228115595	0.6539817377188437
0.3457804999485965	0.6542195000514032
0.34609509190550136	0.6539049080944983
0.34583912130463257	0.6541608786953671
0.345870830523451	0.6541291694765486
0.34585460077355124	0.6541453992264484
0.34614593553057554	0.6538540644694242
0.3460998465196954	0.6539001534803043
0.3459996230043709	0.6540003769956287
0.3458846254073062	0.6541153745926935
0.34585664107042313	0.6541433589295765
0.3457620672918357	0.654237932708164
0.345773926722191	0.6542260732778087
0.34601703496793856	0.6539829650320611
0.34599549387866435	0.6540045061213353
0.3461548039016504	0.6538451960983493
0.34615218263684117	0.6538478173631586
0.3459235617468298	0.6540764382531699
0.34601822475438	0.6539817752456196
0.3458675055522865	0.6541324944477132
0.34608332924283586	0.6539166707571638
0.3459718198485346	0.6540281801514651
0.34604609419797333	0.6539539058020263
0.3460472019255888	0.6539527980744109
0.3458762026831175	0.6541237973168822
0.34582163188194837	0.6541783681180513
0.3460846977829293	0.6539153022170704
0.3457863423745604	0.6542136576254393
0.3458470908312171	0.6541529091687825
0.3461493513017099	0.6538506486982898
0.3458334274862114	0.6541665725137883
0.345843754390046	0.6541562456099537
0.34593531455207027	0.6540646854479294
0.3459267370618624	0.6540732629381373
0.34594619008903593	0.6540538099109637
0.3460105721622138	0.6539894278377858
0.3460868203316755	0.6539131796683242
0.3460915557160099	0.6539084442839898
0.3461409910515538	0.6538590089484458
0.3458906879607367	0.6541093120392629
0.3461256755323495	0.6538743244676501
0.3461181472623156	0.6538818527376841
0.34589685606482923	0.6541031439351704
0.3459556553097991	0.6540443446902006
0.3459800952028138	0.6540199047971859
0.3459929692073705	0.6540070307926291
0.3459906652790101	0.6540093347209895
0.34604880948313776	0.6539511905168619
0.345919632595502	0.6540803674044977
0.34608074181390336	0.6539192581860963
0.345800941573411	0.6541990584265887
0.34597574697479433	0.6540242530252054
0.3459849089303636	0.6540150910696361
0.34591358669114014	0.6540864133088595
0.34614279515525953	0.6538572048447402
0.3459020423832045	0.6540979576167951
0.34589777040775976	0.6541022295922398
0.3460990255810542	0.6539009744189455
0.3459545217587624	0.6540454782412373
0.345842559998089	0.6541574400019107
0.34609037052616176	0.6539096294738379
0.3459348870481047	0.654065112951895
0.34615414641456144	0.6538458535854382
0.3459555040160065	0.6540444959839932
0.345837781644762	0.6541622183552377
0.345954481575693	0.6540455184243067
0.34586205265745484	0.6541379473425448
0.3460944968326315	0.6539055031673682
0.34604650245137025	0.6539534975486294
0.34582583646893067	0.6541741635310689
0.34583546809486737	0.6541645319051324
0.34606184585628214	0.6539381541437175
0.345809460577327	0.6541905394226727
0.3458192283145307	0.654180771685469
0.345943111111659	0.6540568888883407
0.346098842797384	0.6539011572026157
0.3459471634129451	0.6540528365870546
0.3460685901943725	0.6539314098056271
0.3457742684336358	0.6542257315663639
0.3458193294992886	0.654180670500711
0.34580333454792156	0.6541966654520781
0.3458976013322936	0.6541023986677061
0.3461173920708084	0.6538826079291913
0.3458167136215656	0.654183286378434
0.34576920518413023	0.6542307948158694
0.3459935303623197	0.6540064696376799
0.3460241975950997	0.6539758024048999
0.3458037186132291	0.6541962813867706
0.3458913881504474	0.6541086118495523
0.34592831610159946	0.6540716838984002
0.34594064143066794	0.6540593585693317
0.3460999786270753	0.6539000213729244
0.34578023844026484	0.6542197615597348
0.34595644774120493	0.6540435522587947
0.3460403052013039	0.6539596947986958
0.346006660603542	0.6539933393964577
0.34590816077267517	0.6540918392273245
0.3459868575789149	0.6540131424210848
0.3460245773734105	0.6539754226265891
0.3461330796293436	0.6538669203706561
0.3458196093750574	0.6541803906249423
0.34578548643523443	0.6542145135647652
0.3459003999583248	0.6540996000416749
0.3458662057428879	0.6541337942571117
0.3461502098582978	0.6538497901417019
0.34583174323333377	0.6541682567666659
0.346025083950699	0.6539749160493007
0.3459935725566151	0.6540064274433846
0.3458873655419866	0.654112634458013
0.3460186358849736	0.653981364115026
0.3460125226573988	0.6539874773426009
0.34606181709363265	0.6539381829063671
0.34582634135472945	0.6541736586452702
0.34614202601826694	0.6538579739817327
0.34615335954760207	0.6538466404523976
0.3458859831172519	0.6541140168827477
0.34599962506501464	0.654000374934985
0.3460125506471451	0.6539874493528546
0.34576278655254866	0.654237213447451
0.3459649375508572	0.6540350624491424
0.3460356422119569	0.6539643577880427
0.3458820917630072	0.6541179082369925
0.34579687446693447	0.6542031255330651
0.34607513844794646	0.6539248615520532
0.34592755564491945	0.6540724443550803
0.3460552851873724	0.6539447148126273
0.34606516364708667	0.6539348363529129
0.3460572708505141	0.6539427291494856
0.3459381158353628	0.6540618841646368
0.34612633294729656	0.6538736670527031
0.34611710708548166	0.653882892914518
0.3458030853301314	0.6541969146698683
0.3461482100122263	0.6538517899877734
0.34614245081396267	0.653857549186037
0.3459523219983778	0.6540476780016219
0.3459143422677149	0.6540856577322848
0.34582216093364027	0.6541778390663594
0.34581206285421706	0.6541879371457826
0.3457628689480101	0.6542371310519896
0.3459505224689855	0.6540494775310142
0.34604811543554703	0.6539518845644526
0.34590594897244586	0.6540940510275538
0.34587630337795205	0.6541236966220476
0.34575923153325405	0.6542407684667456
0.34597005488314636	0.6540299451168533
0.3457707382233704	0.6542292617766292
0.3460778570783377	0.653922142921662
0.3458338666823699	0.6541661333176298
0.34609235216465883	0.6539076478353408
0.34592218983985684	0.6540778101601428
0.3459888461206756	0.6540111538793241
0.3457607792069644	0.6542392207930352
0.3459918628596681	0.6540081371403316
0.34597836699670437	0.6540216330032953
0.34581883805259644	0.6541811619474032
0.34581766715460827	0.6541823328453914
0.3460689691654174	0.6539310308345823
0.3458947096581757	0.654105290341824
0.34609030947143693	0.6539096905285627
0.3460106692767872	0.6539893307232125
0.34606397932338445	0.6539360206766152
0.34601928264710663	0.6539807173528931
0.34578986499454656	0.6542101350054531
0.3460437958147323	0.6539562041852673
0.3459511909831826	0.6540488090168171
0.34604860813701843	0.6539513918629812
0.34596526106668146	0.6540347389333182
0.3458115584142537	0.654188441585746
0.3458656585489127	0.654134341451087
0.3459738563719469	0.6540261436280528
0.3459690204211655	0.6540309795788342
0.34608484342202095	0.6539151565779787
0.34610228359281947	0.6538977164071802
0.3461017905486702	0.6538982094513295
0.34594233031811683	0.6540576696818828
0.34583082575477536	0.6541691742452242
0.3459732332393156	0.654026766760684
0.34590403949200216	0.6540959605079975
0.34601794742625747	0.6539820525737422
0.3458593183691179	0.6541406816308818
0.3458221832171483	0.6541778167828514
0.3459607782859804	0.6540392217140193
0.345902240457561	0.6540977595424387
0.3457770989153085	0.6542229010846912
0.3458032054427643	0.6541967945572353
0.3457831125238203	0.6542168874761793
0.34587614387678156	0.6541238561232181
0.3459677664140062	0.6540322335859935
0.3460157097941104	0.6539842902058892
0.3460165697465777	0.653983430253422
0.3460611650996607	0.653938834900339
0.34609221118260824	0.6539077888173914
0.3460133119050149	0.6539866880949847
0.34587363763505186	0.6541263623649478
0.3459718700607847	0.654028129939215
0.3460753298730216	0.6539246701269781
0.3459527290393548	0.6540472709606449
0.34586322824941795	0.6541367717505817
0.34606433059695785	0.6539356694030418
0.3461169368463932	0.6538830631536064
0.34604086157716674	0.6539591384228329
0.3458451301266895	0.6541548698733102
0.3460396864832891	0.6539603135167106
0.34588640321869346	0.6541135967813062
0.34600999002104094	0.6539900099789587
0.3458732604916943	0.6541267395083054
0.3457844658261383	0.6542155341738614
0.34613815829802214	0.6538618417019775
0.34602072732900063	0.653979272670999
0.346076377800582	0.6539236221994177
0.3457685996093045	0.6542314003906952
0.34601833397839316	0.6539816660216065
0.34602209505349746	0.6539779049465022
0.34608052957454666	0.653919470425453
0.3458517334750262	0.6541482665249735
0.34602116530759874	0.6539788346924009
0.34602887978937324	0.6539711202106264
0.34610794830063735	0.6538920516993623
0.34608160746969346	0.6539183925303063
0.34590569441054253	0.6540943055894571
0.3460555197999648	0.6539444802000349
0.34577914396364484	0.6542208560363548
0.34594767027284656	0.6540523297271531
0.34601921426123206	0.6539807857387676
0.34582325152200516	0.6541767484779946
0.3459813483937507	0.654018651606249
0.3459215573517159	0.6540784426482837
0.3461204072561519	0.6538795927438478
0.3461086672048693	0.6538913327951303
0.3458024667428369	0.6541975332571628
0.34593709932370964	0.65406290067629
0.3458672697031402	0.6541327302968595
0.34582911713529435	0.6541708828647053
0.3461006430968515	0.6538993569031482
0.3458144530393125	0.6541855469606872
0.34582632657960555	0.6541736734203941
0.3458337881931328	0.6541662118068668
0.34615217544901333	0.6538478245509863
0.3458460000564732	0.6541539999435264
0.34581031550710556	0.654189684492894
0.3461520058517204	0.6538479941482793
0.34579524065482203	0.6542047593451776
0.34608112457864193	0.6539188754213577
0.34585519777739837	0.6541448022226013
0.3459174626485847	0.654082537351415
0.3459572063397681	0.6540427936602315
0.34604425410174405	0.6539557458982557
0.3461037298602259	0.6538962701397737
0.34607337555095946	0.6539266244490403
0.3460077231953498	0.6539922768046499
0.3461415163514161	0.6538584836485836
0.34613599894753944	0.6538640010524602
0.3459486268048627	0.654051373195137
0.3458699564969212	0.6541300435030785
0.3461115810083193	0.6538884189916804
0.34580319713832836	0.6541968028616714
0.3461511753667834	0.6538488246332163
0.3459621206954461	0.6540378793045536
0.3460171345343743	0.6539828654656253
0.34577911952939727	0.6542208804706025
0.34610077866037403	0.6538992213396256
0.34576797093997824	0.6542320290600214
0.3460857414015801	0.6539142585984196
0.3458653207693789	0.6541346792306207
0.34580380796653765	0.654196192033462
0.34611311530872396	0.6538868846912758
0.34614409724368245	0.6538559027563172
0.34608869757114413	0.6539113024288555
0.34607448441143845	0.6539255155885613
0.34582888342545093	0.6541711165745487
0.3458684140158309	0.6541315859841688
0.3459357478186004	0.6540642521813993
0.3457740615439001	0.6542259384560996
0.3459340149520804	0.6540659850479192
0.3460561848436376	0.6539438151563621
0.34612175555928393	0.6538782444407157
0.34612975809989494	0.6538702419001048
0.3459450087044561	0.6540549912955436
0.3458660879166494	0.6541339120833503
0.34610668681846835	0.6538933131815313
0.3459084655950384	0.6540915344049613
0.34594612062276764	0.654053879377232
0.34578604403584945	0.6542139559641502
0.34597550070349525	0.6540244992965044
0.3460776238790532	0.6539223761209465
0.34576317626470143	0.6542368237352982
0.34579209929557864	0.654207900704421
0.34615094691606135	0.6538490530839383
0.3458245235063516	0.654175476493648
0.34589914242103875	0.6541008575789609
0.34588150627434544	0.6541184937256542
0.346083821874009	0.6539161781259907
0.34582633798337925	0.6541736620166204
0.34606295588012337	0.6539370441198763
0.346031428431949	0.6539685715680507
0.3458129275216468	0.654187072478353
0.3461544018149517	0.653845598185048
0.34602249707470845	0.6539775029252912
0.3457631268062703	0.6542368731937294
0.34599034843245074	0.6540096515675489
0.34599078173363396	0.6540092182663657
0.3459770551203496	0.6540229448796501
0.34599050739076154	0.6540094926092381
0.34587836215460943	0.6541216378453902
0.3459944849961516	0.6540055150038481
0.3458389211728776	0.654161078827122
0.34612025348275366	0.653879746517246
0.34594622852563556	0.6540537714743642
0.34585376196835765	0.6541462380316421
0.3461163077453959	0.6538836922546037
0.3460401934694572	0.6539598065305425
0.3458933202508643	0.6541066797491354
0.3461016984312582	0.6538983015687414
0.34604653127189555	0.6539534687281041
0.34605195680205364	0.6539480431979461
0.3460293100496945	0.6539706899503052
0.34615172368404845	0.6538482763159512
0.3460802008576134	0.6539197991423863
0.346068486161452	0.6539315138385476
0.3458726494823031	0.6541273505176965
0.3459732846494917	0.6540267153505079
0.3458765288705289	0.6541234711294708
