0.32485196052712695	0.27725051611886653	0.1371452886470904	0.12748678029606123	0.1332654544108546
0.3217076484460571	0.2732183101879716	0.13776811520893056	0.1255508070335653	0.14175511912347513
0.3239775471678231	0.2744539391849098	0.13726870020398665	0.13927972449545428	0.1250200889478258
0.3203289308941153	0.2770909137107889	0.1396450480615185	0.12520836566688726	0.13772674166668974
0.32007398389880404	0.2763952904640359	0.13934515577377746	0.13751153070022182	0.1266740391631605
0.32106163723235004	0.27566520862220145	0.13800414813905273	0.13227213339790786	0.13299687260848758
0.32315375488801107	0.27557505982748676	0.1365953708710063	0.1224210871837683	0.14225472722972723
0.3247168613381456	0.27404932611443455	0.13796832201293266	0.13418273629733818	0.12908275423714874
0.3221231442806677	0.2788462780377608	0.13713177499765097	0.12202032138512323	0.13987848129879704
0.32312810336761355	0.2762231862290114	0.13729317449627698	0.1186170569766535	0.14473847893044428
0.3194953880917948	0.2777158564500184	0.13861043217244406	0.1242370842081164	0.1399412390776261
0.3195380383551787	0.2731427923890502	0.13719322969521636	0.1272553497523528	0.14287058980820166
0.32360468675782517	0.2770568393274372	0.1374439567563393	0.11909253690840307	0.14280198024999496
0.32453549499695256	0.27761657690663843	0.13952815654420328	0.13042404566633597	0.12789572588586942
0.3245821411819497	0.27607917970322793	0.13649291724090637	0.139535579828018	0.12331018204589764
0.3190045030392873	0.27767789558428824	0.13913251201049945	0.12846687909748924	0.13571821026843545
0.3230808216916888	0.2754664945729716	0.1381377076500909	0.1302220344053741	0.13309294167987432
0.3198013903190291	0.2795721477735611	0.13907536812348414	0.13142258475011964	0.13012850903380574
0.3191411935949793	0.2752230373728862	0.137722679851259	0.12707279255908588	0.1408402966217893
0.3186794202525963	0.27513361606046766	0.1381294071085069	0.13342104204561706	0.13463651453281178
0.32533442385505323	0.2751576863112606	0.13937759912391792	0.11924872501100645	0.1408815656987615
0.3186562089695798	0.2755953818960353	0.13974404127336226	0.12453417703254957	0.1414701908284728
0.32524139392519225	0.27640490978618937	0.137120966971161	0.12532414970632944	0.13590857961112765
0.31996328807883073	0.2753925577913312	0.13967251209647205	0.1264197337542533	0.1385519082791124
0.31987047814329295	0.27972485707140715	0.13904703695942439	0.12433808042524103	0.1370195474006342
0.3262246419009329	0.27623155091873863	0.13688760024443236	0.12086665152263591	0.13978955541325985
0.32570030582907505	0.27665407303179346	0.1390640313062665	0.12820305959601827	0.1303785302368464
0.32275604294716603	0.2776609109305785	0.1366409216298098	0.1324801305429555	0.13046199394948993
0.32464309492808147	0.2793684320946942	0.13744191975953401	0.1340165936452261	0.12452995957246392
0.320385410064855	0.2779027008902643	0.13641985901287518	0.1250082525635564	0.14028377746844886
0.32417973630874175	0.274198878978377	0.13918571485814174	0.11904913380136817	0.14338653605337098
0.32070750264406356	0.27794832589206747	0.13733568812556968	0.12086642337409052	0.14314205996420848
0.32588575579482815	0.27569496971440277	0.13805891215442684	0.1150027616775226	0.14535760065881925
0.3231123066068149	0.27617355043728636	0.13708905734179894	0.1212040017025623	0.14242108391153718
0.3187572373175306	0.27840628490427954	0.13962130455871744	0.12389065713007172	0.13932451608940039
0.321240286641565	0.27725231203972	0.13912779503399425	0.1361531418176944	0.126226464467026
0.32440661869611187	0.27581520645298585	0.1366957910543117	0.13261829608258358	0.13046408771400672
0.3220348180082714	0.27626522368616047	0.13981570353348094	0.12476498940608487	0.13711926536600202
0.32384236165500824	0.27891824013869176	0.13799692021270615	0.1297488543605278	0.12949362363306582
0.32189360414370777	0.2750107972701378	0.13790520390281477	0.1335177191276811	0.1316726755556583
0.32337833177631153	0.2745164704308598	0.13911425081242024	0.12415669753551184	0.1388342494448963
0.32464660817744495	0.2758391979079531	0.1386288475162123	0.11495361540305082	0.14593173099533863
0.3246067098862388	0.2745264807426949	0.13872640989979634	0.12550044494669546	0.13663995452457423
0.32011767350896964	0.27809465811287126	0.13772589380336092	0.1260988802695968	0.1379628943052011
0.3238473822574357	0.2746672590196216	0.13925465642425258	0.12186044749488505	0.14037025480380477
0.3221014630939272	0.27887467651533726	0.1365723912811666	0.12581030036613405	0.13664116874343452
0.32270117689501254	0.272662281780799	0.13965611430166336	0.12433327415562127	0.14064715286690357
0.32493658913386914	0.2735102250410146	0.13863297932565263	0.12180533115755462	0.14111487534190875
0.3232302589497122	0.2747836894099993	0.13760946273614022	0.13904157682107476	0.12533501208307324
0.32542946199636225	0.27528244839977617	0.13808441519109316	0.13137658525054052	0.12982708916222754
0.32238464961656854	0.27279060575851677	0.13891911214924052	0.13251703067542803	0.13338860180024584
0.32459755234983406	0.27956875658590963	0.13692779839003946	0.12702794088106675	0.13187795179314984
0.32357525337958426	0.27751868443981587	0.13948809576606702	0.1352185892387877	0.12419937717574481
0.3234123418917828	0.2796934359465304	0.13803938730080878	0.13024028355312556	0.12861455130775215
0.32097466066074837	0.2768317279673357	0.1389299564559113	0.13070657545179354	0.13255707946421083
0.320968635696417	0.27669697973823737	0.13708896552353875	0.12825509735144874	0.13699032169035785
0.31985065764739434	0.27910543781863495	0.138043389267413	0.13116249765360355	0.13183801761295386
0.3203278708886307	0.27962653921112957	0.13793020690568367	0.12774094204536524	0.13437444094919054
0.3255302325753713	0.2743135672121595	0.13897121762659886	0.12448173034443831	0.13670325224143176
0.3227419559842477	0.2734106311291599	0.1376281633615019	0.12186976376397318	0.14434948576111703
0.3182161176967	0.2787932242448611	0.13824321876918594	0.12049550166833183	0.14425193762092084
0.3187224022301788	0.27797357708567033	0.13734573326080968	0.11984811348963692	0.14611017393370399
0.320646482153744	0.2795069547207276	0.13974733628052574	0.11329798151998097	0.1468012453250214
0.3216440459462179	0.27527404426179525	0.1388771271873323	0.12525463290760303	0.1389501496970512
0.3236488517921474	0.2760279597151158	0.13656064442682844	0.12067952267300881	0.14308302139289922
0.32295414640818654	0.2783621606234002	0.13804025454185473	0.11419603804328426	0.14644740038327397
0.3216780340150711	0.27928037733600564	0.13845552883153456	0.11828299212238083	0.14230306769500753
0.319600278160178	0.27575169759803314	0.13922666418415303	0.1221732892238453	0.1432480708337902
0.325565326671316	0.2783358409454011	0.1372876021193946	0.11219503937369829	0.1466161908901897
0.32378347525918083	0.27859593597352994	0.13680609334797494	0.11822052064444945	0.14259397477486455
0.31920198649260656	0.27413633161988404	0.13665641864506817	0.12364214418932963	0.14636311905311125
0.3208548003718004	0.272982508134733	0.13855374315060887	0.136614938624606	0.1309940097182514
0.32400919746333257	0.27368845174901973	0.137666367801844	0.13118334010064867	0.13345264288515477
0.31895119010886214	0.2786631383407613	0.13959073232813607	0.1346069772037511	0.12818796201848914
0.3232294921613459	0.2763437472610146	0.13740796629265728	0.12580897966128013	0.13720981462370174
0.31856243916372273	0.2735998990116796	0.13668880248804888	0.13601463376082168	0.13513422557572674
0.3256450194965994	0.27888314301755773	0.1369277767448106	0.118206127646259	0.14033793309477294
0.32072752498142526	0.2733941911332545	0.13924214552281755	0.13211215025931974	0.13452398810318264
0.3195783591290431	0.2756318577966106	0.1395284605129737	0.12833500510538742	0.13692631745598483
0.32141335931863996	0.274617875715166	0.1381718647390727	0.1369079734570711	0.12888892677004998
0.3234225407417961	0.27868433257440745	0.13849330435466695	0.12841638272760084	0.1309834396015284
0.31875033551866894	0.2754444251573368	0.1367142428984592	0.13737546134619394	0.1317155350793408
0.323359640056348	0.27280933766647364	0.1381945662137745	0.11934832345827914	0.14628813260512447
0.32104477857940117	0.27904905817017056	0.1380288205722365	0.1235736652440942	0.13830367743409727
0.31818708175764004	0.2742643759050709	0.1363507788191195	0.12824205259801244	0.14295571092015683
0.3245516316593025	0.2789064662643086	0.1378048749483002	0.13213424624377462	0.12660278088431376
0.3206764929139928	0.2727987315417707	0.13954001529462867	0.13515550136245716	0.1318292588871503
0.3253609876853345	0.27527946158023686	0.13731046509709124	0.13899332885991536	0.12305575677742177
0.3191511836596389	0.27379752328382395	0.13683729135929984	0.13240222042767186	0.13781178126956514
0.32167805935310434	0.2765267799821547	0.13749381008446415	0.12918170834947423	0.1351196422308022
0.3187227383683681	0.27548893078806075	0.13733724654022827	0.1253195731563752	0.14313151114696732
0.3254617417260983	0.2740528119499896	0.13817244178032537	0.12412643709364707	0.13818656744993932
0.32437946968378933	0.2769066828087894	0.1395273502414156	0.12361601767658698	0.13557047958941842
0.32534991291993276	0.2784479659107023	0.13632360515194158	0.12446732893098589	0.13541118708643715
0.32068266774899684	0.27439642487787486	0.13811471460106434	0.13851220493815822	0.12829398783390547
0.32014287872814107	0.27847082621745906	0.139552036530522	0.1389233070956977	0.1229109514281799
0.32414075471820775	0.2728015378902975	0.13878682883706472	0.1325849905430097	0.13168588801142
0.31994225198623333	0.27941825027834744	0.13720079750178835	0.13062112174113627	0.13281757849249426
0.32074796968741653	0.2742525759606909	0.13828283223182009	0.12452403178362373	0.14219259033644843
0.3222955021042245	0.27957874753247836	0.13767037069077923	0.12177654339539096	0.13867883627712668
0.32598669346276965	0.2777471306705298	0.13966533456179409	0.11214296897988589	0.14445787232502033
0.3232259446340158	0.2787818167020962	0.13752298360630533	0.1363320836595629	0.12413717139801948
0.32229085338476227	0.2739005085288453	0.13675308524600638	0.12581250637468294	0.14124304646570282
0.3245861623793602	0.2787223222874857	0.13743726815420815	0.11251060683850497	0.14674364034044066
0.3248026386434287	0.27606945094843677	0.13813202524714957	0.1340818848283608	0.12691400033262387
0.32575193722498785	0.2789928043788549	0.1364070912256941	0.13578611237065777	0.12306205479980509
0.31881680599485174	0.27295496411845144	0.1365641794448468	0.13927995070206386	0.13238409973978593
0.32584587718227775	0.277289945325189	0.13783904636457456	0.11308384800784575	0.1459412831201126
0.3243147245628183	0.2792162943342884	0.1378060309231995	0.11578547896856056	0.14287747121113292
0.3203576967345141	0.27538347828794024	0.1389628294458089	0.1223736078377975	0.142922387693939
0.323697476477647	0.2746475207926232	0.1376577187675282	0.12691366610089647	0.1370836178613048
0.3188625605317746	0.2729404886001228	0.13681383759797228	0.12765430166362135	0.14372881160650866
0.32168931967333436	0.2773112530922187	0.13648579080167889	0.1259162528381054	0.13859738359466237
0.3219256519724948	0.2728264609662633	0.13717179087437692	0.12896043314443426	0.13911566304243045
0.324922043538791	0.2745131375713704	0.13895897894158946	0.11965549556472235	0.14195034438352644
0.32278671243972573	0.27971509058780564	0.13814049355044672	0.13560705909717236	0.12375064432484924
0.32357761633744087	0.27677733788731307	0.1385012024336016	0.13198909423240868	0.1291547491092355
0.3252910003529607	0.27559455597111615	0.13710348114928075	0.1309818582834596	0.13102910424318248
0.3207567272437148	0.27752378066540395	0.13826106220652462	0.11828465423949883	0.14517377564485748
0.322060854501232	0.2772147797078295	0.1372530313511438	0.13369528147069826	0.1297760529690961
0.31942404493030896	0.2786490371644883	0.13806078599071464	0.13824438823809174	0.12562174367639609
0.3236595479394432	0.27564760316701375	0.1379065705024861	0.1256397206804858	0.13714655771057094
0.3244590197338968	0.2783295189687799	0.1381304528819687	0.1322961972010503	0.12678481121430407
0.3206278353585712	0.2794990918546602	0.13841175903905312	0.13373999659071645	0.1277213171569987
0.3225387407861861	0.2743697877025162	0.13772419809849284	0.1279431902050086	0.13742408320779592
0.32129780842677447	0.27767463308343293	0.1373262867750398	0.12717002071726527	0.13653125099748725
0.32579990744654275	0.27835130091578986	0.13905210545628033	0.1300128632122181	0.12678382296916862
0.32568124686090705	0.2789473113104477	0.13665242093415994	0.1295221563030522	0.12919686459143281
0.3184831076782736	0.27553899104636603	0.13839988153902394	0.13521117851149575	0.13236684122484038
0.3249581169976927	0.2769614391073419	0.13896340022926673	0.11827505651307199	0.1408419871526264
0.3219782973642364	0.2738307230682072	0.1389499372387949	0.11981949281793305	0.14542154951082814
0.3247636114371242	0.2794682941618629	0.138802555930457	0.1192477759514625	0.13771776251909307
0.32353120265670376	0.27595812173825524	0.13901833665826802	0.11799528424150514	0.14349705470526747
0.3238853511660383	0.27444527122920376	0.1370204076107604	0.1368038890793713	0.12784508091462599
0.3249633298445848	0.2757000210063984	0.13948912470957725	0.13600647962664336	0.12384104481279588
0.32624308228586807	0.27465942267580834	0.13685220684953325	0.13588174366420588	0.1263635445245842
0.3252096200675604	0.2792192145070487	0.1365100716395893	0.11467383349914873	0.1443872602866526
0.3204518887909352	0.2759865295618428	0.13934603137827223	0.13672187591581175	0.12749367435313777
0.32299423861477994	0.2778575795717768	0.13948181220685377	0.13140081267754794	0.12826555692904124
0.3240394972825149	0.272936212103551	0.13736025546389885	0.1388093110157571	0.12685472413427773
0.3257190331259745	0.2793001690589059	0.1384170701339888	0.11577326763628486	0.14079046004484566
0.326099388650792	0.27973476883321013	0.13674565238315434	0.12325303093858124	0.13416715919426203
0.32429407350479267	0.27620191717421005	0.13692172368765443	0.11673938900658305	0.1458428966267595
0.3259723982731325	0.2742133765541586	0.13794507622452254	0.1274542965973393	0.13441485235084674
0.32386155680535333	0.27726003691586865	0.13859998198228576	0.12431455541729759	0.13596386887919434
0.3246547245249496	0.27530137869949795	0.1371078831807277	0.11646117106151882	0.14647484253330564
0.32370058313130073	0.27875997807703473	0.13711784343477673	0.11579449287601677	0.14462710248087074
0.3182904682079188	0.2784109734036805	0.1371792375722054	0.1297650727536787	0.1363542480625163
0.3238732569274606	0.27924689677938486	0.13706441390206767	0.13388897019120632	0.12592646219988024
0.3259968887580325	0.2740403322350301	0.1396258011238956	0.13308592512182943	0.12725105276121207
0.32203927098819035	0.2730233660840251	0.1389522467823402	0.13409245976455897	0.13189265638088504
0.321771870268942	0.27906200791394464	0.1370030701990588	0.1271257013557903	0.135037350262264
0.3245097799167013	0.27690146801426896	0.13699058102851827	0.12926041164546181	0.13233775939504935
0.32106559854602906	0.27566537689716136	0.13639752455572843	0.13592047856818013	0.13095102143290074
0.3258318425317487	0.27560047090387707	0.13886558551674621	0.13310265002359822	0.1265994510240295
0.3256669834348008	0.2759224567256302	0.13694653671746157	0.12910108705553247	0.1323629360665746
0.31931056088421345	0.27306206546436773	0.13812027286416767	0.12513059396315368	0.1443765068240972
0.32585699357239983	0.2735912727854513	0.1378126341500285	0.11693306495768624	0.14580603453443383
0.32313363700050146	0.2786434290356043	0.13856300208531286	0.11453480862214177	0.14512512325643934
0.3246943979903552	0.27727927005841607	0.13693014001342518	0.12648984516343934	0.1346063467743639
0.3244814120531755	0.2757023909471183	0.13853845800393128	0.13421438270545916	0.12706335629031548
0.31921122972608823	0.27722594918758986	0.13888966375766754	0.12983780294044717	0.13483535438820693
0.3257935312395042	0.2797112719368449	0.13773095391494952	0.1316221586593691	0.12514208424933196
0.3261232936706111	0.2772178541434438	0.13859075588610648	0.12276436456451158	0.13530373173532673
0.32443388740200696	0.27703042833055297	0.13724392745738181	0.11816484769887868	0.1431269091111793
0.32587046143458304	0.27459464483050566	0.136317123023407	0.136653576705552	0.12656419400595192
0.3201604869146303	0.2736869378076691	0.13814908715135946	0.12844323668104882	0.139560251445292
0.31941601560140165	0.27454354620895693	0.13739767506402706	0.12183334624037663	0.14680941688523744
0.325689674279798	0.2749614848366047	0.13900549358048814	0.13498089908513855	0.12536244821797027
0.3200088441055907	0.27679619662255495	0.136954462473238	0.12368966473493352	0.14255083206368246
0.3239170523348055	0.2773461801207871	0.1381852563633833	0.1212819646964497	0.13926954648457407
0.3238823339085831	0.2789934136087372	0.13731702648747146	0.11719068665123714	0.14261653934397078
0.32230431251746766	0.27272143371023083	0.13895675835693921	0.12338848412942591	0.14262901128593608
0.3198198729743831	0.27847479491360605	0.1388651158824063	0.1276340244647694	0.13520619176483484
0.3248690513702123	0.2764195034331	0.1366127721991509	0.12662605267337995	0.13547262032415647
0.3190785500283473	0.2738121422820369	0.13711148526570366	0.124482766291858	0.14551505613205384
0.32517135522374707	0.27818046741109603	0.13764459727988643	0.11514837422924529	0.14385520585602488
0.32245626530873606	0.2777295022198248	0.13785270826970142	0.13505519308463346	0.12690633111710403
0.31925246127960716	0.27827895796527713	0.13932750219987322	0.1387554728671737	0.12438560568806845
0.32392026512395483	0.27437732463265857	0.1387523867965184	0.12822079431993916	0.13472922912692872
0.3225505507215747	0.2735001702276606	0.13812048429074558	0.13385933767640387	0.13196945708361502
0.31867248260450565	0.2752143655386464	0.13923295043796596	0.12462286949013131	0.14225733192875034
0.3235163167189943	0.2782992474564375	0.13788607036468079	0.12192709345022829	0.13837127200965882
0.3234469076661369	0.27834183901300624	0.13784155838834397	0.11963575065975358	0.140733944272759
0.32328347870694174	0.27498107411424383	0.13926473512936868	0.13031904377825942	0.13215166827118602
0.32256769189432666	0.27617192965525117	0.1388047597474542	0.129360583559719	0.1330950351432487
0.31980665798675845	0.27564147543349615	0.1387109907037561	0.12745827181230657	0.13838260406368239
0.32401146550662396	0.2732213443529862	0.13920563273803777	0.13776903077395714	0.1257925266283947
0.3224183698749226	0.2768308166089287	0.13938779906398363	0.1340662948706325	0.12729671958153221
0.31957467630537034	0.27776475398815026	0.1387987612194132	0.12230763260653024	0.14155417588053568
0.3256848016478487	0.27723373177291066	0.136866343456271	0.11848641262989147	0.1417287104930779
0.32013484447621343	0.27676934577213724	0.1375553488068333	0.11974216290459912	0.1457982980402166
0.32460009953724245	0.2768063093564097	0.13850397552912475	0.12498182657482797	0.13510778900239487
0.323904765872425	0.27565409234114724	0.13855901821503055	0.125194153089692	0.13668797048170483
0.3187530365123604	0.27707104053453363	0.1386354227975841	0.13279727841777283	0.13274322173774872
0.32426607197584406	0.2728588716707235	0.1385715785732992	0.12589507565463337	0.1384084021254996
0.32118399583764873	0.2786264299296917	0.1375819009171841	0.12249663626185728	0.14011103705361788
0.3254261553655351	0.2782755409241131	0.13702493189121695	0.11945553383462791	0.13981783798450664
0.32573251856798535	0.27587466066308164	0.13692620832641467	0.11617092461368785	0.1452956878288302
0.3242030108164626	0.27292381238058533	0.13855068867825643	0.11799334172944802	0.14632914639524733
0.3245413323639976	0.27542768006689766	0.13739430824396914	0.12836489374414267	0.13427178558099262
0.32415103301224846	0.2750447539725321	0.1397242288592342	0.13798071098123021	0.12309927317475482
0.32423695309046374	0.27796003536002234	0.13833168710545396	0.12390192186933577	0.13556940257472389
0.32595148596773404	0.27385065205421005	0.13634610956565385	0.1339658579844218	0.12988589442797993
0.3182505419187541	0.27972171440183347	0.1390873861940555	0.12684323713780069	0.1360971203475559
0.32580032823334143	0.27453231015377	0.13715421868334876	0.12801406957588035	0.13449907335365918
0.320265806192108	0.2779341753852518	0.1368463152769629	0.12994419620252368	0.13500950694315336
0.32417616917536807	0.27270104625553754	0.139052535798274	0.13446710281675753	0.12960314595406253
0.3229292058406033	0.276032751106026	0.13883468674488492	0.12161389458238618	0.14058946172609935
0.3259874117301196	0.2747948408645963	0.13906856984808608	0.12620275917981824	0.1339464183773795
0.32166411950242524	0.2747266954802111	0.137166021345623	0.1370207295776783	0.12942243409406198
0.3188128007701055	0.2741689834934	0.13722701349341082	0.12447420270572782	0.14531699953735552
0.3242198413547521	0.27692691437948713	0.13923678955375024	0.12694215611810977	0.13267429859390042
0.3240191635536301	0.2774227744784454	0.13667034274211273	0.13490559469521568	0.1269821245305958
0.3208240868299357	0.27784617905012315	0.13946205651696972	0.12577394217445786	0.13609373542851333
0.32292654983631053	0.2775143731705392	0.13897010379998498	0.12813898738915774	0.13244998580400727
0.32232701854194495	0.2747662890690587	0.13954140641320442	0.12685589100329786	0.13650939497249373
0.32151376418645194	0.27303357416164764	0.13904228448800943	0.1335223893961052	0.13288798776778554
0.3245769503768513	0.2760675923376354	0.13695426941742606	0.1391620362696755	0.12323915159841145
0.32544711539535837	0.2728540789967442	0.13689436396225985	0.12670044831288857	0.13810399333274873
0.3218892193922264	0.27436187935589995	0.13862630736486567	0.12157479459139564	0.143547799295612
0.3228486786057344	0.27934562373474403	0.13878681920393438	0.1121590122171849	0.146859866238402
0.32362709603914663	0.278359588102595	0.13932117811751119	0.11547505913951964	0.14321707860122723
0.32314037100034054	0.2766432232499095	0.13965986471489344	0.12614882588866574	0.13440771514619046
0.3208220047640126	0.27951439863005584	0.13788754569442302	0.12147761318115316	0.14029843773035508
0.32608414743286274	0.27681291602268393	0.13770251752705115	0.11824798167591388	0.14115243734148794
0.3217232908177935	0.27613854424533335	0.1383107750171509	0.11798946442325907	0.14583792549646285
0.31869925900595203	0.27892912577423445	0.13732127968811542	0.13077940006716043	0.13427093546453733
0.3208247907534753	0.27581576777028854	0.13866019337258217	0.12384975052421451	0.14084949757943915
0.3214261228568612	0.2778580205999393	0.13774999022900758	0.12268926083765787	0.1402766054765338
0.3234220093761007	0.27277489129153754	0.13691020458122782	0.130525227215128	0.1363676675360056
0.32116124554088243	0.27785944885507075	0.136330093798988	0.1208575882978718	0.14379162350718672
0.32400962888644613	0.27793347955907005	0.13975768986342765	0.13036028747668027	0.1279389142143756
0.3217369391189362	0.27342358033582376	0.13804234676854207	0.1252470652682848	0.1415500685084129
0.3222604349266338	0.27495054611531783	0.13712751832668685	0.1392773663553408	0.1263841342760204
0.32404864737651773	0.2796499353513771	0.13786891177350288	0.1235876461006079	0.134844859397994
0.32034482351011406	0.27307204068284974	0.13754824029028329	0.1249325836063314	0.14410231191042125
0.3194629646938254	0.27604787719653445	0.1392039327304994	0.12367824767220553	0.14160697770693492
0.3241334928280202	0.2754763853890685	0.13932814567990878	0.12663988508430962	0.13442209101869268
0.3238625071234073	0.276063392416714	0.13765926124752698	0.12433213051448352	0.13808270869786787
0.32306112768224804	0.2794809943558818	0.13649731396783546	0.12060054319633903	0.1403600207976953
0.32192306784494884	0.27955613935965984	0.13951719731753848	0.12589250237740823	0.13311109310044436
0.3229355263928497	0.27814179736506445	0.13871315116518879	0.1186923934851469	0.14151713159174983
0.3235787550899587	0.27971871752407684	0.1376993955002162	0.11677689400485124	0.14222623788089672
0.3241284727154283	0.276334687433221	0.138532040002197	0.1309749108848568	0.1300298889642966
0.31865666548962956	0.27629693046011394	0.13651735300315043	0.12375168531290022	0.14477736573420558
0.3203865149407612	0.2773549870273784	0.1388987512690994	0.1274307196453165	0.13592902711744417
0.32538084512549265	0.27515856649350506	0.13838572490287995	0.1240980338349648	0.13697682964315724
0.32313566602713495	0.2785699714862101	0.13958590733812035	0.11241598892264011	0.14629246622589417
0.3254276799283592	0.2794206347709206	0.1376025311946676	0.1308055214009877	0.1267436327050646
0.32055436377915786	0.276898780547722	0.13977061840871385	0.1260885860367831	0.13668765122762283
0.32252114214938316	0.2734914311496278	0.13729005825455215	0.1361337097174095	0.1305636587290271
0.31922317172100173	0.27744092189051184	0.1366152153828109	0.1260990126202494	0.14062167838542583
0.3188707866439644	0.2749147236475287	0.1366907540540781	0.13356829732834305	0.13595543832608542
0.31875071267115107	0.27296371591509544	0.13853798714041757	0.13817747934489624	0.13157010492843937
0.32440987761502765	0.276685239253634	0.13805563989104022	0.1366248790050781	0.12422436423521971
0.3185548133251275	0.27974532283310194	0.1372506382385122	0.13908285544374832	0.12536637015950983
0.32392635864328273	0.2754997066237096	0.13801211424961735	0.12282591885720452	0.1397359016261855
0.3244500444574401	0.2764393005424771	0.13962190976680275	0.11723395584427226	0.14225478938900749
0.3238300529817286	0.2745201857806709	0.13857605675703896	0.11808062211772498	0.14499308236283628
0.3191181340093061	0.27959291459047936	0.13708414517741507	0.12383377400399545	0.14037103221880368
0.3230922284495785	0.2743228874948761	0.13897123825478688	0.13542501185708877	0.12818863394366944
0.32362470273660154	0.2784895978183477	0.13962721817227827	0.11440807732014081	0.14385040395263138
0.3190330453495084	0.278381109695684	0.1391864257929038	0.11714646200407179	0.1462529571578318
0.3258606596571871	0.2778241557383339	0.1380025610316198	0.11181713351253089	0.14649549006032803
0.32088000257804616	0.277077841589794	0.13949853640481089	0.13244087525120052	0.13010274417614814
0.3256401170124651	0.27461910342465795	0.13781270694144038	0.123544493670049	0.1383835789513873
0.3236206381823076	0.2761606357977858	0.1374006431535596	0.12692816945726565	0.13588991340908105
0.3226822844233586	0.2766555973137824	0.1364838243497203	0.11876654977664468	0.14541174413649366
0.3245603615259551	0.2750367660633118	0.13822321718356206	0.12680200053145438	0.1353776546957164
0.3248922352206771	0.27408369183741665	0.13782745454264372	0.13452867923811745	0.12866793916114475
0.3197460287105422	0.2757970731411954	0.13850092210343967	0.13514927638317709	0.13080669966164532
0.32509028502663756	0.2739028199472504	0.1386428208670946	0.12517189992763428	0.13719217423138286
0.3262041340302948	0.2793692629624611	0.1374441255823617	0.11005944058805002	0.14692303683683205
0.32318870685180245	0.2794602448138205	0.13969060273341105	0.11740022710034442	0.14026021850062131
0.3230208426832116	0.27726360921406606	0.13667377806715247	0.12351621918727909	0.1395255508482905
0.3251708122093634	0.2734757826414728	0.13676323590795642	0.1264988333222455	0.1380913359189616
0.3225233764727451	0.27400646730282463	0.13733383928782433	0.12240057730886118	0.14373573962774444
0.3197559713915312	0.27741592917453917	0.13861707375868831	0.11890705099980711	0.14530397467543388
0.319655728842799	0.27809611505903836	0.1380598617924335	0.12499222983456572	0.13919606447116312
0.32133136783841215	0.2776656836324781	0.13982033688140566	0.13570177852465887	0.12548083312304495
0.32156131928515325	0.2792483658728753	0.1368912357474818	0.13069000482247528	0.13160907427201407
0.32422472981920525	0.2766475574256484	0.1366567177247619	0.13017778253691625	0.13229321249346793
0.32485976218197155	0.27790644135877535	0.13700576722571056	0.11901727698453059	0.1412107522490117
0.32478426267142024	0.2774505500023477	0.1381549151026272	0.13134481417708735	0.1282654580465172
0.32464362440726136	0.27504907844758153	0.1386755176849729	0.11594262415932276	0.14568915530086118
0.32178539830298913	0.2785076611347489	0.1385696170511554	0.11504430875913388	0.14609301475197237
0.32091892571083785	0.27432110934927717	0.13936608464100397	0.1310168720411883	0.1343770082576924
0.3193763607679158	0.2744254313772676	0.13728578413676457	0.12731555009013346	0.14159687362791826
0.31832397933737266	0.2737064071199813	0.13632765760016496	0.12753936558590817	0.14410259035657255
0.3201676409988038	0.2784233290285787	0.1371853303870751	0.13148447735511803	0.13273922223042411
0.32308572371530875	0.2757737745147856	0.13943897467566568	0.13065968711361525	0.13104183998062444
0.3216454519349857	0.2748562240769496	0.13916979385416436	0.13452902311120044	0.12979950702269955
0.32477913660719493	0.2752371160296109	0.1372155658460299	0.12899327616902145	0.1337749053481425
0.32104843143657597	0.2772118347733417	0.13699521997495606	0.11852832920646095	0.14621618460866503
0.32289514008802406	0.27740672000011624	0.1394604654980438	0.12749172608343598	0.13274594833037964
0.32039566314375284	0.2731704305122681	0.1372351005395818	0.1271001717501399	0.14209863405425704
0.324325219655144	0.27555601318179573	0.1392395065759514	0.12816594860451572	0.1327133119825928
0.325548488280233	0.2789514038364094	0.13665446071576862	0.13096062942469416	0.1278850177428945
0.3222018333179729	0.2793219065550048	0.13817838387997652	0.1321816390514166	0.12811623719562887
0.32417147781192746	0.2732425898193597	0.1379308901422433	0.1319262899702625	0.13272875225620667
0.32178864135892227	0.2736983363464622	0.13671427608140085	0.13825209539590924	0.1295466508173052
0.31904626787313084	0.27697086150267414	0.13795172039333067	0.1301022873261218	0.13592886290474226
0.3183590528881552	0.27405791532330814	0.13883251410842565	0.12882798968294468	0.13992252799716598
0.3217833747075179	0.27785418077883584	0.1396158558556269	0.125840683467854	0.13490590519016513
0.32403423958539523	0.27943437217576056	0.1376056038287858	0.11422555746257679	0.1447002269474813
0.32569431811988503	0.27315634407742034	0.13694261119466397	0.1281751342299954	0.13603159237803497
0.3200121915682539	0.27783411313067774	0.1379242849782131	0.12976371495786276	0.13446569536499223
0.3242950837565252	0.2752134218200063	0.13835078422351912	0.12924909004021007	0.13289162015973902
0.32470312113353766	0.27814889744945537	0.13865009781392257	0.12179423601875378	0.13670364758433035
0.3245564927776353	0.27378665108062583	0.1369043514399106	0.1296326855966924	0.13511981910513554
0.31813028744112326	0.279017341532976	0.13673779318491752	0.1252483301905581	0.14086624765042483
0.3258723309196819	0.2782723295749401	0.1367473065159162	0.1267406880023179	0.13236734498714361
0.3221113976287745	0.27960802364482185	0.13875083072399713	0.1338646117320704	0.12566513627033582
0.3221421482846668	0.2746718156640169	0.13739499029764743	0.1297096770571608	0.13608136869650775
0.31998604477469467	0.2790246366120542	0.13713885933954956	0.12707465518897768	0.13677580408472362
0.31949137737139	0.27852185704005106	0.1375667422345707	0.12638177275490925	0.13803825059907865
0.32513255526672574	0.2749024446543653	0.13829480323581358	0.13728904827775174	0.12438114856534332
0.3262685012816691	0.2746434713049135	0.13853035329233526	0.13450919355440544	0.1260484805666764
0.32279905684625754	0.2776013085176723	0.13781705150554613	0.12897024752448816	0.13281233560603556
0.3255369503600844	0.27481308795979675	0.13894809006030628	0.12745036889577485	0.1332515027240374
0.321144331966586	0.27970218365081934	0.13683967610505268	0.13329098598050898	0.12902282229703277
0.32123931116411863	0.27507530175903905	0.13729234804808693	0.12003019565159562	0.14636284337715944
0.32006394657162385	0.2797019945416363	0.13906847528238186	0.12292659160482654	0.1382389919995312
0.3257311987936993	0.276008811235094	0.13697297762093563	0.12388358140767247	0.13740343094259827
0.321789553029761	0.27286717251157366	0.1373663290077547	0.12116807916236039	0.14680886628855
0.31948874662948	0.2762426533000085	0.13792222298197082	0.1213241444933007	0.1450222325952397
0.3192649863876762	0.2792869502852512	0.13923737730693558	0.13041137104327089	0.1317993149768658
0.31915870084609943	0.2728703852271421	0.13930167859412682	0.12694324271397947	0.14172599261865193
0.3190161030173594	0.27367612415004006	0.13933456445939935	0.12165251288352598	0.14632069548967488
0.3250317963724101	0.27763408390397204	0.13854061658887262	0.12155142997632655	0.13724207315841835
0.3239990053610655	0.2757506035956491	0.13891192238019773	0.13230253413412812	0.1290359345289592
0.3220472258854604	0.27636438176116696	0.1386991807799982	0.13853502984685762	0.1243541817265165
0.3193793962717034	0.2795727668050094	0.13645659284586084	0.1310675260798853	0.1335237179975407
0.3255019490610679	0.278880861416101	0.13903986028592433	0.12883571569547392	0.12774161354143254
0.3226815248871764	0.27514931573787915	0.1373972875725606	0.13050143523477775	0.13427043656760584
0.325074212600199	0.2738537133323503	0.13909193550359064	0.13181454688968725	0.13016559167417252
0.32420632558444806	0.27599046846492925	0.13692749375328414	0.1234720050229381	0.13940370717440015
0.31953816966327625	0.27853923167090233	0.1370110779726091	0.1388153285027143	0.12609619219049772
0.31941484160767364	0.27768417254367084	0.1398134766340362	0.13016365315772382	0.13292385605689516
0.32301571645131066	0.2762382302809451	0.13660372531813988	0.12974793621002978	0.1343943917395743
0.32191077966563675	0.27456858137497986	0.1364113846367055	0.13282696486694007	0.1342822894557375
0.32221701614748804	0.2757409079722534	0.13859366339926288	0.13798986392803148	0.1254585485529639
0.32483665764510433	0.27545639485999207	0.13787474323229795	0.1278758591256166	0.13395634513698876
0.3262173918335708	0.2732139310272717	0.13727614309251376	0.130948653599813	0.13234388044683046
0.3189868584210994	0.27616775813253003	0.13800733743392055	0.1328882460930254	0.13394979991942424
0.3242606920057787	0.2737362503780734	0.13763957400647908	0.1360661687717099	0.12829731483795861
0.3261588102662538	0.27301678320885414	0.1376224734173191	0.13617313046573343	0.12702880264183922
0.3257747786197838	0.27594721035757913	0.13815212025191645	0.11775360281987221	0.14237228795084808
0.32184673366480526	0.2765335251853509	0.13771056631797862	0.12104674573101146	0.14286242910085342
0.324234000778491	0.2770400673256042	0.13644111328624253	0.12115787632042871	0.14112694228923323
0.32625058015476127	0.2768866871792395	0.13674716257821254	0.12361439423542728	0.13650117585235916
0.3222368279389773	0.27776748608236307	0.13966373449318797	0.1161027191565211	0.14422923232895027
0.31833911493901146	0.27264986640920974	0.13705925037103145	0.1385904221963256	0.13336134608442143
0.32091335998806975	0.2756873759166607	0.13715652941153197	0.12527487148246091	0.14096786320127636
0.3258055340115657	0.27678069836022995	0.13710355067922747	0.13707627340260053	0.12323394354637598
0.32117226233926877	0.2774156427531632	0.13843948342797413	0.12508707255168935	0.13788553892790426
0.3192576808229193	0.27663898676458903	0.1364456762063067	0.12220616947711697	0.14545148672906769
0.3238118641900751	0.27873730037976485	0.1363706953996584	0.11737583314078845	0.14370430688971286
0.32427643175721926	0.2786668797048799	0.1379548354033622	0.11594395672447248	0.14315789641006588
0.31915252310558967	0.27500744880314226	0.13778768050925605	0.1266605103284085	0.14139183725360321
0.3253632916414157	0.27826209890239895	0.13692784707261227	0.12028029361828999	0.1391664687652828
0.32427821568887893	0.2778593281044799	0.1381614811730062	0.12458891863349583	0.13511205640013885
0.32138471265009444	0.27567853799851577	0.1389408120532615	0.12447651633634223	0.13951942096178577
0.3261447490714531	0.27508272618285523	0.13645756336761056	0.13275038969702913	0.1295645716810517
0.3206748390722322	0.2736927224846055	0.13799588967493287	0.13234758090955112	0.13528896785867797
0.32463352481339597	0.2765979243179203	0.13708695304206503	0.13044881088834132	0.1312327869382771
0.3247298925041886	0.2764395793430628	0.13933159916117385	0.13565368442948633	0.12384524456208813
0.32416848562145184	0.2767717697044275	0.13718782710547436	0.13464398139413225	0.1272279361745138
0.32488849032104644	0.27685189105950175	0.13662629586727268	0.11786522686067344	0.14376809589150538
0.32521962189670967	0.27529859291733716	0.13641943607146295	0.12941660845778102	0.13364574065670887
0.3255819645183953	0.2735534664957063	0.1362897525386055	0.13312972682022228	0.13144508962707033
0.32588532038796914	0.2755608272370559	0.13923431909157793	0.13609460913030497	0.12322492415309177
0.32296795507896775	0.27959228140783215	0.13644249441923265	0.13237895046476064	0.12861831862920653
0.3216495811492162	0.276877852765686	0.13795654929284779	0.13913761870792782	0.12437839808432188
0.3253002746828848	0.27748076768456814	0.13872177506487077	0.1340827345601338	0.12441444800754214
0.32420804632375344	0.27696655821596616	0.1373402390676769	0.13836663844240765	0.1231185179501955
0.32330833953668925	0.27963415187623714	0.13784577074919604	0.12276350623317699	0.13644823160470035
0.3190377856938439	0.27644065672089874	0.13964444148790767	0.13503363706032295	0.12984347903702642
0.31886953638901677	0.2753450317694854	0.13975115464569368	0.13863115683320887	0.12740312036259502
0.325853313980026	0.27316358493592163	0.1365448210346369	0.13360889579638874	0.13082938425302643
0.3254416128824152	0.27470001747172085	0.13930163239246288	0.11628253763314648	0.14427419962025428
0.3222964792879044	0.2742253791724048	0.13738020142457022	0.12503300713254878	0.14106493298257144
0.32050162119747866	0.2763425593091195	0.1365463638261792	0.12027099994214603	0.14633845572507626
0.32564684466237853	0.27561702379283104	0.1367417178959371	0.13439446646306652	0.1275999471857865
0.32577290948136245	0.27474239628998	0.13658821896709908	0.1253493465885221	0.13754712867303612
0.321440852661127	0.2746025145700594	0.13726229106826637	0.13340655772006058	0.13328778398048635
0.3241403096406891	0.27820376843081684	0.13768595938186987	0.12337004361177215	0.13659991893485177
0.3243647492176297	0.2752173177585609	0.13880078061958698	0.11893060586590797	0.14268654653831417
0.3204355763772876	0.2739346387178213	0.13900472667404842	0.13747052903013052	0.12915452920071185
0.3235045417944791	0.2766937967290697	0.13964160853736182	0.13370386282309463	0.12645619011599452
0.3248646757852467	0.272702124929176	0.13872636798821864	0.12209861614419158	0.14160821515316674
0.32499033010738004	0.27313921162284927	0.1372985329193356	0.1323564502909359	0.13221547505949885
0.31931412947939086	0.2728796034194989	0.1389258006295039	0.12316245397099204	0.14571801250061406
0.32210568119584687	0.27881337182702126	0.13693525647611526	0.12463126167906514	0.13751442882195114
0.31837130698414295	0.2738611131755171	0.1396233693842547	0.12214639683875564	0.14599781361732933
0.31979101244126534	0.2767061839256947	0.13654911646462609	0.12608900685397104	0.1408646803144426
0.3182637915731117	0.27800459901776564	0.13764193919533327	0.13024587157223075	0.13584379864155838
0.322517443092365	0.27405757016041865	0.13899335502256963	0.13854339271221344	0.12588823901243296
0.3231527089690745	0.27765117753076907	0.13827494683278962	0.13704337590730573	0.12387779076006077
0.32348812744187855	0.2783541083653196	0.13728537088420859	0.12847433098343172	0.13239806232516124
0.3200817552922913	0.2792192578625147	0.1383813856515931	0.13477139243750075	0.12754620875609984
0.3182457141227886	0.2782118679168852	0.13782052982201726	0.1260931426587908	0.13962874547951787
0.3253864111974419	0.27401937599320764	0.13715156586853017	0.1280199336708262	0.13542271326999383
0.3197869480976185	0.27542621413296675	0.13826703442154706	0.12000425871151277	0.1465155446363546
0.3214968835612022	0.27509370356119944	0.13828221862522408	0.12279070021875099	0.14233649403362303
0.3255960247495161	0.27890967167670155	0.1383497785274233	0.11265620824976197	0.1444883167965968
0.3184200595769441	0.27800765722535736	0.13974655002754083	0.11703334685228697	0.1467923863178704
0.3228388118071296	0.27748355312066986	0.13756165592076125	0.11904526048225723	0.14307071866918175
0.32289812401605217	0.274726076802939	0.13891009070251364	0.1180687638136858	0.14539694466480912
0.3219014941575761	0.27595638957652535	0.1388121298816384	0.12635476493903708	0.1369752214452228
0.32169407590097154	0.2757885432254163	0.13684177904269107	0.11887789155537301	0.1467977102755478
0.3252453943210603	0.272891618655467	0.13774843583457308	0.11730259716919729	0.14681195401970198
0.32372454152413527	0.2745940360223998	0.13685069710343972	0.12865138316196134	0.1361793421880636
0.31987561231460837	0.2749087519843949	0.13646854855816626	0.12241772110335049	0.14632936603947966
0.32312812929440055	0.2747873246196613	0.1376934268559066	0.12994731788189706	0.13444380134813422
0.3192710514706554	0.27477676502927073	0.13652874166218532	0.12937504993577742	0.14004839190211082
0.32350628790699776	0.27849495014535797	0.137618634103274	0.13319518710879633	0.12718494073557368
0.3231952872417398	0.27595445663708196	0.13886315420717127	0.13798938071929778	0.12399772119470893
0.32022180654225685	0.27816906097485006	0.1395934453708492	0.12953095557269195	0.13248473153935159
0.32195846360658587	0.2780888520474917	0.13911623107166377	0.1225155070182897	0.13832094625596875
0.3216621146891962	0.2747583140503272	0.13943971996370416	0.12116940290391723	0.14297044839285494
0.3239554156961818	0.27761241908014417	0.1368517721946986	0.12597015273327083	0.13561024029570432
0.32454175292290716	0.27686823174836594	0.13769629851824605	0.13585689939929985	0.12503681741118072
0.32147415892569964	0.2733963343609832	0.13681529767948739	0.12786240992800324	0.14045179910582628
0.3232225800101948	0.2753716310689369	0.13796795495908618	0.13320579799957466	0.13023203596220712
0.32024744910194114	0.2789214958984265	0.13862973637064813	0.13144820179845393	0.13075311683052998
0.3219768594780973	0.2753419904864318	0.13765923226907736	0.12480138997605712	0.14022052779033606
0.32228199018306514	0.27748724888944026	0.13773775629140966	0.11594599203773902	0.14654701259834566
0.3227900388947633	0.276801139819897	0.13963169776927897	0.1156976493443835	0.14507947417167694
0.32509201113795916	0.2754306596516351	0.13731544884749583	0.11646585637418633	0.1456960239887233
0.31832622029197566	0.27487638504051576	0.13863601612769882	0.1216389888356398	0.1465223897041697
0.3258600198415705	0.2727921289108015	0.13883570881418678	0.1211275629795236	0.14138457945391733
0.3242076586876532	0.2741729497262686	0.1373683647593614	0.1231039619284414	0.14114706489827505
0.3222547954288619	0.2750067701969678	0.13768658240108378	0.13603762753197995	0.12901422444110627
0.3250997134836086	0.2733685436574352	0.1364948317200651	0.13726629276691632	0.12777061837197445
0.3205932656648829	0.2769131517797254	0.136721540069081	0.1193190507797182	0.1464529917065922
0.3196012124478518	0.27649223039095944	0.137548508957293	0.12711923766638317	0.1392388105375123
0.3186382869950337	0.27616000851762457	0.13837568475849146	0.12309772080925317	0.14372829891959676
0.32389132598133097	0.2750378490445664	0.13775734375580617	0.12907243165884086	0.1342410495594553
0.3184761243161409	0.27734693322049836	0.13726355082034386	0.12756067379443714	0.13935271784857944
0.31912760802958084	0.278436304748013	0.13782882078837386	0.1263624966770231	0.1382447697570089
0.32621543080848836	0.2767460677334701	0.1371479546902012	0.13094496650722123	0.1289455802606188
0.3261925336252609	0.2729109680954551	0.1379483456241649	0.11827901034107016	0.14466914231404862
0.3262739488687087	0.275746049512948	0.13760406409839265	0.11644578441113229	0.14393015310881804
0.3205748838286766	0.27596213074124626	0.13887518062485635	0.1291886292130347	0.1353991755921858
0.3198308123743568	0.27533206308617564	0.13836888520352714	0.1300090753337486	0.13645916400219155
0.32394071646396844	0.2788122972186077	0.13635366961913065	0.12904686629415163	0.1318464504041413
0.32227952597039217	0.2730462322809172	0.13819247937313855	0.1337005313904202	0.1327812309851316
0.32487756724342043	0.27318367495139834	0.13911936821647583	0.13051217329070056	0.13230721629800452
0.3205445330292954	0.27276628825349525	0.13749253999713879	0.13255148520850604	0.1366451535115642
0.32602848643838966	0.2754375247151853	0.13687293396074512	0.12394224866918441	0.1377188062164952
0.31926234207321236	0.2778659298678443	0.13716134643726507	0.13208706169011164	0.13362331993156634
0.32392656311142165	0.2743995578511331	0.1379210581174402	0.12113082541776583	0.14262199550223895
0.3209420446267322	0.2734291725318718	0.13756257405103794	0.12458663472613507	0.14347957406422263
0.32265472782726967	0.27284221210203696	0.13847517485779623	0.1281053252157411	0.13792255999715575
0.3198493614539655	0.27425503913081656	0.1370050565938843	0.1302296726562065	0.13866087016512696
0.3196364516620471	0.27791178681810985	0.13653169861748102	0.13027214607279036	0.1356479168295714
0.3196588140438654	0.27703988543155555	0.1371613176895372	0.13873600158090782	0.1274039812541337
0.3219345839695718	0.2754299561767425	0.13965532324731902	0.1167548359463162	0.14622530066005024
0.32259104367791347	0.2743578895093679	0.13917807867695592	0.13755879663561338	0.126314191500149
0.3262322062118248	0.27324372354988813	0.13628349084062058	0.12173741938141568	0.1425031600162505
0.32226368473204015	0.2780269914199109	0.13970246362797226	0.13164844680116883	0.12835841341890755
0.3192838165859495	0.2778171265222506	0.13849955555919752	0.12379268084144734	0.1406068204911547
0.3211779981542563	0.2745864397108556	0.1391845759926264	0.12036462673369247	0.14468635940856894
0.3212109472066189	0.2796598857142399	0.13669949646822102	0.11608741933424857	0.14634225127667133
0.32520184653402573	0.2759976042439687	0.13787735411678378	0.13201144269795156	0.12891175240726996
0.31851619879711	0.2785069426527541	0.1376902207303533	0.12059646776566085	0.14469017005412138
0.322578966039307	0.2729129494330944	0.13705843972846832	0.13880963016766773	0.12864001463146227
0.3216735460073652	0.2759666442855203	0.13833052400342338	0.13677058203955172	0.12725870366413905
0.32372000704405557	0.27934392849886747	0.13962645270691584	0.13175516446268493	0.12555444728747595
0.32101789618169807	0.2766419307786564	0.13653243173799157	0.13156978440631753	0.1342379568953361
0.3215441881538815	0.27797178730641137	0.13898454763407755	0.13618672697494694	0.1253127499306823
0.3208719124759477	0.2755985139204961	0.13884042288312612	0.11998953441352912	0.14469961630690065
0.3226701771711323	0.27358685687536005	0.1370551118946941	0.1315182294152598	0.13516962464355342
0.3212488856040832	0.2788892759502467	0.13701970026796018	0.12782440907770307	0.1350177291000065
0.3192128627533332	0.2728675229267819	0.13953737978852404	0.13421473313219434	0.13416750139916622
0.31853633004827503	0.2733905885655406	0.1382259180577109	0.12590992852770394	0.1439372348007692
0.3199167735320965	0.2762833882803764	0.13864710592059035	0.1260368534556423	0.13911587881129417
0.3241579550098874	0.27323031352214094	0.1376126867673469	0.1182553081630998	0.1467437365375247
0.32277555184384005	0.2775916517656565	0.13950787886148888	0.1234098631975002	0.1367150543315141
0.3253469509343442	0.2731490593296262	0.1380847854060831	0.1383840422497335	0.1250351620802127
0.3215282230576816	0.27322018415098737	0.13669167889670505	0.12820669583027589	0.14035321806434983
0.32472291552916227	0.2734586796623897	0.13853234446246881	0.12548876723986313	0.13779729310611583
0.3195962115364749	0.2765994364103203	0.13941243932268021	0.12712059392332498	0.13727131880719934
0.322168237682617	0.2792020800106917	0.13677814033328456	0.13771305130439399	0.12413849066901249
0.32030952313457706	0.27644995622731766	0.13906750770302484	0.1310449933625658	0.1331280195725143
0.31840232652024314	0.27332104157347914	0.13749587120779402	0.1258824954866587	0.14489826521182467
0.3195482546174347	0.278973061736873	0.13935374330679376	0.12053282625252887	0.14159211408636946
0.31847640418282774	0.2753456012231947	0.13666061577529603	0.12324288820566173	0.1462744906130195
0.32152702768186736	0.2737248134562335	0.1389339932344179	0.1298615436457097	0.13595262198177116
0.31892741657102774	0.27729968312423847	0.13863513298183955	0.136038614250383	0.12909915307251096
0.32619561462649604	0.2740046927877817	0.13845871970235707	0.13700426407914096	0.1243367088042239
0.32501508432363524	0.2779398156188389	0.13850885247064837	0.12935191198005302	0.1291843356068242
0.32042990861523346	0.27447058551567327	0.136556438676267	0.13711956933028774	0.13142349786253826
0.32363583364303483	0.2766312301374527	0.13798014963258887	0.11823634419252141	0.14351644239440187
0.3242306380582267	0.2785334837762361	0.13855486750828747	0.115390567516929	0.1432904431403204
0.32515284629649516	0.27311994458919586	0.1396297705272959	0.12425036832701333	0.13784707025999948
0.32420923056277007	0.2762962217421193	0.13792722625135256	0.12480308014585743	0.13676424129790038
0.3237621069334708	0.2735065051087956	0.13878766653560487	0.13439406790321784	0.12954965351891062
0.3212587947650987	0.2781089387589941	0.1375001341748543	0.13049689812938273	0.13263523417166984
0.322682268221011	0.2769169644365509	0.13831941820241062	0.12453006074265217	0.13755128839737507
0.31942765734783607	0.27423713525636506	0.1395745035853132	0.12099513486479403	0.14576556894569132
0.3261959861272832	0.27293787171545325	0.13928658463637972	0.11981866692130466	0.14176089059957886
0.32321742251565627	0.27326129588701875	0.13888983703291446	0.12968965637383373	0.13494178819057645
0.3228686221476346	0.2766547886480092	0.13656273464733526	0.12608653251437046	0.1378273220426502
0.3196133995599062	0.2777904765791912	0.13839226150569472	0.13157360530032486	0.1326302570548827
0.3199952166473842	0.2747337567961623	0.1383649017375312	0.13917432796731644	0.12773179685160568
0.3194426707272164	0.2794753265517266	0.13865331323046048	0.13439743530737946	0.1280312541832168
0.32441734433103214	0.27403847707151585	0.13807289652070837	0.13000910806276594	0.1334621740139774
0.32173597052712005	0.274792611298406	0.13674184043298818	0.1389485022069632	0.12778107553452234
0.3243664756322063	0.27474934646258786	0.1363107854961838	0.13025216638084552	0.13432122602817625
0.3253321739390854	0.27356177558242456	0.1388909197350291	0.1183306418193743	0.1438844889240863
0.3232713859617957	0.2744282236068869	0.13718969083666013	0.1376047264977578	0.12750597309689915
0.32415636768197487	0.27534707062130737	0.1368505555448845	0.11846938030924282	0.14517662584259014
0.3238497016257328	0.2766000140664882	0.1367131943484147	0.1336328006142508	0.1292042893451132
0.32552498303195826	0.2756102765576964	0.13881118946266394	0.11982475489608062	0.1402287960516005
0.3239958006189627	0.2748518294299685	0.13671364646907486	0.12337688445776245	0.14106183902423117
0.32617323415199095	0.2780312773494267	0.13756743359709128	0.11849190258327494	0.1397361523182158
0.3238766918953693	0.2767234305829944	0.13783483191673507	0.12329133973365992	0.138273705871241
0.32420175822779795	0.27672041185964447	0.13648966739433957	0.12007030145881878	0.142517861059399
0.3237926783249648	0.275357074133458	0.1367036463022173	0.12473747051284828	0.13940913072651134
0.3188902549879706	0.2734974694531223	0.1384132190758643	0.13206617202520718	0.1371328844578353
0.3217690983228435	0.27281217607384406	0.13916552753120068	0.12048587356883575	0.14576732450327567
0.32625333452214145	0.274752290701506	0.1385589222382621	0.12672653329712383	0.13370891924096634
0.3209456847542953	0.2750194887595449	0.13742375954869582	0.13472515918240918	0.13188590775505452
0.3236379556595015	0.2747929767643889	0.13839049674237086	0.13063656386340888	0.13254200697032956
0.32387925965457687	0.27787761637220365	0.13665398760644903	0.1274686384697159	0.13412049789705427
0.3226295048301262	0.27881609682649494	0.13860737551778218	0.11740463337975084	0.14254238944584552
0.3201850802554834	0.27891169986307984	0.13895942593636687	0.11955614216381971	0.14238765178124985
0.32366350990521225	0.2766106023605065	0.13659883324946617	0.11897031361981242	0.14415674086500244
0.3231007090096458	0.2771617548504729	0.1377969110461292	0.13461610178094208	0.12732452331280966
0.32088655971862656	0.2788870145247818	0.13863169375481466	0.12439462669901448	0.13720010530276222
0.32327088960776196	0.27781369133489286	0.1383887373095305	0.12420194310363182	0.13632473864418257
0.3189764678444208	0.27331481143298697	0.13959098459834798	0.1307364859715422	0.13738125015270178
0.32021521011354614	0.2765397241633363	0.13783712359875183	0.12153822290270742	0.14386971922165806
0.32029572896670344	0.27718478157327536	0.13748690543631814	0.12269533498529672	0.14233724903840603
0.31821894456577987	0.2794308814866082	0.1375964361692636	0.13026135917835144	0.13449237859999658
0.3208816574040463	0.2742158451491388	0.13755942039172997	0.13886721108927286	0.12847586596581176
0.3225777547462705	0.278838259992473	0.13652499023111273	0.1354414550713971	0.12661753995874636
0.32471461422059733	0.276340129416773	0.1363941233336397	0.12109871745145177	0.14145241557753788
0.3232562862945684	0.27813577903117737	0.13711916632733256	0.12982722755813786	0.1316615407887836
0.32233595030992984	0.2746555474693168	0.13685508963128	0.12736607187575982	0.13878734071371318
0.3235335972103527	0.27266296829274095	0.13818267293690517	0.1190915170749722	0.14652924448502871
0.32534134866405934	0.27952754291304405	0.13963190999892508	0.11721845150694665	0.1382807469170246
0.325522177711694	0.2768271261646881	0.1376486253340235	0.11907232728212529	0.14092974350746884
0.3208430737238413	0.2784432320762354	0.13653098798258503	0.1346442671292088	0.12953843908812915
0.31966265155515516	0.27958263943507927	0.13915241348675858	0.12053768101455604	0.14106461450845065
0.32199258502518713	0.2780823164546652	0.13839102654857333	0.13446062552508392	0.1270734464464901
0.3200338537190257	0.27660769984132383	0.13897411408028104	0.13036102852886305	0.13402330383050604
0.3259970013875242	0.2775889803287318	0.13639806189412573	0.11418708395867173	0.14582887243094622
0.325039604431658	0.27418539882454945	0.1374587048702311	0.119173426934677	0.14414286493888417
0.32599274399181916	0.2748385511348958	0.13774778272468968	0.11888470843316548	0.14253621371542957
0.31979882106739954	0.2784023210109093	0.1392626528074395	0.1252555209903956	0.13728068412385577
0.3217299736950766	0.2767957324179618	0.13679935285476486	0.12701358814585284	0.13766135288634362
0.3247507201138695	0.2759687563292996	0.13722782299448077	0.12592111951093127	0.13613158105141857
0.32424356897696993	0.2738559190753264	0.13831469101655802	0.12876390984357156	0.13482191108757377
0.320426543416656	0.2766495772055634	0.13924783951714279	0.11924379885484972	0.14443224100578783
0.32336870276271956	0.27714538428052393	0.13767174251723638	0.12904095294789572	0.13277321749162402
0.32214382627571236	0.2775161906112614	0.13628515657652762	0.138557980657258	0.1254968458792403
0.32200474608585583	0.2753674556457327	0.13934508232777731	0.13441344268754818	0.12886927325308573
0.3190841443307358	0.27782645527731564	0.13896455041983724	0.13837168586745663	0.1257531641046544
0.32570256502318917	0.2763566295346324	0.13857917880912274	0.11366856107905524	0.14569306555400016
0.3197479539449004	0.27704812573514487	0.13954917126345848	0.12458406950373135	0.13907067955276461
0.3248641218049114	0.27672023087843967	0.13838868598672938	0.12400577349583686	0.13602118783408235
0.3232665682398501	0.2773635736191164	0.13917671184821157	0.1310686250223331	0.1291245212704885
0.32328540664529304	0.278255362268239	0.13700028108151538	0.13756582465802814	0.1238931253469241
0.32229835674602464	0.2741540050131016	0.13784794457254107	0.1341278380624939	0.13157185560583853
0.3210847854702319	0.2779529310555666	0.1392633021877956	0.11892025221783517	0.14277872906857042
0.32081544176114185	0.27538433856206335	0.13872036289699963	0.12742166351732204	0.13765819326247283
0.32323818131671594	0.27944293211161264	0.13876350372295038	0.11953924116150506	0.13901614168721563
0.3218786925826897	0.27783816019062224	0.13912226729531807	0.11908451761443248	0.14207636231693727
0.3246544660235757	0.278447557390787	0.13764554150168595	0.12760082911244014	0.13165160597151088
0.3216541616371996	0.27617687876734986	0.1394994748303907	0.13320527675531013	0.1294642080097494
0.32593626454483543	0.2759328358106313	0.13754955758653054	0.12111968839689657	0.1394616536611058
0.3244652524558371	0.27818643950568084	0.13817106692214204	0.1311616235541086	0.1280156175622311
0.3253962306985078	0.2754497874392184	0.13699519644775515	0.13767062793250975	0.12448815748200859
0.3235417474133367	0.273692445670389	0.13670208379048315	0.13805764676466958	0.1280060763611213
0.32379009748466736	0.2739211980275745	0.1391283900823477	0.13294768825834474	0.1302126261470654
0.32263989294826206	0.2771639799989237	0.1375433693968866	0.13335879439360807	0.12929396326231923
0.3199354617738439	0.27529957696923024	0.13887808328450968	0.12454574549226441	0.14134113248015148
0.3201269430952757	0.2797120153384314	0.13887400523252844	0.11759981675574571	0.14368721957801844
0.3200234737975869	0.2769003360873886	0.13655415343027105	0.13801503090916006	0.12850700577559304
0.32376085182866093	0.2795749513615978	0.1370199808850045	0.12957827589351967	0.13006594003121683
0.32485103728715803	0.27907723735809886	0.13655451311552352	0.11398646897748373	0.14553074326173554
0.31953867458667584	0.2737072523956227	0.13967409433458228	0.13727794111993208	0.12980203756318684
0.31868580874709035	0.27502607152991443	0.13849071994414236	0.1304749289956937	0.13732247078315887
0.3206728759159141	0.27338034078328305	0.13687655956162836	0.1385650971249376	0.13050512661423663
0.3239082678105137	0.2773808044505526	0.13631285461143827	0.12694471853179173	0.13545335459570337
0.31991942899840115	0.2789995309756797	0.13766552812411648	0.11736496388220559	0.14605054801959683
0.323668369424869	0.27825133307956185	0.137804935730365	0.11994155615087213	0.14033380561433179
0.32501174606287414	0.27416092255508095	0.13895193952093807	0.12095245098341817	0.1409229408776884
0.3255193900258596	0.27499811751157155	0.13887455588073389	0.13511896140138857	0.1254889751804461
0.3211887919650672	0.2784764117875894	0.1389342241277613	0.1346109196488986	0.1267896524706832
0.3208116429618496	0.27607345138927186	0.13638098182219444	0.1366129002484341	0.13012102357824967
0.3230204632955184	0.27914611535762157	0.13978485832154874	0.11371216199888869	0.1443364010264223
0.32209840855830973	0.2741834437983234	0.13664706495493364	0.12721726429397628	0.13985381839445662
0.3207709504403718	0.27793278148813577	0.13745039581518936	0.13296861705669916	0.13087725519960364
0.31827894925478584	0.2782671190102396	0.13981038876201077	0.13955979135163377	0.12408375162132972
0.3195770778956246	0.27531968776042914	0.13823135591747163	0.12306199619665832	0.14380988222981603
0.3244233066117247	0.27584502685431656	0.13647656662023785	0.13819696756938757	0.12505813234433302
0.31901773076616585	0.27610744259762354	0.13663124218799813	0.13445160478997148	0.1337919796582407
0.32563036591011496	0.273832951812589	0.13946689550396926	0.12376978010224837	0.13730000667107808
0.32499331221291644	0.2738112737164883	0.1374188393087792	0.133704945267169	0.13007162949464676
0.31968379762082816	0.27608300735359415	0.13931304662875738	0.12984453817090152	0.1350756102259185
0.32421730971122786	0.27765756047170415	0.1391751794593956	0.12041433213711075	0.13853561822056132
0.31953616602232604	0.27636688184498187	0.13652639976193592	0.1382626285446451	0.12930792382611075
0.3202945449151885	0.27433746882400306	0.138508194328966	0.12328042758977821	0.14357936434206392
0.32347985852750594	0.2781929484014846	0.13826897435877694	0.1323497675865709	0.12770845112566132
0.32043156587266164	0.27379471732389926	0.13693091548339759	0.13052921171771853	0.1383135896023227
0.3216431958698869	0.27359810229564024	0.13760768434340573	0.12459437682592693	0.14255664066513993
0.32173479864261295	0.2746069299044459	0.1365812065284106	0.12534152434799237	0.14173554057653787
0.3209831671988601	0.2759179184474248	0.13889503964710587	0.11770842409827002	0.14649545060833888
0.31814439055182353	0.2756149910036732	0.13853957961485724	0.12418198633131092	0.1435190524983348
0.32160596153919907	0.2776080145598505	0.13669997546019144	0.12316369370494483	0.14092235473581383
0.3200444405180707	0.275663561606702	0.1373017250215564	0.1309442991346459	0.13604597371902466
0.32275999495119895	0.2753526512880708	0.13893125030424408	0.12292006219970518	0.1400360412567807
0.31975404660091866	0.27264483888339597	0.13936173766283022	0.130137580399579	0.13810179645327586
0.3183544040534319	0.27874688211668275	0.13847548278153973	0.13594694676414598	0.12847628428419933
0.3193153434420263	0.27466296075313623	0.13724589186468844	0.1294503037585078	0.13932550018164092
0.32345269923885595	0.27268523991358073	0.13757322892095136	0.12205783282277523	0.14423099910383644
0.3223250161449046	0.2764752865615804	0.1377692238511624	0.12880121566883526	0.13462925777351709
0.32352947912643565	0.27639711855387583	0.13710720400999463	0.13626425003951897	0.12670194827017464
0.3214279382101481	0.27848243055681565	0.13652536457650222	0.13068559426848073	0.132878672388053
0.32444816384470776	0.276902962506627	0.1367642275062513	0.13856462156021554	0.12332002458219814
0.3214677928375792	0.2741932559787241	0.13776112318013622	0.13878649460394857	0.12779133339961157
0.3192433780952112	0.27905132421511514	0.1369045102772269	0.13486933802612755	0.12993144938631895
0.322665469706932	0.27725004928539637	0.13748210323172635	0.13031622457040193	0.13228615320554302
0.3208103467677341	0.27602166804601663	0.13944265753866292	0.12068799976551071	0.14303732788207535
0.3194327989386886	0.2790405408988049	0.1366771007106935	0.12260649371624566	0.14224306573556705
0.323123380414072	0.2732327869423057	0.13777419257584994	0.13963191582923748	0.12623772423853458
0.3210122847705631	0.2794611202814953	0.13975471928786765	0.12285289740846157	0.13691897825161212
0.3214575783779394	0.2757854598040452	0.1381844393657076	0.12012880980933356	0.14444371264297395
0.3251047186526131	0.2751475980647156	0.13812419013620017	0.12174543740918828	0.13987805573728254
0.31944148399632216	0.27548029051887246	0.13720241132781189	0.12690998102319218	0.140965833133801
0.3245239588008069	0.2765212366232343	0.1396444297587961	0.11304362564061897	0.14626674917654342
0.3224514767238794	0.2791532358139326	0.13975255526771485	0.11825892364230683	0.14038380855216603
0.3238354677315488	0.27835287335131975	0.1375903263442909	0.11652870678521547	0.1436926257876248
0.3255684280570146	0.27894109050883803	0.13789969970433916	0.11956170167780056	0.13802908005200737
0.31813178511707496	0.27957095776461527	0.139213868485401	0.12262620514727675	0.14045718348563174
0.3216575221683208	0.275532963846163	0.13736678470997116	0.12165044636651856	0.14379228290902618
0.321968901261367	0.27791089006098324	0.1393785147955841	0.11456417254563102	0.14617752133643433
0.3220908183452035	0.27588247613839384	0.13725426075517275	0.12768749805197552	0.1370849467092541
0.32134870536310123	0.27828005662863303	0.1371200614115217	0.12660773407884374	0.1366434425179
0.325134914414286	0.2755617645377616	0.13821431054529937	0.12076502631236821	0.14032398419028452
0.32326790083101287	0.273232494818843	0.13676322708772753	0.1238439021009462	0.14289247516147008
0.32402853117195235	0.2764989828766302	0.1378141136932081	0.11985221996981954	0.1418061522883895
0.3231753275012553	0.2774738978427783	0.13654124021208938	0.1234242913017811	0.13938524314209555
0.32624382350157344	0.27660661452226276	0.13785900592388936	0.1352907213112214	0.12399983474105278
0.324028413565188	0.2780602759002768	0.13769600740187152	0.13611735008969794	0.12409795304296542
0.32337295971758684	0.2791282866841698	0.13786530007467318	0.136558014676051	0.12307543884751883
0.32358832261764925	0.2785459961189051	0.1370226191093027	0.13018595396356608	0.13065710819057658
0.31889342426857614	0.2790744896685732	0.13629074021492377	0.12876570847155008	0.1369756373763765
0.3248471685145258	0.2762802299703855	0.13652863322181857	0.12957424459145406	0.13276972370181583
0.32056116494022735	0.2762369844982402	0.13945040235050923	0.1303029805362042	0.13344846767481872
0.3244350584398882	0.27956646559885845	0.13959747166029612	0.12852673368324738	0.12787427061770956
0.322559987488457	0.2773036946252988	0.13852731657821177	0.13355221563130387	0.1280567856767283
0.3255310495018681	0.27790026245129856	0.13723374435788452	0.1335718791310565	0.125763064557892
0.32445029733435926	0.2747720637828296	0.1366806674454307	0.13416001554388945	0.1299369558934907
0.3205239930166355	0.2731048133611408	0.13734875516324924	0.12633905557093145	0.1426833828880428
0.3228172377549537	0.27760083763355464	0.13963437258304476	0.13347295032977036	0.12647460169867625
0.32092386702844233	0.2778463720492057	0.13746586170709205	0.1341883892386347	0.12957550997662498
0.32094820644260313	0.27969348075668454	0.13737788864871164	0.12808458219601876	0.13389584195598161
0.3223015937010269	0.27890234421939164	0.1388176923741388	0.1370114747216476	0.12296689498379475
0.32592127542854754	0.2751543287510096	0.13863211473660475	0.1364718083513918	0.123820472732446
0.32261622740949913	0.2758837248680932	0.13875501183259153	0.13748719676175483	0.12525783912806102
0.3200643561422976	0.2748018920125813	0.13743986862828123	0.12454063257083545	0.1431532506460041
0.3236277175477762	0.2785023510267468	0.1375674186263972	0.11338072314061531	0.14692178965846414
0.32311999087097554	0.2789715239124756	0.1396451617187064	0.12152313098737173	0.13674019251047048
0.3239337339463816	0.27594615523193267	0.13912540005787813	0.1183766354132447	0.1426180753505626
0.3215411095179217	0.276690902807729	0.1362792071828498	0.12529354150655125	0.14019523898494796
0.32247275627485494	0.2772537464085156	0.139045521529454	0.12389768147207006	0.13733029431510516
0.3255034982588824	0.2746643081923403	0.13701757623693558	0.1319006874515849	0.1309139298602565
0.323382696485202	0.27392386841500826	0.1390194793987114	0.12586728781718917	0.13780666788388882
0.3231729090391008	0.2760263465812468	0.13790753197772393	0.12518698959620012	0.1377062228057281
0.3214064707399465	0.276507058244313	0.13849765997080882	0.12199433608104142	0.14159447496389005
0.3217248858025309	0.27675208287228864	0.13704851587758948	0.1362165636783618	0.12825795176922886
0.3209473250901373	0.2777867887022303	0.1376272583892021	0.1336315553002631	0.13000707251816693
0.324524738523838	0.2734768626730209	0.13873276623452324	0.1279281418741855	0.13533749069443207
0.323483144920479	0.27601477601078567	0.1385847943996912	0.13789441575817354	0.12402286891087026
0.3240020293071786	0.27467943841757353	0.13684412196699486	0.13382424964342043	0.13065016066483234
0.3223116329793782	0.2792041103807859	0.13750784104228586	0.13527873723947853	0.1256976783580712
0.3240386418087204	0.2731698144116174	0.13973890629414557	0.13717509097869357	0.12587754650682276
0.32355441985589395	0.27793796492754913	0.13854017026147522	0.11732239939615588	0.14264504555892557
0.32400793742222844	0.2736593615382841	0.13782493616626404	0.12105460169843528	0.14345316317478785
0.32618276280390535	0.278759645447725	0.13787666648218688	0.11117858793898801	0.14600233732719442
0.3215835897357443	0.2793656680905463	0.13682764448615944	0.13262513356215905	0.1295979641253906
0.3212421746871971	0.27479242845703844	0.1385790695779195	0.13885541249848035	0.1265309147793643
0.31958072474154425	0.2751410514450224	0.13710194382132368	0.13736320004958522	0.13081307994252417
0.32101139746712704	0.2776140715519037	0.13973965163151214	0.13252622833232547	0.12910865101713134
0.3189882822738844	0.2792342190588118	0.13937989517304283	0.1333537815214022	0.12904382197285846
0.3216221663920972	0.27793076663785904	0.13907772533393226	0.13405494042650623	0.12731440120960497
0.3202062977060143	0.2791761650083365	0.13789200637186633	0.13266175217116327	0.13006377874261935
0.3187455304163001	0.27665472097653343	0.1372249744670214	0.13635586115717263	0.13101891298297216
0.3215054663168886	0.27295718700342597	0.1389820791737244	0.12947458248944455	0.13708068501651624
0.3194568338235493	0.2728082933197978	0.13908825286951104	0.12358252355707568	0.1450640964300659
0.3235471609075745	0.2728958975328749	0.13743574552735421	0.12080042973002542	0.14532076630217067
0.32518481992999254	0.2753234431042617	0.13750501868237677	0.11705119349391088	0.1449355247894578
0.3212240003966669	0.2778003401042174	0.13815400183327914	0.11865265099187233	0.14416900667396404
0.3204464961504629	0.2727006567058767	0.13933159268767464	0.13378611012841357	0.13373514432757194
0.31824397610755084	0.2790340226846224	0.136662318699847	0.12777598369952092	0.13828369880845856
0.3244072838351639	0.27957690828898996	0.13981035721220209	0.13077225632841674	0.12543319433522704
0.3239382773212862	0.27851805752159164	0.13759858991528562	0.13145013022326496	0.12849494501857123
0.3201721600518988	0.27517949826980403	0.13788134093014	0.13903191732572623	0.12773508342243065
0.3252998953841586	0.274618965734003	0.13887183590596702	0.12137408013627266	0.1398352228395984
0.3232206078059192	0.2759968605731702	0.13909600669337818	0.13636170885947124	0.1253248160680609
0.32592324069064715	0.27652119620445664	0.13775667062646363	0.1356095923324766	0.12418930014595564
0.3185240268423254	0.2786069191413558	0.1381416818268633	0.13547670303268716	0.12925066915676806
0.3246195969510619	0.2751424696284095	0.13918276167153795	0.13541617055010222	0.12563900119888816
0.3251258706851245	0.2791510555938538	0.13919830799966737	0.12698912047041694	0.12953564525093714
0.3258129134798202	0.2739396376873586	0.1395285157678132	0.12472457681951278	0.1359943562454949
0.3189171115532863	0.2776791039029032	0.1392417566880102	0.13761020502917337	0.1265518228266266
0.3241545974317279	0.278360546922435	0.13803950967833695	0.1340665152730441	0.12537883069445568
0.322812621750153	0.2744128810789891	0.13741093927230755	0.13604391080384448	0.12931964709470556
0.319929038431497	0.27734710832736553	0.13922644847342336	0.12242447894259721	0.14107292582511666
0.3204108958309948	0.27411902077117756	0.13815074564694746	0.13580682158582932	0.1315125161650506
0.3238618394993822	0.27383617712779806	0.13870961503230267	0.12101004369672057	0.14258232464379628
0.3183086454473171	0.2765338818767392	0.13880756854628137	0.12735111711124852	0.13899878701841348
0.3218909220787918	0.27304302834155814	0.13887864071742786	0.1354803540441785	0.13070705481804346
0.3234802215963777	0.2766995345118946	0.13943086562257065	0.12457561384674266	0.13581376442241413
0.320875909373423	0.27343803771598196	0.13922613137213488	0.12741217346304334	0.13904774807541648
0.32368592561261617	0.2733566092529583	0.13757399752953048	0.1368880630036404	0.12849540460125436
0.3192034172399714	0.2777179942729838	0.1374537649618291	0.1396450936074899	0.12597972991772544
0.32372407262059066	0.2754995597886598	0.13678855168933113	0.1305366527425838	0.13345116315883424
0.3246434860730034	0.273117081496042	0.13841849726499028	0.13701246466841638	0.12680847049754757
0.3256633256151473	0.27746889642020023	0.13740961311267988	0.13576470909588662	0.12369345575608562
0.32426951537213744	0.27812890134663226	0.13711533065929762	0.12286858027474824	0.13761767234718408
0.3225176311313356	0.27734948511501795	0.1395182749078545	0.12804098907157863	0.13257361977421306
0.322640334132265	0.2781319927175404	0.1370061194462706	0.12568685272411037	0.13653470097981332
0.3230578769942415	0.2762002648858256	0.1366344442777826	0.1395801411800654	0.12452727266208463
0.3237261553284654	0.275430788643232	0.13971600642305285	0.12573129916272513	0.1353957504425243
0.32359973211893955	0.2733846212800672	0.13697311763587336	0.12311508725780947	0.14292744170731012
0.32584190441914096	0.2781477092111348	0.13939747349712917	0.1169608220476962	0.1396520908248986
0.3222128013441279	0.2767869295440438	0.13770264139641375	0.13701874003507303	0.1262788876803413
0.3199028245094315	0.27352650302623854	0.13736186773326192	0.1377005616560636	0.13150824307500406
0.32156999111471934	0.2783939488128634	0.13753636459680713	0.13333314871604043	0.12916654675956943
0.31981846272199016	0.27950805803374656	0.1370595056906851	0.1345735388598439	0.12904043469373389
0.32211449756443167	0.277197173026023	0.1380861329199739	0.13452864377616244	0.12807355271340873
0.32172312950557513	0.2734180886080684	0.13709327250452902	0.12347162179548687	0.14429388758634032
0.3186389978341349	0.2748221278639348	0.13720695343172254	0.12537531681376582	0.14395660405644167
0.32518445250893224	0.27595394203198254	0.13789097898445968	0.11694311138663305	0.14402751508799216
0.31823845254296224	0.2767058931789434	0.13924095656189794	0.12924077252424127	0.13657392519195483
0.32503877071880216	0.27890058698379094	0.13714745582253574	0.11319453208830588	0.145718654386565
0.3260567186581805	0.277155400985687	0.13969869561737003	0.1133869038708407	0.14370228086792153
0.3198482432003499	0.27533316740219593	0.13754237474786957	0.12329718842141563	0.14397902622816872
0.3204495322497347	0.273043199993268	0.1386997980028909	0.12660008895605362	0.1412073807980525
0.3229160747046934	0.27349929392118993	0.13888880060205655	0.12157944343732842	0.14311638733473137
0.3186770878593305	0.27771114525858914	0.13705353892675365	0.127835411378741	0.1387228165765854
0.32052198092647793	0.2746389059891121	0.13728706084894188	0.13619869006700697	0.13135336216846089
0.322334165554983	0.27921419694752153	0.1382137499578938	0.13099726863471828	0.1292406189048831
0.3249369953102773	0.27749797652973496	0.13883870629137818	0.12986944175303508	0.12885688011557414
0.32351602186841166	0.27880866356601863	0.13826727910800612	0.12693481548401414	0.1324732199735491
0.322978269343729	0.2793521542684134	0.1390479364748632	0.11291405118644403	0.1457075887265501
0.32205611399141554	0.2732638967669162	0.1366363154650841	0.12151113778172451	0.14653253599485935
0.32609400237565056	0.27737437931708786	0.13916008405037572	0.12183709757563227	0.1355344366812532
0.3215897707924308	0.27935924018280833	0.13650652652970796	0.12254588567254449	0.1399985768225081
0.3259753584354136	0.2753828053750361	0.13637128260869172	0.12251367063196561	0.13975688294889269
0.3259887855932091	0.273491599523652	0.136892030058464	0.11685692488818744	0.14677065993648714
0.3245511617544108	0.275550378785994	0.13894060996728907	0.13682706092779773	0.12413078856450813
0.322356106183069	0.27639907907512956	0.13965799663447925	0.12786276430289023	0.1337240538044317
0.3229752988605801	0.27347535396590794	0.13668159843475935	0.1364426488240919	0.13042509991466045
0.3223773381740524	0.27912855320783614	0.1396335325009667	0.12357552596614049	0.13528505015100395
0.32256287856900473	0.2795975989956195	0.1368452837215775	0.12970525391065135	0.13128898480314669
0.31920296184680197	0.2791244898896719	0.13807326472287404	0.13826427231388236	0.12533501122676943
0.32385789248522595	0.2728419049642818	0.13909790308714662	0.1288400241428699	0.13536227532047546
0.3254240796716748	0.27648057332795956	0.13953515232286745	0.11840982349462853	0.14015037118286935
0.3227569976476056	0.2769374842406468	0.1379533281598826	0.1320446864386745	0.13030750351319012
0.32437349742232946	0.2734912621259881	0.1392851591596936	0.12381209190771422	0.1390379893842743
0.3259980471331965	0.27766946185525127	0.137877931002649	0.11603928056604189	0.14241527944286103
0.3229232265432298	0.2787210089383848	0.13901484965951055	0.12727069211800085	0.1320702227408737
0.32095509176090503	0.2749491018237916	0.13732123996163967	0.1234976236773908	0.1432769427762726
0.3190883010753028	0.2749784966505998	0.1372896719448188	0.12938277173546284	0.1392607585938155
0.3256321582684639	0.2735598447531568	0.1382501887774358	0.1235430493334297	0.1390147588675134
0.3232700054739879	0.27577785762764123	0.1395404858903173	0.12150237786074022	0.13990927314731305
0.3206472309839664	0.27567386205320943	0.13650401144437593	0.13175368726026268	0.13542120825818532
0.3217322422514074	0.27588814720749294	0.13957472493299353	0.13108054561887444	0.1317243399892314
0.3185863457865993	0.2767009294155901	0.1395210672118779	0.12415228040448767	0.14103937718144471
0.32477370502799396	0.27498018963582616	0.13779691796196666	0.12955539981160152	0.13289378756261144
0.320733301386453	0.27401639444260106	0.13841716310141716	0.13348146214008944	0.13335167892943908
0.3248966406869124	0.2734433464936624	0.13716031933892944	0.13532955705169666	0.12917013642879874
0.32423851376744195	0.27513668114397644	0.1394921355850415	0.13265705756796428	0.12847561193557552
0.32512504559809	0.2727224626296967	0.1378650043204584	0.120321914850293	0.1439655726014616
0.32267775919515596	0.27961025167881387	0.13709502737296209	0.12498381144040517	0.1356331503126626
0.31934633093332543	0.27839784980135174	0.13865787706613283	0.1306625415821771	0.13293540061701264
0.325701950846146	0.27929873528032945	0.1367340997798276	0.11866242986023849	0.13960278423345818
0.3220553497804902	0.27455742932223415	0.13892692981167987	0.13041173165989167	0.13404855942570382
0.32569468021529063	0.2767299647807116	0.13952388973524357	0.1337058818925856	0.12434558337616833
0.3193441599052642	0.27830918226588613	0.1387160319230095	0.12127086267959998	0.14235976322623983
0.32297297896017846	0.2777682623697085	0.1367350921226932	0.12616693848609728	0.1363567280613223
0.32450343796864245	0.2768813621725646	0.13700874895932463	0.11854605480725774	0.14306039609221022
0.32145488591856336	0.2766393440607625	0.13789198592064095	0.13510268378895463	0.12891110031107827
0.32214348887679944	0.2750737015225621	0.1394034362094568	0.12765963045870637	0.13571974293247496
0.32349016778612744	0.27543586930119246	0.13674452435834578	0.12100678233316718	0.1433226562211668
0.3192914062372637	0.2758899520716864	0.13866196805793957	0.13250784946016153	0.1336488241729485
0.3235261510457109	0.27856882986370224	0.13827334818332032	0.11431763049762522	0.145314040409641
0.3213028823937105	0.2769252987264256	0.13759499879081005	0.11917594081431052	0.14500087927474306
0.322522411815944	0.27682490107267543	0.13930378494822865	0.1220067433479078	0.13934215881524384
0.32124980204308423	0.2796664570863376	0.13730713521057852	0.1210092228192295	0.1407673828407698
0.3202676771497765	0.2788209692437646	0.13898785789553347	0.12825703511178138	0.13366646059914375
0.3199949585766074	0.27719231076413486	0.13965370542630662	0.13916523234706793	0.12399379288588287
0.32078902896632566	0.27406114644779284	0.13732890022942007	0.12424128159320931	0.14357964276325186
0.3222026972903886	0.27572887533168644	0.137099662946089	0.1215001087962488	0.1434686556355869
0.32230631486927186	0.2782793586967662	0.13645890866775862	0.1345703156466062	0.12838510211959686
0.3247147073241442	0.2755305720694599	0.13851075229341864	0.13428954953707956	0.12695441877589733
0.3220715041397473	0.2726925572055432	0.13809269065943552	0.13548799431819514	0.13165525367707864
0.32017630610701764	0.27759282361452065	0.13670624000770365	0.12010265366496391	0.14542197660579387
0.32089822782873145	0.2740308502510682	0.13668647178975774	0.13712692675615337	0.13125752337428892
0.32274452837271805	0.274355220591731	0.13684308590438898	0.1295238597790318	0.13653330535212985
0.32614740255288743	0.27365800357754694	0.13922948301746188	0.1269298029153137	0.13403530793678975
0.32379286016178543	0.27500143325333143	0.1384457361893699	0.13124501528094057	0.13151495511457234
0.3220327583407708	0.2745347957755031	0.13788404274458402	0.12008176456838875	0.14546663857075304
0.3252774166167141	0.2775650899239188	0.13705803547134066	0.11430358941110506	0.145795868576921
0.3208988706316244	0.27399574295713464	0.13770906659030138	0.13674168087826627	0.13065463894267298
0.31910054644169594	0.2772316402488374	0.1369811665310663	0.13826329787597652	0.12842334890242357
0.31967985248422576	0.27912060531086225	0.13641682835338115	0.13945173323214582	0.12533098061938475
0.3259833863269329	0.2743942614274364	0.13633959219882552	0.12048225792027277	0.14280050212653214
0.3182381353998715	0.27771927247643946	0.13635980920910712	0.1308043671633315	0.13687841575125015
0.3233811497432738	0.274263906778364	0.1388582927987367	0.11679854368751708	0.14669810699210814
0.32107514744410315	0.2785317908666148	0.13818086240126692	0.13912617939207148	0.12308601989594334
0.32553760877874144	0.27883180070483177	0.1386011969322679	0.13424093866976652	0.12278845491439207
0.3253041992836624	0.27448090375355993	0.13768602219616782	0.11934015647155422	0.14318871829505536
0.3228850419388705	0.27677657163855296	0.13964967851809068	0.12258856622302697	0.1381001416814586
0.3237864660964944	0.27447904428510916	0.13777316915410878	0.1331495629742429	0.13081175749004445
0.3223417722659002	0.2794317344158039	0.13748318471503906	0.11912707116268186	0.14161623744057467
0.32094914665279956	0.2774986950078362	0.13917564868371207	0.1161118116964735	0.1462646979591784
0.3196250061437826	0.2768056432026992	0.13913146098540746	0.12419221958320617	0.14024567008490432
0.32192398130209204	0.27802733838140326	0.13748229600366035	0.12301407057839117	0.13955231373445287
0.3224324308890223	0.27940018219884766	0.13970900003787423	0.11513502809019806	0.14332335878405741
0.3210429878936019	0.2732663076282008	0.13677375274963313	0.13816383180902064	0.1307531199195432
0.32186082500898816	0.2748725555603426	0.13689011885184277	0.1347291921819725	0.13164730839685368
0.3193126345616002	0.2777055976642748	0.1397070758368072	0.12948469519301575	0.13378999674430178
0.3237818611287149	0.27816574268399097	0.13668749420940174	0.12606840105117223	0.1352965009267199
0.3219831853090518	0.2738487312967874	0.13828683634568373	0.13205741675556687	0.13382383029290995
0.32381798419917485	0.27276494567379056	0.13797614263687352	0.1329277269657531	0.13251320052440763
0.32181416115616845	0.2746295115752367	0.1377358522264074	0.1285112043393243	0.1373092707028629
0.32022623355081703	0.27499365283063637	0.13799699167151497	0.12129210144097834	0.145491020506053
0.3262255866937376	0.27698260707409117	0.13972638307693971	0.12324591026983828	0.133819512885393
0.3260616028930865	0.27489234381135674	0.13955331902092258	0.12083216473369433	0.13866056954093955
0.3235329259331009	0.27964808716216394	0.137091939718539	0.13232831694085084	0.12739873024534495
0.32378851347463494	0.2753590531871601	0.13923756502715467	0.12404927764910359	0.13756559066194643
0.32495608833548695	0.2755966016947752	0.13831683575656295	0.12374412761590899	0.13738634659726562
0.32286705038755614	0.2744142220193511	0.13779762329937456	0.13350088201872967	0.13142022227498817
0.3245512774299055	0.2756029725871232	0.1396695688650495	0.13745174953253586	0.12272443158538565
0.32111963166451535	0.2796576192651572	0.13895762668772696	0.13453723240846527	0.12572788997413492
0.32144382544421746	0.2745426385842232	0.13781742365921096	0.13910402095507918	0.12709209135726895
0.3187936214144227	0.2756957902225659	0.13723691038518437	0.13287982348401328	0.13539385449381347
0.32047500732846046	0.2735808856785946	0.13732522978838876	0.13878584129412075	0.1298330359104351
0.3234212794462656	0.2748706911476358	0.13858804501903646	0.1376633697149166	0.12545661467214528
0.32349575236523787	0.2748722750812731	0.13640213048633276	0.13654810783231253	0.12868173423484344
0.3210045747287714	0.2793724324862856	0.1395447458033924	0.12374240479973031	0.13633584218181993
0.3257474859869578	0.27489164971075597	0.13945323655875427	0.12106624569557664	0.13884138204795504
0.3243713228447074	0.27740948357106004	0.13813020470812226	0.11465172515537354	0.14543726372073645
0.32199147776137427	0.27536480302244354	0.1386980976135581	0.12193777745318402	0.14200784414943973
0.3204753073723624	0.27619346436202036	0.1368806315131186	0.12483705571772526	0.14161354103477308
0.32484152427819524	0.27586927041072346	0.13938805120004624	0.1139053337599008	0.14599582035113395
0.3202120918966226	0.2736709563655507	0.13908454818533955	0.12010130212086753	0.14693110143161928
0.32079217895062384	0.2791562588747102	0.13871529846033545	0.1337833258888912	0.12755293782543906
0.320846403712392	0.2786138602676059	0.13919696580204563	0.12852132072782968	0.13282144949012656
0.32578323811231713	0.2730304539955611	0.13869617502480303	0.12455164315392796	0.1379384897133905
0.32514353432684306	0.27796304433441343	0.1374082121509957	0.12822203980722724	0.13126316938052027
0.31882018110826765	0.27339026326427573	0.1382798538334402	0.13272894760636014	0.136780754187656
0.3186400164941065	0.2779646329089439	0.13975675229623719	0.1283873334894855	0.13525126481122657
0.32487377678771434	0.27437974799686243	0.13943524411927744	0.11907165432339441	0.14223957677275106
0.3184735726896576	0.277350816093378	0.13953788794785296	0.12516525455716943	0.13947246871194174
0.31833171513467107	0.2784171085281496	0.13894755639293968	0.1278630772721528	0.1364405426720865
0.3184449022748163	0.27324645701325445	0.1387427620522338	0.12990876596421003	0.13965711269548514
0.3214157343559454	0.27969346663876693	0.13837343353419604	0.11548197235023665	0.14503539312085473
0.3230370749922971	0.2754402913239904	0.13802439617546228	0.1320296863371359	0.13146855117111403
0.3194149429537835	0.27859134984786516	0.1375846742644369	0.132613352284841	0.13179568064907313
0.32462011522523737	0.2756439046372538	0.13764262122378895	0.118416929307996	0.14367642960572355
0.32201410782146567	0.278245090652212	0.13795379575359432	0.11527312393541864	0.14651388183730907
0.3200153491893274	0.2793628382491311	0.13800600149950976	0.13574071675700433	0.12687509430502714
0.32299472002065877	0.27677323893316397	0.13660892544085274	0.12800486532426306	0.13561825028106117
0.3232725385506885	0.27458656262807124	0.13979174752520068	0.11971181789111504	0.14263733340492424
0.3225299173389878	0.2784478941832549	0.13961462340297193	0.12940881844992946	0.12999874662485567
0.32133508107088415	0.2780076053161571	0.1363889766985885	0.12984881701372447	0.13441951990064555
0.32366545076470454	0.274802383647691	0.1386070866121689	0.1338978315128037	0.12902724746263156
0.3196114225236844	0.279246452311285	0.13742809957260316	0.12718115921581016	0.1365328663766169
0.3188669751185408	0.27509766236361116	0.13851729238884872	0.1278032104311872	0.1397148596978118
0.3242075844150064	0.27907623434553636	0.13868144674227928	0.12551165254022065	0.13252308195695703
0.32496743373182085	0.279333243645048	0.137548899836137	0.12264947315753895	0.13550094962945486
0.3199163249901185	0.27698787449360585	0.13666744404185516	0.1352430545538843	0.13118530192053585
0.3231822385181329	0.2751883620797177	0.136405424080961	0.13778234303942166	0.12744163228176644
0.3214956234391386	0.27958524251188743	0.1394859967115502	0.1360712085844976	0.12336192875292588
0.3218815992087905	0.2793904381988584	0.13643316715613768	0.11729851546796344	0.14499627996824965
0.3210754251612432	0.27731475197437955	0.13644050354662293	0.11909826222898935	0.14607105708876472
0.32584731802018624	0.27763594053304064	0.13673832119918408	0.1223703860189037	0.13740803422868508
0.3210428136558354	0.27279252736832554	0.13663742248679028	0.13097181074139108	0.13855542574765733
0.32301071918340013	0.2786107519367746	0.13699117331922517	0.12225710756253726	0.13913024799806253
0.32212095699715715	0.2767062512814933	0.13921249958259727	0.1286097373906902	0.1333505547480618
0.32055917985794885	0.2750796597983197	0.13833162456975812	0.13649698075467975	0.12953255501929328
0.3247491705571717	0.27670349495340724	0.13936448213112512	0.11957583148266608	0.13960702087562962
0.32158884794431253	0.27501346876322985	0.1385662938441612	0.1275562075716825	0.13727518187661364
0.31904667680735566	0.2783039100386285	0.13763797880985296	0.13764608582925147	0.12736534851491113
0.3260615242835999	0.2739030461211408	0.13731677925245972	0.13881795140910247	0.12390069893369682
0.32102770222795374	0.2769132610986589	0.13867839916715533	0.12847700971955764	0.13490362778667414
0.32368118220762976	0.2745863410888828	0.1382917287865537	0.11790387341047652	0.14553687450645691
0.3203193896008163	0.27690284064629855	0.13699290514596538	0.1241860027321772	0.1415988618747423
0.3211563064896168	0.2749647145902358	0.13936437925285397	0.1292901748941632	0.13522442477312993
0.3190246588406668	0.27769343172814187	0.13881616134534433	0.11862801483756984	0.14583773324827692
0.3260114729758153	0.279753996019929	0.13823973439792236	0.12162877855746883	0.13436601804886425
0.3251628559751947	0.27750224614687474	0.13664017071427215	0.13524165745075128	0.12545306971290687
0.32496101833542057	0.2763006328064501	0.13943903249289308	0.13081080626893443	0.12848851009630152
0.3181935010525978	0.273386917962973	0.13910864742334395	0.12802540746198365	0.1412855260991014
0.3241716076517297	0.2757349059930052	0.1375501850842752	0.12014320862059599	0.14240009265039363
0.31879024376397175	0.27845741232152244	0.13670816687316845	0.12667942250511402	0.13936475453622305
0.3261429861872541	0.2764392030135872	0.1391246230382464	0.13484517050055148	0.1234480172603605
0.32397783372675293	0.2793847463467295	0.1373810149558425	0.11959182237064295	0.13966458260003178
0.3250349297395082	0.27969660644236943	0.13964177219025198	0.1088422015862806	0.1467844900415895
0.3190461399081287	0.27837208158903926	0.13915909477874808	0.12694752613916938	0.13647515758491427
0.32370378881115125	0.27384486738853725	0.13971840187975676	0.12014477360613451	0.14258816831441995
0.3217118215100091	0.2744933151702934	0.13641940791488655	0.1213520056256161	0.14602344977919454
0.3257439358200317	0.2738687577133334	0.13813980912395557	0.12082692284750567	0.14142057449517337
0.3195411871806566	0.2738009913571513	0.13786948063424592	0.1377569914105921	0.13103134941735373
0.3254128480771583	0.2746005281317934	0.13793460818064213	0.13550804879700554	0.12654396681340035
0.3224247196227728	0.2770921762996118	0.1371325494599425	0.12312600229051189	0.14022455232716075
0.31847336846152796	0.27270905822333047	0.13914130868621638	0.1341802115525625	0.13549605307636237
0.32272055431502844	0.27608628542607616	0.1379826686809098	0.11767644243338753	0.1455340491445978
0.3261170547225108	0.27935001138675486	0.13864666376645457	0.13147149776125772	0.12441477236302179
0.3261932279231399	0.2729951238552418	0.1372636367589641	0.13303332816675556	0.13051468329589844
0.32624703432081986	0.2776705175092915	0.13693782308125318	0.11502413986332187	0.14412048522531323
0.322010446932034	0.2772790851230663	0.13883801517759609	0.11495396103094674	0.14691849173635652
0.3199501101131472	0.2734177886122917	0.136291720872156	0.12764448171066778	0.14269589869173693
0.3201810433043051	0.2755035375194641	0.1392212130082084	0.1324515586940831	0.132642647473939
0.32339502942891063	0.2757748084075426	0.13852020753096156	0.11854789265220016	0.14376206198038471
0.321400777900643	0.27590220149202616	0.1365165821935183	0.12948781613516902	0.13669262227864323
0.32347754032103965	0.27279226083404673	0.13944250840051767	0.12571755609558521	0.13857013434881044
0.32370939821724803	0.2744487793631365	0.13930939573692258	0.12911451713944275	0.13341790954324984
0.3218963648050134	0.278666452982416	0.13816801745527613	0.11536757323681275	0.14590159152048146
0.3199251284207485	0.27972633396582025	0.13743748252352092	0.11762257266135691	0.14528848242855313
0.324846468079832	0.27572647150442536	0.13863708933829114	0.11635142133875435	0.14443854973869685
0.3214900758617557	0.27452871380379695	0.13687184031875727	0.12811900030251483	0.13899036971317488
0.32575739739730564	0.27848201848867876	0.13762834380863287	0.12067689670113095	0.1374553436042515
0.323496777691124	0.27839257630907893	0.13703215690969528	0.12424819707155627	0.13683029201854524
0.32411717530961703	0.27400928314920586	0.13630058662167543	0.13166287579292069	0.13391007912658065
0.3216858573371012	0.279429159979413	0.13942216734613277	0.12730895045461632	0.1321538648827364
0.3259519822006031	0.2735282309107048	0.1363849255270208	0.13310400656820645	0.13103085479346455
0.3246614937539585	0.2786101263662535	0.13678789244924106	0.1329981193505926	0.12694236807995407
0.32217789387343854	0.2766956792690197	0.13979115307631623	0.13146870895545365	0.1298665648257715
0.3242325539500889	0.27804684880767117	0.13635239337389	0.12917664103941384	0.13219156282893585
0.3198763172766502	0.27894115584739276	0.1395976333318309	0.12159561815533612	0.13998927538878975
0.32354838498207467	0.27418191425917776	0.13696812811727832	0.1395814996192714	0.1257200730221975
0.3228367005820225	0.2757619536585511	0.13892585836628452	0.13622886047900334	0.12624662691413824
0.3235670802299214	0.2755737775084189	0.13654044051581	0.12569045019938438	0.13862825154646502
0.32597580681792854	0.2730243585237226	0.1387751488558522	0.1281030491184234	0.13412163668407295
0.3246007590477532	0.2773987989954324	0.1371891407916094	0.12339678187941801	0.13741451928578666
0.32384306749061437	0.27452496903813384	0.13930563411490104	0.1368391405467128	0.12548718880963766
0.321463254155679	0.27877560725373407	0.1365730278841276	0.13528255663822608	0.12790555406823295
0.32452279627876607	0.2774469877004592	0.13752499634249132	0.13252173678891765	0.12798348288936537
0.32566126305622256	0.2787206544761112	0.1366453894789178	0.12668971627232997	0.1322829767164182
0.3215857001990693	0.27462218087550605	0.1396810766465562	0.11894704506279416	0.145163997216074
0.3221888552520369	0.2784896614643319	0.1385776005751203	0.13748202057953376	0.12326186212897683
0.32069986583535004	0.27970078650763325	0.13728149915784527	0.12854978906596376	0.13376805943320738
0.31819935162361657	0.27528961993321777	0.13966370543175863	0.12963918942357996	0.13720813358782674
0.32579088682771734	0.2743004848539255	0.13891784671028246	0.11449959277855692	0.14649118882951748
0.32082773920736934	0.27854590479372177	0.13701218821910396	0.12684086424334046	0.1367733035364642
0.3194710646502781	0.27575546803663353	0.13919230358563872	0.12946236493225197	0.1361187987951974
0.32480533051783045	0.2744740377477424	0.13825485457331022	0.1228754009280924	0.13959037623302423
0.3258578037948342	0.27437857793923737	0.1377032727628395	0.11862473051597604	0.14343561498711258
0.32350735386475515	0.27601391381185114	0.13734392817726182	0.11626907824431396	0.14686572590181765
0.3189014493973642	0.27564233382213404	0.1391482336070735	0.1271372482040779	0.13917073496935
0.32579767876458665	0.27538200508461913	0.13703911999515747	0.12059094703628946	0.14119024911934694
0.3251864337057984	0.27972990828222144	0.13876565589864265	0.11898546765538756	0.1373325344579496
0.3195541759179161	0.2766400457792459	0.13962388142259663	0.130330480920076	0.13385141596016514
0.3204736253882584	0.27452062125606286	0.13725943114109646	0.1372246256436278	0.13052169657095408
0.32027425207874716	0.2756381714409054	0.13804672705716814	0.13217773080919043	0.13386311861398856
0.32534335108899926	0.27594642710874806	0.13686230521110987	0.12484098746786264	0.13700692912327989
0.32211230714395217	0.2732400699110602	0.13897657326289203	0.12628946933970964	0.13938158034238568
0.31884395913044844	0.27642522741385334	0.13951776510428887	0.132250121731317	0.13296292662009201
0.31977105759815594	0.2781455309311972	0.1366244162840899	0.13892872989671967	0.12653026528983702
0.3185129035921067	0.272822467229214	0.13746657145957927	0.13267228459556318	0.13852577312353653
0.3210159281512499	0.27587547293140935	0.13854539242323674	0.11878990954252092	0.14577329695158273
0.32254082066050105	0.27911125367118317	0.1384919908298229	0.11902510360093435	0.14083083123755824
0.32457040103179147	0.2767784668604182	0.13818171031340665	0.12137417248682678	0.13909524930755662
0.31899746142269036	0.27503958587376764	0.13947551852062623	0.1394164125811873	0.12707102160172815
0.3211703900887161	0.2777662558981971	0.13724192409128488	0.1215296702724208	0.14229175964938087
0.320542823060871	0.27424514202239064	0.13853008039059464	0.12167314690034398	0.14500880762579946
0.32472287946529954	0.2788712428848365	0.13820759497991725	0.11473039790651705	0.14346788476342937
0.3193451964305171	0.27416524604787984	0.139397566348634	0.12229898550487894	0.14479300566808978
0.3200475587642523	0.2787894399735236	0.1376873029830423	0.13642094196449123	0.12705475631469026
0.32091145506507024	0.27310837043886116	0.13925623903886006	0.13668639978153346	0.13003753567567475
0.3198839217938883	0.27452956526205047	0.1384954206677262	0.13672859510763516	0.13036249716869955
0.32516502232593525	0.2779697813152282	0.139812733217976	0.1259827197266466	0.13106974341421374
0.3251053892461419	0.272775345700396	0.13813785576505003	0.11893868117520284	0.1450427281132089
0.32534256100186454	0.27596545819112417	0.13744492304422273	0.11565004886229492	0.14559700890049332
0.3238158559910316	0.2732702360105763	0.13844398453176893	0.12961927549792357	0.13485064796869928
0.32182306559753027	0.27595540075846176	0.138974490693329	0.12452877893276422	0.1387182640179144
0.3216284099141869	0.27618330485212333	0.13916641980899563	0.13017966741362608	0.1328421980110678
0.3246810248487994	0.2759223413148668	0.1376422687688908	0.12850772635636137	0.13324663871108128
0.32189441804276026	0.278830787636252	0.13727664428031355	0.1263724615841043	0.13562568845656958
0.31823731240458014	0.2776116736640851	0.13874221688547442	0.11846189037221803	0.14694690667364202
0.325957778553552	0.2787225341288574	0.13837899439995083	0.11832187949007132	0.13861881342756815
0.318932577172237	0.2786352270885875	0.13798094783985296	0.11964817881799077	0.14480306908133145
0.31872115208761165	0.2735791976690524	0.13962883591941436	0.12943989616576407	0.1386309181581572
0.3243573548591878	0.2760603986420129	0.13945744301588364	0.11870065665024539	0.1414241468326699
0.32163258172407005	0.27799113444699775	0.13858453556137768	0.11830231029154487	0.14348943797600933
0.3227153752388853	0.27356293722088865	0.1396029749798703	0.11897574073057207	0.14514297182978336
0.32403779664225174	0.27388035135863686	0.13974425952712308	0.1161513531582276	0.1461862393137604
0.3192763206023732	0.27750238153057266	0.13697951418059057	0.12786059445628303	0.1383811892301802
0.3254241293243914	0.27302669035599986	0.13858354839697018	0.13773323187369818	0.12523240004894004
