0.18173011268305006	0.09118378573257357	0.09097136605353723	0.27277474121760814	0.3633399943132308
0.18184151312258895	0.09100839449881319	0.09096663057441523	0.2727876497915792	0.36339581201260324
0.18180853146728315	0.09110343994749143	0.09092483212676615	0.27279823033770007	0.36336496612075897
0.18180359608711666	0.09126444020749863	0.09093316374576801	0.27270398887675473	0.36329481108286177
0.1817466813927759	0.09110154594640643	0.0909493171678872	0.2728029616228037	0.36339949387012654
0.18176938690646843	0.09097830289504028	0.0909548499066321	0.27288674979322947	0.3634107104986295
0.1817480905457899	0.09104854083066252	0.0909512223000209	0.2728587028793894	0.36339344344413704
0.18180124982907744	0.09099594611315298	0.0909335455457671	0.2728829380172638	0.3633863204947384
0.18182240809408523	0.09113673060320793	0.09094946061439403	0.27282830889479515	0.36326309179351746
0.1817532196182015	0.09112354217420508	0.09092644166495929	0.27286881678603525	0.36332797975659864
0.1817784219064319	0.09121040100711801	0.0909547583725512	0.2727928511589991	0.3632635675548996
0.1817615177645109	0.09117179778875106	0.09094292164730033	0.2727043383538117	0.3634194244456258
0.18180930080498214	0.09122379782734819	0.09096985751417355	0.2727187203366413	0.3632783235168546
0.18177285279971309	0.09108591059935126	0.09092688627353449	0.2728346624381168	0.3633796878892842
0.18177936185222357	0.09116045577060418	0.09096524300157971	0.27274128166119854	0.36335365771439376
0.18174817602688653	0.09119880672960679	0.09095335025684734	0.2727341522842389	0.36336551470242023
0.18180204018554735	0.09097911145820126	0.09094278181554377	0.27282574704653473	0.36345031949417267
0.18181237758717989	0.09105123727612617	0.09094315176559274	0.27278233802414426	0.3634108953469567
0.18175533799326965	0.09101343961984884	0.09096603589752952	0.27283799361356376	0.363427192875788
0.18180493021505534	0.09108644893768461	0.09096951331484782	0.27277650554438343	0.3633626019880286
0.1818315812401189	0.0912619011301516	0.090937550816115	0.2726982270463505	0.3632707397672639
0.18183959109249023	0.09109168315122522	0.09094855121014413	0.2728557456706824	0.36326442887545785
0.18178639462763566	0.09107401019619668	0.09094549907122049	0.2727667799399539	0.3634273161649931
0.18177136155338125	0.09110492841109383	0.09094759173373085	0.27276354874747355	0.36341256955432033
0.18182804500492547	0.09100761102086338	0.09092524533813431	0.27287374935418673	0.3633653492818899
0.1818133673360635	0.09105031950459949	0.09094525603626291	0.2728881129452133	0.3633029441778606
0.18175905735521064	0.09105551698518516	0.09097146763914185	0.2727949244313209	0.36341903358914124
0.18175331318663032	0.09116930002433858	0.09096915800926356	0.2727516798654494	0.36335654891431796
0.1817645989709254	0.09120620030686583	0.09094824767296716	0.27274240602280664	0.3633385470264348
0.18182145820473902	0.09125556163570686	0.09093143566829487	0.27271058489238853	0.3632809595988705
0.18182685515549118	0.09101677784614243	0.09095741866099279	0.2728283790713902	0.3633705692659832
0.1818199623050728	0.0911809160318795	0.09092736751165048	0.2727697929126139	0.3633019612387831
0.18182610816892678	0.09104004326060866	0.0909638791618537	0.2727636031315658	0.3634063662770449
0.18178521965030936	0.09115495240066954	0.09094673165303158	0.2728433318401342	0.36326976445585507
0.18180046555618673	0.0911542737344422	0.09095499877628775	0.2727028494872421	0.36338741244584094
0.18178663714839607	0.09127284763594966	0.09092608829351646	0.27274162247724126	0.3632728044448963
0.18184283081986874	0.09101642347343769	0.09094046737624495	0.2727866197220201	0.36341365860842834
0.18172887396992715	0.09108032519709479	0.09096322209295432	0.27284339571691685	0.3633841830231067
0.1817972126731059	0.09109031945099459	0.0909397435159474	0.272749182609815	0.3634235417501369
0.1817945646860567	0.09095468610966435	0.09096679786535547	0.27282779007904506	0.36345616125987823
0.181783208391734	0.09097251056434176	0.09095307215834478	0.27286822628762913	0.36342298259795014
0.18184439255325494	0.09119868857703467	0.09093633583866641	0.27271328767112823	0.36330729535991557
0.1817735648458643	0.09123660001001074	0.09096791661725262	0.2727183466614538	0.3633035718654184
0.18180035758000518	0.09117750978743176	0.09094002495952319	0.2727793531981458	0.3633027544748939
0.1817880137216587	0.09104070008841668	0.0909251861460663	0.2728826314779237	0.36336346856593443
0.1818047079786444	0.09106250209512104	0.09096478301768098	0.2727498802677941	0.36341812664075923
0.18183365196860204	0.09120880519797306	0.09094420140516161	0.2727286353588159	0.3632847060694472
0.18175114788730712	0.0910717967368114	0.09093938658060097	0.2728701470010261	0.36336752179425424
0.18176885186039796	0.0911962661435605	0.09093231743986696	0.27271696509345256	0.3633855994627218
0.1817517346756929	0.09107217475371995	0.09097022133582139	0.27282122527828234	0.36338464395648323
0.1817560569270077	0.09109974376767317	0.09096346793041489	0.2728131301411014	0.36336760123380263
0.18181208835427545	0.09106681295485006	0.09095252544269926	0.27284861727806614	0.3633199559701089
0.18182321929378314	0.09118632929172185	0.09092645122128148	0.27273122852586235	0.36333277166735095
0.18177237622789347	0.09108796151763952	0.09095229497081249	0.27274939317006736	0.3634379741135869
0.1817783041239307	0.09112678104491322	0.09096784385454182	0.27273687100760147	0.36339019996901256
0.18182894422064153	0.09124913000490162	0.09093529235404826	0.2727122218038215	0.36327441161658686
0.18181973302227056	0.09123157760840003	0.09094157800670516	0.27270437088870303	0.3633027404739211
0.1817738207246164	0.0910315045493384	0.09095752088191805	0.27280121395574447	0.3634359398883825
0.18176483039757402	0.09126059265024451	0.09095538888066626	0.27273732114881466	0.36328186692270037
0.18177464371700985	0.09117512484628763	0.0909266821721774	0.2727012716075916	0.3634222776569333
0.18175500625929436	0.09110167714337786	0.09096426107144914	0.27276289106658286	0.3634161644592956
0.18172640437850707	0.0911774145025061	0.09095472900610163	0.2727334524377663	0.36340799967511866
0.18173829803949584	0.09115739838134665	0.09096059796574256	0.27270957131772455	0.3634341342956901
0.1818138929019597	0.09108899474933335	0.09093266172808648	0.2727834635547661	0.3633809870658542
0.1818039879241106	0.09103571218012903	0.09095191044897794	0.2728116605731549	0.36339672887362734
0.18179439037952855	0.09100776285689799	0.09096685296260351	0.2728487016321647	0.3633822921688051
0.18183797409027452	0.09110258299926613	0.09093240937881687	0.27281406162065025	0.363312971910992
0.18181168039051948	0.091165432768823	0.0909372225831517	0.2727547713501267	0.3633308929073789
0.18179262820406167	0.09105513311770483	0.09095897165615521	0.27279342476804613	0.36339984225403194
0.1818332980650939	0.09102328777432948	0.09096487870785211	0.272778712951393	0.3633998225013313
0.18183725718968227	0.09099760061782855	0.09096134458062081	0.27278243060359464	0.36342136700827354
0.1817894948762102	0.09116469924619643	0.0909404168261075	0.27279813968507316	0.36330724936641257
0.1818214741813932	0.09105041238370061	0.09096492912267559	0.27280826019047855	0.36335492412175185
0.18172740480452088	0.09112036367139162	0.09092909277232322	0.2728273445000412	0.36339579425172286
0.18183989052825794	0.09104062169853658	0.09096421624337289	0.2728574418697145	0.36329782966011787
0.1817453124137312	0.09118827464601773	0.09096826425392032	0.27277306579842325	0.36332508288790727
0.18179662577783604	0.09104462456294216	0.09094093530770084	0.2728841317548213	0.3633336825966995
0.18180013405738835	0.09112474041884125	0.09097074680433714	0.2727052873014939	0.36339909141793914
0.18175053467684135	0.09123370155728949	0.0909289552854162	0.2728177733367897	0.3632690351436631
0.1818264765041821	0.09105930059519123	0.09095028717454424	0.27288905944667785	0.36327487627940436
0.18175984614048507	0.09120953812262668	0.0909472082207874	0.2727515386859152	0.3633318688301855
0.18182887155521785	0.09101738745515689	0.09096521874356328	0.27284498513538896	0.3633435371106728
0.18178110683813098	0.09106769270904078	0.09092714071953345	0.27282002423553564	0.3634040354977589
0.181790078139542	0.09113009779933147	0.09094526941830917	0.27282732472978094	0.3633072299130362
0.18178032050390058	0.09098713467147676	0.09093061574155928	0.2728734625188729	0.36342846656419026
0.1818456550523913	0.09100524704777152	0.09095594023595702	0.27288156794950574	0.3633115897143742
0.18178507240827416	0.09112931303715517	0.09095858852999404	0.27272742737200595	0.3633995986525705
0.18177420678293443	0.0911081409926442	0.09093857807342798	0.272877266442341	0.3633018077086523
0.18176874086699718	0.09100017144519124	0.09094851473909207	0.2728680992793094	0.36341447366940993
0.18175055700543183	0.09117290451120094	0.09092697947383374	0.27279659500139686	0.3633529640081364
0.1818173929305646	0.0909752442199236	0.09093311612610892	0.272817516699907	0.36345673002349566
0.18174624816292126	0.09107486264695795	0.09096471275977314	0.2728446650245644	0.3633695114057831
0.18179917823394753	0.09105921293869043	0.090942908196917	0.2727762959825305	0.3634224046479143
0.18180643694423257	0.09111765960622516	0.0909622214483482	0.2727763255894267	0.3633373564117671
0.18182581163809503	0.09112030212684266	0.09096140875943777	0.27270593626662587	0.3633865412089985
0.18181253307647013	0.09110520948594095	0.09094934914800018	0.27282578951954384	0.36330711877004473
0.18176015541104848	0.09106320431996777	0.09096409723165219	0.27277359989637695	0.36343894314095443
0.18180693908194728	0.0909961596786518	0.09096720056409602	0.2727795104667279	0.3634501902085769
0.18179839860244112	0.09107224860607627	0.09095122955434223	0.2728368120223552	0.36334131121478486
0.18174145596822508	0.09113008668135596	0.090948044924489	0.27285626674681873	0.36332414567911103
0.18182484968457702	0.09103326454588793	0.09096064512894973	0.27278808504717533	0.36339315559340973
0.1818195020767744	0.09106129642565124	0.09094660893048556	0.27277101175893637	0.36340158080815227
0.18172609918466515	0.09121095669315413	0.09093056892096879	0.2728008981969721	0.3633314770042396
0.18179399404321409	0.09108019410383109	0.09093452819357092	0.27281036822848215	0.36338091543090156
0.18175856986217034	0.09108582401867371	0.09093641020273885	0.2728635084199788	0.3633556874964381
0.1818444266553681	0.09102264586759427	0.09093273941320314	0.27286145554390673	0.36333873251992754
0.18172905807966397	0.09129775681626531	0.09094635743753465	0.27274180615771876	0.3632850215088171
0.18177487574986173	0.09120323536064667	0.0909684110166564	0.2727219238235348	0.3633315540493003
0.18183187200378154	0.09099295317161497	0.09095006374593056	0.2728580522374935	0.36336705884117926
0.18175355764026613	0.09104549107099588	0.09093562014353347	0.27288549150012154	0.36337983964508275
0.18184786853556717	0.09095793363922362	0.09096328514483724	0.27280735010838514	0.3634235625719866
0.1817726480745856	0.09127214515590419	0.09094952848104396	0.27269877418715854	0.3633069041013075
0.18174547069781777	0.09118297705176659	0.09096053509899191	0.27276421828196196	0.36334679886946153
0.18177697233733586	0.09119284386632326	0.09092640924576323	0.2727775810666193	0.3633261934839581
0.18181125866991335	0.09118501024612446	0.09096857098434	0.27270936423474706	0.3633257958648749
0.1817953461426437	0.09113950747547495	0.09092456171872484	0.27286753540262226	0.36327304926053405
0.18176484922070887	0.09121078979384999	0.09094505194148256	0.27277395027253326	0.3633053587714251
0.18176877359537225	0.09117854515937217	0.09096383495955994	0.2728026601486379	0.36328618613705754
0.18181895447678548	0.09109853042787816	0.0909355268963059	0.2727837947635061	0.3633631934355241
0.18182747483979445	0.09107788492451316	0.09095916284737318	0.27284131707046433	0.36329416031785466
0.1818190455121557	0.09094948084955773	0.09096935455972824	0.2728125513750172	0.36344956770354087
0.18180277806024833	0.09108009533066705	0.09094777381214243	0.2728749495177218	0.36329440327922025
0.18184702375839304	0.09096254597341313	0.09092907327058	0.27282418737344993	0.36343716962416367
0.18179882311291146	0.09123082699364053	0.09092622463087902	0.27270890703905676	0.36333521822351206
0.1818331700435872	0.09117078822869433	0.09094173143225788	0.2727102908856641	0.3633440194097962
0.18173007440730782	0.09113708579833837	0.09095526807615734	0.2728178648824614	0.3633597068357349
0.18182087691976817	0.09107214663009312	0.09093813005896739	0.2727905092266189	0.3633783371645522
0.18173746382465775	0.0911155155649925	0.09096213473639994	0.27281252694321073	0.3633723589307388
0.18184465884401987	0.09100829751264716	0.09096132020764709	0.2727574590190768	0.36342826441660886
0.1817912876637972	0.09109563896190474	0.0909709796335925	0.2727370231010088	0.3634050706396965
0.1817770282260431	0.09116375464158505	0.09096444268003509	0.2727091875975998	0.36338558685473665
0.18175541793327737	0.09128374641809421	0.0909267847279148	0.2727711518779898	0.3632628990427236
0.18181216851144794	0.09102340758260485	0.09095331723807593	0.27285429865463867	0.36335680801323245
0.1818006885515909	0.09104446215624735	0.09094790133513907	0.27280673245070075	0.36340021550632173
0.18178709599031123	0.09098966097701855	0.09093644457950696	0.272871509253338	0.3634152891998251
0.18176558722869934	0.091127963713632	0.0909457994652999	0.2728634687899674	0.36329718080240114
0.1818322767780847	0.0911054964107776	0.09093822185835934	0.27274232841548185	0.3633816765372963
0.18180522637230245	0.09110867652444657	0.09096870033189686	0.2727700492058951	0.3633473475654588
0.18178012594091802	0.09095817061025521	0.0909417780680728	0.27286618842366306	0.3634537369570907
0.1817293966289496	0.09114106855658598	0.09092466444083581	0.2728252602389574	0.363379610134671
0.18177742294191412	0.09121945850882945	0.0909353399260322	0.2727157085595208	0.3633520700637032
0.18180517038677096	0.09123214870448981	0.09093506133619567	0.2727337861864164	0.3632938333861269
0.18180389414969433	0.09112994690725122	0.09093143196006083	0.27276209676375707	0.36337263021923627
0.1817957484572194	0.09097834844979573	0.0909470563007407	0.2728819962570667	0.36339685053517723
0.18177163131013613	0.09102495891514632	0.09095656114848753	0.27281632534311273	0.3634305232831171
0.1817432323398879	0.09128056125014618	0.09094395725853707	0.27276670011579984	0.3632655490356288
0.18177382289634425	0.09102428503074626	0.09093212303457834	0.2728423165982849	0.36342745244004604
0.18176474186736444	0.09121535337734932	0.09093648570324825	0.27273774324072225	0.3633456758113155
0.1818310909440037	0.09101565101527342	0.09097194056340191	0.2728839549916921	0.3632973624856286
0.18175315867351766	0.09117806990219336	0.09096249468305441	0.2728400789056429	0.3632661978355915
0.18176598597361873	0.09114133365506241	0.0909310325388752	0.2728412671389311	0.36332038069351236
0.18174232983209748	0.09103988583242367	0.09095001722585663	0.2728360006406695	0.36343176646895253
0.18182149907455836	0.09117747433906351	0.09096727270098262	0.27274132005348917	0.3632924338319062
0.18175290236995387	0.09115405668870119	0.09096052052004383	0.27271344355541993	0.363419076865881
0.1817980833896049	0.09107575775473915	0.09094090735466091	0.2728153608755296	0.36336989062546526
0.1817313697054519	0.09121710710442774	0.09093398936431915	0.27285201001638043	0.3632655238094206
0.18178161959919767	0.0910859529014012	0.0909435325815368	0.2727394319390936	0.36344946297877045
0.18177473064703376	0.09112547742110563	0.090936564362119	0.27285712007028146	0.36330610749945996
0.18182003507393887	0.09094379452879295	0.09094623036590853	0.2728427804909287	0.3634471595404308
0.1818127824255099	0.0909833299062779	0.0909343462226585	0.2728632054167541	0.36340633602879946
0.18180591910192004	0.09097377744544649	0.09092711698971606	0.2728728374586648	0.36342034900425235
0.18174997085142577	0.0912386795002573	0.0909369144974046	0.27280827256538964	0.36326616258552247
0.18183299594792726	0.09097931129500017	0.09096110077567583	0.2728631578632104	0.36336343411818606
0.18184582833096308	0.09121012903395032	0.09095526176833399	0.2727210950353085	0.363267685831444
0.1818125496031196	0.09116129148740323	0.09094970055258421	0.27275763258979385	0.3633188257670989
0.18177103498129452	0.09124770384022736	0.09092501052497681	0.2727347967864334	0.3633214538670676
0.18184223017975312	0.09106436219800189	0.09095323814186833	0.2727270781040537	0.3634130913763227
0.18183630493103803	0.09114251654473687	0.09094588248005563	0.272744785500807	0.3633305105433623
0.18178453290472046	0.09104978713680796	0.0909362321165794	0.27284144592278636	0.3633880019191056
0.18173281004632885	0.09124826111853988	0.09094858965063445	0.2727647919613438	0.36330554722315284
0.18181689777227375	0.09102863916671153	0.09092978727275688	0.27287399561713704	0.3633506801711206
0.1817810567901682	0.09112336726022546	0.09097101557328272	0.27283392425481046	0.3632906361215129
0.18182142051348485	0.09102881315599404	0.09095026628294114	0.27276317799523053	0.3634363220523492
0.1818315941303943	0.09095363653195666	0.09093785854052326	0.27284707355276544	0.3634298372443601
0.18178201865320517	0.09098197948376552	0.09095136181988832	0.27286623362535595	0.36341840641778483
0.18179996180605773	0.09104327905160826	0.09094706536113578	0.2727810408321063	0.3634286529490917
0.18177857757389518	0.09101028827045413	0.09097218435893217	0.27282067185779496	0.36341827793892334
0.18181890686640848	0.09108182411937023	0.09095590101128455	0.2727458475408774	0.3633975204620591
0.18176162487761743	0.09115502091538868	0.09095700199397766	0.27277477277244294	0.36335157944057306
0.18177255632838357	0.09110815958702026	0.09092623102896484	0.27280730312154094	0.36338574993409023
0.18183635421755273	0.09101902498799311	0.09094552556602893	0.27286126709890346	0.36333782812952153
0.18178272958272054	0.09108586323333817	0.09096954975213212	0.27270835014291517	0.36345350728889375
0.18174494852178633	0.09108696250037648	0.09097033302575708	0.27276337947199886	0.36343437648008103
0.1818266154974913	0.09103161510431668	0.09093091790744301	0.27275794978116996	0.36345290170957884
0.18176219608523242	0.09112328439269465	0.09094625148029314	0.2728640109016829	0.3633042571400967
0.18175472460332354	0.09118940588674629	0.09094139184975204	0.2727101412215919	0.363404336438586
0.1817730943693415	0.09118941632379647	0.09095863359868785	0.27277042160543397	0.36330843410274005
0.18173097442654929	0.09105799703216849	0.09095225694502146	0.2728822550093073	0.3633765165869533
0.18178035636026518	0.09111364453645741	0.09094073183532991	0.27282082915027767	0.3633444381176696
0.18180963510940823	0.09110858762086407	0.0909338976803955	0.27283308152638436	0.36331479806294764
0.1817746914809269	0.09119710050803873	0.0909557592095474	0.2727822713919422	0.3632901774095446
0.1817621232001307	0.09123848936571921	0.090959859988958	0.2727715697004266	0.3632679577447653
0.18178696957708368	0.09108355382214305	0.09093849558161624	0.272761535851048	0.3634294451681088
0.18181489052870747	0.09115374710112975	0.09093999395674493	0.27282264991267136	0.36326871850074627
0.18176077184385975	0.09114168291343616	0.09094848321773297	0.27288676803220496	0.363262293992766
0.18174887533445055	0.09109680122624163	0.09093734503265916	0.27279830017489204	0.36341867823175633
0.18177807057098738	0.09101652513364877	0.09095452393157358	0.2728862062512759	0.36336467411251416
0.18179931772909835	0.09105714980643362	0.09095569858841315	0.2727419317106188	0.3634459021654359
0.18179221446974633	0.09122768711215211	0.090931194187985	0.2727865330944397	0.36326237113567666
0.18179758515584582	0.09120011037141217	0.09096105256919289	0.27272316273268093	0.36331808917086794
0.18173496301627723	0.09114087697690541	0.09093699771119786	0.2727817152133924	0.3634054470822269
0.18178545913751465	0.0911038679544093	0.09093217010832015	0.272751057732436	0.3634274450673197
0.18181160082393444	0.0911583338732608	0.09094016179646815	0.27275947141674917	0.36333043208958726
0.18174827150000206	0.0910227829268366	0.09096492590498395	0.2728865905518374	0.36337742911633986
0.18182124254413903	0.09109836514129478	0.09092538915365052	0.27285403506177563	0.3633009680991398
0.18183127247067407	0.09105731687395953	0.09095550529149661	0.2727661209572676	0.36338978440660197
0.18180910002628176	0.09102013850616514	0.09094594409272588	0.27286765864595647	0.36335715872887053
0.1817722621836501	0.09111707663870332	0.09094547365277712	0.2727636406535688	0.3634015468713004
0.18182282175945705	0.09103554438592577	0.09095318472395196	0.27279205187388356	0.3633963972567814
0.18177683793935268	0.09111983886156286	0.09093407496783909	0.2728152545647202	0.36335399366652493
0.18181586648565323	0.0910417302937925	0.09093340326359999	0.2728073776532734	0.36340162230368067
0.18184026614774068	0.09104636017947555	0.09094291058461872	0.2728692848565241	0.3633011782316407
0.18172688905653478	0.09115383931382048	0.09093020490928472	0.27277384986891096	0.3634152168514489
0.18173059187561466	0.09117902672484086	0.09096722346650273	0.2728516215136348	0.3632715364194068
0.18180076180441634	0.09117236982269103	0.09095792080102658	0.2727246028573618	0.36334434471450405
0.1818027791695817	0.09107689496748173	0.09095435537433838	0.2728050960223164	0.3633608744662816
0.1817528926682764	0.09119470471668056	0.09095152535124443	0.27275227794074836	0.3633485993230501
0.1818274750700359	0.09108501536983765	0.09094239539643839	0.27276989208936864	0.36337522207431916
0.18179087905063707	0.0911645724530944	0.09093576323298035	0.2727979488238176	0.3633108364394704
0.18175015888579674	0.0912446443086382	0.09094422382174436	0.272779964106941	0.36328100887687953
0.1818003302239593	0.09111517835001484	0.09094880849344913	0.2727525720398202	0.3633831108927563
0.1817781727795722	0.09123626558601143	0.09096119151748577	0.2727543833746311	0.36326998674229927
0.18182560669098385	0.09102332568737251	0.09094729592075626	0.2728280039897469	0.3633757677111403
0.18173742630261958	0.09100715004056484	0.09097110766540266	0.2728866440843314	0.3633976719070814
0.181732931499882	0.09118676856598897	0.09096975643680084	0.2727566371899435	0.36335390630738446
0.1817654695379905	0.0911475005028645	0.0909663909874363	0.272729572231437	0.3633910667402715
0.1817512022026948	0.09127558917966007	0.09093631505794099	0.27276380023550595	0.363273093324198
0.18183073186267246	0.0910479851703953	0.09096516713500927	0.2727858848348287	0.3633702309970941
0.18176849023710223	0.09097651918392605	0.09096758328539886	0.2728856372923195	0.3634017700012532
0.18184720567770124	0.09103707760911003	0.0909423912691881	0.27278935637113266	0.36338396907286774
0.18179407237166612	0.09101590434879797	0.09093788354680302	0.2728741375572971	0.3633780021754356
0.18182679747480335	0.09106924842131595	0.09093692110885979	0.2728723820187473	0.36329465097627345
0.1818317631918378	0.09117863078384703	0.09094407153322667	0.2727211766462621	0.3633243578448262
0.181742401599742	0.09114747043752373	0.09094768453456158	0.2728696788766877	0.36329276455148474
0.1818182353297081	0.09094565933234162	0.09096290609451047	0.27284951245662364	0.36342368678681597
0.18173277280760058	0.09111830173101043	0.0909632596805954	0.2727954920016778	0.3633901737791156
0.18181637943726048	0.09114447741126885	0.09093763759248227	0.27275281328797085	0.36334869227101735
0.1817758031797962	0.09126735699402722	0.09095022078676117	0.27273711739042333	0.3632695016489919
0.18174892324064865	0.09107800907726045	0.09095254490095221	0.27281978004473884	0.36340074273639966
0.18181370894677965	0.09123574909180253	0.09094592914286792	0.27270811338537126	0.36329649943317843
0.18182789541311586	0.09119061754255148	0.09092446057103683	0.27273466962051685	0.3633223568527788
0.18179281288792287	0.0910385239793246	0.09095920340533428	0.27280899529962327	0.36340046442779483
0.1817430341133259	0.09112623524375935	0.09097216238260461	0.2727391483309433	0.3634194199293666
0.1818461443962487	0.09115775174497735	0.09094381398535833	0.272779412838829	0.36327287703458644
0.1817816412045026	0.09104808431189698	0.09092895962086806	0.27285905705523517	0.363382257807497
0.18183270739674667	0.09098551901655391	0.09094712175954382	0.27280575028578	0.3634289015413753
0.18178420472148382	0.09102040877863246	0.0909472925538436	0.27281972377993363	0.3634283701661063
0.1818012244761556	0.09114383030643322	0.09096591448437727	0.27270006844968775	0.363388962283346
0.18178095045938736	0.0909673723740186	0.09094851475986496	0.2728678438914669	0.363435318515262
0.18183324858294558	0.09116752501675017	0.09093374219986096	0.27274489350672687	0.3633205906937162
0.18175126694420313	0.09119059404320555	0.09093191159299273	0.27271740328666055	0.3634088241329378
0.18176794957162148	0.09118630741867645	0.09092805662728164	0.2727455685983737	0.36337211778404654
0.18179475011517265	0.09094975509718656	0.09094542927069739	0.2728852097675299	0.3634248557494133
0.18175498385197014	0.09107199645041632	0.09094161634529814	0.2728822783814984	0.3633491249708168
0.1818089408253487	0.09124482442752699	0.09093988544378588	0.2727411459224951	0.363265203380843
0.1817583803743502	0.09115510191555176	0.0909613731607925	0.27278857233049336	0.363336572218812
0.18180262576849593	0.09110915081470239	0.09096348738549805	0.27273344976401603	0.36339128626728745
0.18174936538623193	0.09122939886313869	0.09094380940143294	0.27275657484590465	0.3633208515032915
0.18184621012041047	0.09117142731616197	0.09096078533170648	0.27272128546216434	0.36330029176955647
0.18180131086020598	0.09105519507548578	0.09092527932834808	0.27281096953173717	0.3634072452042228
0.18182663505591878	0.09119478679541061	0.09094680138972995	0.27270285598665434	0.3633289207722861
0.18183662886708774	0.09120795626378195	0.09093528971554732	0.2727508807127859	0.3632692444407969
0.18174717937382392	0.0912013400933612	0.09092871245517092	0.27275877564888584	0.36336399242875794
0.18178953686099208	0.09124742183197006	0.09094269717030509	0.2727071733517669	0.3633131707849656
0.18175745317793593	0.0910094670420368	0.09092964918904553	0.27288483782719297	0.3634185927637885
0.18177438106737404	0.09112577103375563	0.0909500046427042	0.2727036642436279	0.36344617901253806
0.18181854412507156	0.09120104911954872	0.09095497173499671	0.27273541758666964	0.36329001743371314
0.18176715966210455	0.09104540780481057	0.09095679029784923	0.272810634619009	0.3634200076162264
0.18184525794143563	0.09108634477382825	0.09092847447282568	0.2728396722348332	0.36330025057707704
0.1817969974585306	0.09122098584287996	0.09093728935478856	0.2727349633682583	0.3633097639755424
0.18175971984170397	0.09110256240197034	0.09092943111251627	0.27286123269861895	0.36334705394519023
0.18177416259883336	0.09123952306995278	0.09095315245882035	0.272756847368239	0.36327631450415426
0.18183462303284662	0.0910672072833126	0.09094998397158868	0.2728264106295868	0.3633217750826651
0.18180764419405027	0.09111027318359147	0.0909367016468064	0.27286522421847653	0.36328015675707515
0.18174905358882718	0.09114435490863655	0.09095115222986522	0.27276797699811767	0.3633874622745532
0.18179708162328134	0.09110950897400338	0.09096766278083754	0.2727145002841277	0.3634112463377498
0.1817787863918749	0.09121261442294504	0.09095971053852744	0.2727772239656868	0.3632716646809656
0.1817698118633256	0.09104471017966988	0.09096047661991871	0.27286060590678035	0.3633643954303052
0.18182684848330696	0.0910963164405016	0.09093593600616565	0.27281905080576024	0.3633218482642654
0.18177426257979662	0.09095497812439225	0.09094835305892099	0.272886933885765	0.36343547235112494
0.18179851670497912	0.09122171375316501	0.09092816891032486	0.27272226485935486	0.3633293357721759
0.18184326303109624	0.09103578974200655	0.09095393563931278	0.27271062817591635	0.36345638341166786
0.18181070887741885	0.09107273097973165	0.09095961427560195	0.27280876038552654	0.3633481854817208
0.18181972444081002	0.09109112046671705	0.09093207012802337	0.27274638712863014	0.3634106978358192
0.18177252089679585	0.09097219377078308	0.09094706541683967	0.27288003671921207	0.36342818319636905
0.18181258228215025	0.09102828203453661	0.09096941479334034	0.2727343135708294	0.3634554073191432
0.18176231314738578	0.09115889707534248	0.09094534319525613	0.27286300298530125	0.3632704435967141
0.18177630912026305	0.09107457110728373	0.09093971443934704	0.27276994165636803	0.36343946367673796
0.18181193237796262	0.09114038240644462	0.09093292448762702	0.27283552628623364	0.3632792344417319
0.1817722251315557	0.09106840050440428	0.09097001984663662	0.27279369914333135	0.3633956553740718
0.18181201219859744	0.09095113508758462	0.09093937626778759	0.27287683364075427	0.36342064280527586
0.18176609248958292	0.0910550297294089	0.09095851646955537	0.27283237427916723	0.36338798703228536
0.18179038524916077	0.09105363109179292	0.09094893359313637	0.27279543978266285	0.3634116102832469
0.18178628586944667	0.09096704631989008	0.09094221123857874	0.2728590535244946	0.36344540304758977
0.1817587864786726	0.09101027179587051	0.09094399864839481	0.2728618560512809	0.363425087025781
0.18173525208862948	0.09104450391831996	0.0909595634496914	0.27284856392768886	0.3634121166156701
0.18181621085978064	0.09123083869214149	0.09093685960317938	0.27272401346207664	0.36329207738282165
0.181750901683445	0.09113429910713612	0.09095753476243591	0.2728627284821339	0.3632945359648489
0.18184652046571428	0.09106746113089223	0.09096314905278705	0.2728551947921914	0.36326767455841485
0.18183553710170547	0.09119880753022547	0.0909371038617023	0.27270000855297466	0.3633285429533919
0.181766178218193	0.09107909962811801	0.09094930275008824	0.2728295004283323	0.3633759189752682
0.18172940508461444	0.09109791374900517	0.09094489202603406	0.2728568585766545	0.36337093056369163
0.1818160919318314	0.09110620263274519	0.09096916953374987	0.2727024738519954	0.3634060620496779
0.18179615943616853	0.0911143503037035	0.09094337542913526	0.2727374452911028	0.36340866953988976
0.18179906241304628	0.09097671319632646	0.09094725099331619	0.2728598031999431	0.36341717019736774
0.18177779637093816	0.09121904375186156	0.09094703824476429	0.2727261351890373	0.3633299864433984
0.18173510076058838	0.0912609951778871	0.09095026267163865	0.272772620647167	0.3632810207427187
0.18179167839464083	0.09095535672255112	0.09095510358738468	0.2728526727679673	0.3634451885274558
0.18184267137285984	0.09105216429424982	0.09097129598054338	0.27278362184290733	0.3633502465094394
0.18179710432978294	0.09111764612902092	0.09096837845762715	0.2727998086287558	0.363317062454813
0.18177203713133688	0.09112847194450885	0.09093297494851879	0.2727787445554969	0.3633877714201384
0.1817544583203259	0.09121410769389676	0.09096328486257692	0.27270314295086473	0.36336500617233547
0.18177402869111292	0.09106965488968269	0.09093884196531019	0.27287505820950697	0.363342416244387
0.18183349239509697	0.09117949539795629	0.09095983511767188	0.27276076730812054	0.3632664097811541
0.18175580158094948	0.09127349613667284	0.09092778033399067	0.27272847453285654	0.3633144474155303
0.18183755830324877	0.09121392834405628	0.09097080227308169	0.27271205819491356	0.3632656528846995
0.18179701976657459	0.09107446579707251	0.09094611636286098	0.27276265129464	0.3634197467788517
0.18184552892547595	0.09106365739618727	0.09095252325122395	0.27273968389740266	0.3633986065297099
0.18177843943154676	0.09106200738163946	0.09096470979345947	0.2728683720683612	0.3633264713249929
0.18177049603190626	0.09107085100386399	0.09096470750433695	0.2728615515655521	0.3633323938943405
0.18174301709504095	0.09102619596254795	0.09096487508330066	0.2728228213965067	0.36344309046260354
0.18179713909187656	0.09122345021785859	0.09094350047836233	0.27277117387707306	0.3632647363348292
0.18175763910812387	0.09118446089766825	0.0909249196330038	0.2727026941445951	0.3634302862166088
0.1817541047124684	0.09122906813430072	0.09096242801555894	0.27272991866185453	0.36332448047581717
0.18173888401101357	0.09112224957625603	0.09097232406949288	0.2728523764123675	0.36331416593086985
0.18173877947990874	0.09121912247398406	0.09094615066050342	0.27274292399235833	0.3633530233932452
0.1817519992728968	0.09121101647727684	0.09096009842202239	0.2728046353042318	0.3632722505235719
0.18180064730746143	0.0910183080036736	0.09093607824813209	0.27282137501098463	0.36342359142974806
0.1818367595696078	0.09106356203966526	0.09096343777485075	0.27277103258039953	0.36336520803547645
0.18178900875566972	0.09106150953643097	0.09097214925895632	0.27284490024050395	0.3633324322084388
0.1818085502777261	0.09125543455079094	0.09093086601083784	0.2727085935177468	0.3632965556428981
0.18177023498179673	0.09104952478354744	0.09095052525765082	0.27283027342987065	0.3633994415471341
0.1817434855550967	0.09125995523792826	0.09095955851415233	0.2727074038378051	0.3633295968550174
0.18176554348985874	0.09127460178042264	0.09094346915903918	0.2727168920676867	0.3632994935029926
0.181754702159156	0.09120530533498299	0.09093595036711065	0.2728192929903576	0.3632847491483925
0.18176897820666926	0.09105620484331267	0.090960743527361	0.2727890976576445	0.3634249757650124
0.18174096138222628	0.0910256090410202	0.09096629115745357	0.27285261989495047	0.36341451852434925
0.18173105253057995	0.09115143240822957	0.09093873316277792	0.2727239809265894	0.363454800971823
0.18183278323734187	0.09098852781868746	0.09096395597440157	0.2727996889489488	0.36341504402062014
0.1817842541893986	0.09112384507783146	0.09093653189895365	0.27287345394498463	0.36328191488883144
0.18172840088145298	0.09118713945171453	0.09095841482826685	0.27280572066507713	0.3633203241734883
0.18176864542430055	0.09107084282108775	0.0909406136079857	0.27280497238817025	0.3634149257584555
0.18172891279753067	0.09114411835572628	0.09095433535902081	0.2728662249082632	0.36330640857945884
0.18172837413218645	0.09127218548293317	0.09096445690797347	0.27270994374766233	0.36332503972924435
0.1817568441701148	0.09113781881137034	0.09092436703470473	0.2728038434778443	0.3633771265059656
0.1818072580697536	0.09098259579691216	0.0909454507446473	0.2728260947586126	0.36343860063007416
0.1818223598822719	0.09102750808788229	0.09097041320496108	0.2727951507744524	0.3633845680504322
0.18181184181174462	0.09105809051978718	0.09093614214134388	0.2728039427623202	0.36338998276480394
0.1817787542406713	0.09113462815213351	0.09093860752727027	0.272767965537983	0.36338004454194167
0.18181843607888695	0.09101808124431325	0.09095319243083638	0.27288157276266767	0.36332871748329554
0.18179228604120634	0.09115449796554345	0.09093266339852211	0.2727331996795051	0.3633873529152227
0.18174123474034604	0.09117520822007327	0.09093334557555097	0.2728077644160553	0.36334244704797425
0.18176951430707067	0.09113792037034657	0.0909379813845711	0.27287165656721507	0.36328292737079637
0.18179719258869098	0.09101855116642021	0.0909719104504399	0.27279910136166496	0.3634132444327837
0.181755561297048	0.09099531785320493	0.0909616262754455	0.27288960824669184	0.3633978863276095
0.18181196950571363	0.09112135375546077	0.09093689598801302	0.2727754253435395	0.3633543554072729
0.18174255711121384	0.09109106016490308	0.09095329640363484	0.272839515088511	0.3633735712317371
0.18181811846249962	0.09094789875795181	0.09095958928254415	0.2728599667405387	0.3634144267564655
0.181847724467717	0.09115323293844596	0.09095495937991974	0.2726999227822339	0.36334416043168327
0.18181806415697782	0.09099893610400404	0.09096645085694673	0.2728563919053266	0.36336015697674456
0.18183531700926997	0.0909876651295749	0.09095655453408956	0.272857739237813	0.3633627240892524
0.18179488118653336	0.09112574801247139	0.09093894920958301	0.27283657152069957	0.3633038500707124
0.18176007199308403	0.09103248093598487	0.09095429841858857	0.27283645378112537	0.36341669487121697
0.18183968521354	0.091052023412414	0.09097008111486207	0.2728736773989281	0.3632645328602556
0.18182706229777265	0.09101459972417006	0.0909624133273152	0.2727658334493571	0.3634300912013848
0.18183193397523412	0.09094632732816764	0.09092724999986661	0.2728465484445912	0.36344794025214017
0.1817361609955367	0.0912472096002765	0.09093949149496221	0.2727441803102638	0.36333295759896056
0.18178566240277516	0.09118000536084014	0.0909628985172743	0.27280197705325576	0.3632694566658544
0.18182125973358582	0.09119181155902799	0.09092490318992533	0.27275715372989995	0.36330487178756066
0.18182877812381767	0.0910945323019461	0.09096674843776249	0.2728077631077644	0.3633021780287091
0.18183095863406704	0.09111528467978931	0.09093677770768584	0.272818073090241	0.36329890588821667
0.18178131040165213	0.09114136907264717	0.09092552730274714	0.2727211555861796	0.3634306376367738
0.18184620608049867	0.09104578437538358	0.09097115364942508	0.27282578992274087	0.3633110659719516
0.18181854592778496	0.09103278540277807	0.09096865669089407	0.27278140792767847	0.3633986040508642
0.18177315981103437	0.0912452084376657	0.09093007087298072	0.27269930626699135	0.3633522546113277
0.18174290160255493	0.09126541151320025	0.09095046385482575	0.2727071694535911	0.3633340535758278
0.18181198441046817	0.09101139237585046	0.09095972712436393	0.2728229284569851	0.36339396763233217
0.18182856282067938	0.09103413288680814	0.09092455244662645	0.27276848503402995	0.3634442668118559
0.18173752004792687	0.09124664029916385	0.09094016754496655	0.27273758038023477	0.36333809172770776
0.1817813497545352	0.09110439836670128	0.09093216398194533	0.272813951768318	0.3633681361285
0.1817935309432534	0.0911636240893103	0.09096756999305523	0.2727848529178247	0.36329042205655615
0.18183011538526248	0.0910776910122431	0.09093425050835453	0.27273534998915555	0.36342259310498415
0.1818463310818528	0.09102975703362526	0.09094737924130722	0.2727461225319977	0.36343041011121685
0.1818357767646711	0.09111506243162874	0.09095555373532646	0.2727592562985426	0.3633343507698309
0.18180278068393718	0.09101614141716458	0.09093657526372131	0.272880830023315	0.36336367261186175
0.18181675585986098	0.09106027092263498	0.09092438406687077	0.272750723917972	0.3634478652326611
0.18179456740739486	0.09113367895593232	0.09095121935293567	0.27277005676904476	0.3633504775146922
0.1818409749659305	0.09111247443551446	0.09095724798892728	0.2727818001214741	0.36330750248815347
0.18177788973998363	0.09110036818083656	0.09096059340213503	0.2728768069706701	0.36328434170637447
0.1818013357680215	0.09123075286123632	0.09095969500242138	0.27273171155928466	0.3632765048090359
0.18178756366909135	0.09106388606726917	0.09094828987992085	0.2728534243390142	0.3633468360447042
0.18173642512863175	0.09104237427794112	0.09097053741544246	0.2728221841731229	0.36342847900486164
0.1818236183995769	0.09121231268233036	0.09094349620690627	0.272739651922025	0.3632809207891613
0.18179343574210502	0.09120845472573454	0.09096496879147452	0.27270587364455334	0.36332726709613233
0.1817363665120073	0.0911364746130185	0.09096131409279065	0.2727366576868124	0.363429187095371
0.1818413164835007	0.091179703558067	0.09096744164144814	0.27271378570968774	0.3632977526072962
0.18172774923206395	0.09125491983581809	0.09092678600619271	0.2727361486913336	0.3633543962345914
0.18177483022042912	0.09111815713462934	0.09094950902090862	0.2727311119923249	0.36342639163170776
0.18173825254325576	0.09114551522414982	0.09097068238228811	0.27269814650064494	0.3634474033496611
0.18173810031655924	0.0912454850477651	0.09093491995443484	0.2727865656847713	0.3632949289964693
0.1817775557102514	0.09106497436234237	0.0909635387611484	0.2728337792091132	0.3633601519571444
0.1818369679471248	0.09110813709309332	0.09093508899540201	0.2727985181462559	0.3633212878181238
0.18173779934759252	0.0911690575331292	0.0909489784161372	0.2728554525730053	0.3632887121301356
0.18182927480631506	0.09105658009898715	0.09096033024728775	0.27274135306780456	0.3634124617796053
0.1818152020939078	0.09107489219250745	0.0909681916727531	0.27287637837501794	0.3632653356658135
0.18182083953004585	0.09111765080582555	0.09097119772823797	0.27270409612482993	0.3633862158110604
0.18172796577458367	0.09124592445001757	0.0909455197216848	0.27274845552417354	0.3633321345295403
0.18182132079102303	0.09120252731975288	0.09095062911962286	0.27274146568890045	0.36328405708070055
0.18178352472489984	0.09116118615459058	0.09095158002865625	0.27281188330156836	0.36329182579028474
0.18175819024675235	0.091142469062998	0.0909264693983679	0.27282157653246797	0.3633512947594136
0.18175352705568543	0.091116813026293	0.09096617795982438	0.2727788602044158	0.3633846217537813
0.18175332794003254	0.09111485079278284	0.09094307246602856	0.2728220811709477	0.36336666763020814
0.18175655061254864	0.09122346693391811	0.09094352744170407	0.2727156771499729	0.36336077786185605
0.18174844926672057	0.09118452885218539	0.09094991732488361	0.2727043536334765	0.36341275092273373
0.18174814702487357	0.09125325868873961	0.09095705689904239	0.2727263931460315	0.3633151442413127
0.18181760474457087	0.09104650188793462	0.09093205496019374	0.2728683030720822	0.36333553533521834
0.18181097236362426	0.0911095829538888	0.0909461607353323	0.2728163996854398	0.3633168842617146
0.18182917141676058	0.0909635546924091	0.09097216028831351	0.27283864102442956	0.36339647257808705
0.18179516572605844	0.09099644910070737	0.09096037781463026	0.272844571588896	0.36340343576970774
0.1817385805486812	0.09112662549057772	0.09095094093333711	0.27274508785347806	0.3634387651739257
0.18183513447209967	0.09118658486243655	0.09096639633235964	0.27270041225200414	0.36331147208109976
0.18180562698409708	0.0911054170374964	0.09093161330328298	0.2727161442455961	0.3634411984295272
0.18182387233265623	0.09110715565863647	0.09095233293722094	0.27280680020990855	0.36330983886157764
0.18178818288955687	0.09107470206298571	0.09092735164917615	0.2728138141119777	0.3633959492863034
0.18175445910049876	0.09115006940618484	0.09093146134249394	0.2727592615607076	0.3634047485901147
0.18173170458700835	0.09099783588799262	0.09096936374170883	0.2728672432414143	0.36343385254187566
0.18180398671525694	0.0911913116798969	0.09092892315857334	0.2727249143055158	0.3633508641407568
0.18174375851449404	0.09116870035147018	0.09093050810512524	0.27279199926783393	0.36336503376107643
0.18173575704351602	0.09115040202232573	0.09096510679781628	0.27288383638859726	0.3632648977477445
0.18174189071191627	0.09120065256856931	0.09092996061458647	0.272745705319138	0.36338179078578975
0.18173533252887047	0.09113257862274637	0.09094345042924878	0.2727825449673249	0.36340609345180924
0.18175981673995753	0.09112031276082608	0.09096133603952153	0.2727312864836333	0.3634272479760613
0.18174458504589247	0.09104446002536648	0.09092571610097078	0.27287550969692265	0.3634097291308474
0.1818131809639289	0.09115592876926688	0.09096081927160014	0.27274389341430916	0.3633261775808947
0.1817345092659829	0.09127692817636868	0.09094797948079708	0.27271674043345784	0.36332384264339335
0.18177560732132977	0.09103747653546856	0.09096049857221876	0.272871414223381	0.3633550033476016
0.18178054058902732	0.09106938010993242	0.09095343185177261	0.27288616912757174	0.3633104783216957
0.18176034490463455	0.0911471811229445	0.09094337217495126	0.27275353924282075	0.36339556255464867
0.1818101974977221	0.09112576995098487	0.09096341393675692	0.2728032455172717	0.36329737309726423
0.1818085289315804	0.09115008061436639	0.09092737073966345	0.27283018466945386	0.3632838350449358
0.1817430172820307	0.09112997982706532	0.0909426117518352	0.2727881764707255	0.36339621466834304
0.18179821378104613	0.09123099066223334	0.09094712347234585	0.27273335426296463	0.3632903178214098
0.18173234418826895	0.0912434517068778	0.09096531582960715	0.2727184396995108	0.36334044857573505
0.18174612084540315	0.09108409691374392	0.09092880749360907	0.2727931701494386	0.363447804597805
0.1817532695817348	0.09113047669162379	0.0909468356963009	0.27273451092389434	0.363434907106446
0.1817642871952832	0.09098813779754256	0.09093808316090163	0.2728877400269204	0.363421751819352
0.18181811150813035	0.0911543299767908	0.0909307477517208	0.2727343135105156	0.3633624972528423
0.18178751630774348	0.09113664479468504	0.09094380570021636	0.272831859808149	0.36330017338920595
0.18180255534041956	0.09101997578645102	0.09093809958264099	0.27285672320198506	0.3633826460885031
0.1817899928373667	0.0912443126002426	0.09093283752377515	0.27274724683314	0.36328561020547534
0.181840417019892	0.09112883503240335	0.09093908470696455	0.27278804704308446	0.3633036161976554
0.18174133432187037	0.0911754144402357	0.09093584167346568	0.2727027609409026	0.36344464862352543
0.18174536423704288	0.09110224372560985	0.09096457033946956	0.27279597801340294	0.3633918436844745
0.18182123956544438	0.09117202356470847	0.09092542272005819	0.2727604106708097	0.36332090347897905
0.18183745718570596	0.09099761411450756	0.09093749735747056	0.2728125143683573	0.36341491697395845
0.18173795823094527	0.09112122999780317	0.09096013685607868	0.27278765184790627	0.36339302306726645
0.18176803892812074	0.09106328017042241	0.09096666592298178	0.2728712017774207	0.36333081320105415
0.1817418232439892	0.09122130930218578	0.09096119677466366	0.2727859746816225	0.3632896959975386
0.18175243429698382	0.09100903878518066	0.09097020257171934	0.2728788004709992	0.3633895238751168
0.18176240115870607	0.09109267699333831	0.09093443028407958	0.2728537376576181	0.36335675390625777
0.18179998499540675	0.0910422047614007	0.09094423075569967	0.27280843559418144	0.36340514389331124
0.18174610578178482	0.09103482293096404	0.09092544997822852	0.27287858418132255	0.36341503712769985
0.18179045560671567	0.09115538733730136	0.09094417719192105	0.2727676678359587	0.363342312028103
0.18181203158628606	0.09106109710559564	0.09096532925117222	0.272823228047621	0.36333831400932487
0.1817946012345538	0.09098089139135054	0.09096686647995415	0.2728164547002438	0.36344118619389754
0.18182196324937322	0.09122000310019125	0.09095701208253934	0.2727310835442535	0.3632699380236425
0.18179324719924755	0.0912620235118428	0.09095627429592631	0.2727142857406987	0.3632741692522844
0.18180381939616683	0.09114033451385892	0.0909558553231144	0.272767877703154	0.3633321130637056
0.18177094559951562	0.09104684725888973	0.09093042560565304	0.2728075601322056	0.3634442214037358
0.1817368763757855	0.0912355274498892	0.0909516415443443	0.2727003418878796	0.3633756127421012
0.1818113313132339	0.09103555317668988	0.09093437890369586	0.2728635245478092	0.3633552120585709
0.1817453224026221	0.0911178459576325	0.09096111694060614	0.27277262204558816	0.36340309265355086
0.18184062538967422	0.09101745720390732	0.09093422933819342	0.27280411882071376	0.36340356924751105
0.18181122698650715	0.09106931013826705	0.09096735504316156	0.27283297971860887	0.3633191281134552
0.18180488839209216	0.09099965761280933	0.09097039695849696	0.27278766933909765	0.3634373876975037
0.18176663941407484	0.0911860699993711	0.09094485381018325	0.2727158218153837	0.3633866149609869
0.18173881959545274	0.09119343156164994	0.09096234530161953	0.2727861923881911	0.3633192111530865
0.1818068992253764	0.09103215766445769	0.09096880975016358	0.27283317870030577	0.36335895465969636
0.18176306720881263	0.0911383813312941	0.09095433353538829	0.2727710480672758	0.363373169857229
0.18179545110722528	0.09096567563061035	0.09093836396812306	0.2728615934084684	0.36343891588557264
0.18174943483778372	0.0912299694371766	0.0909593257609291	0.27275246321802826	0.36330880674608207
0.18180437043834952	0.09114206901382556	0.09094374016134275	0.27278283560187777	0.3633269847846042
0.181842389583928	0.0910285202481769	0.09096736344437703	0.2728649330746593	0.3632967936488585
0.181812315880582	0.09107576463167967	0.09097220759331276	0.2727859877258628	0.36335372416856254
0.18178720554601152	0.09110930728747335	0.09092467348841948	0.27274614714032197	0.3634326665377735
0.1818051418555288	0.0912269555123481	0.09094060256595435	0.2727088791561834	0.3633184209099851
0.18181307021370796	0.09096934110835905	0.09095042036223683	0.2728607794047353	0.3634063889109606
0.1818232835236374	0.09101903905394527	0.09093609600234069	0.2728897068030901	0.3633318746169863
0.18181391622678514	0.09103958202739658	0.09092463312952355	0.2728534497883874	0.36336841882790716
0.18175998326518455	0.09110176712642729	0.09096296377541754	0.2728734044200532	0.3633018814129172
0.18178877900873436	0.09116414960010877	0.09093797970226211	0.27273355529856547	0.36337553639032905
0.18184114646531924	0.0910246423782109	0.09094166697381689	0.2728509495135868	0.363341594669066
0.18176818567160022	0.09110070737509063	0.09096349928740785	0.2727963900709839	0.3633712175949172
0.18179726923150924	0.09105453369160185	0.09092479471260151	0.2728220160222333	0.3634013863420539
0.1817558811552727	0.09114374675124871	0.09095344805260676	0.2727772940306933	0.36336963001017836
0.1817647791034086	0.09121900283087801	0.09096548573546466	0.2727462443592534	0.3633044879709951
0.1818156281342732	0.09106805510724121	0.09093467372789821	0.2728644236566242	0.36331721937396294
0.181753428517889	0.09110618160660997	0.09093987646224448	0.2728145556888057	0.3633859577244506
0.1817757783216933	0.0910588601010074	0.09096329089412822	0.27280307438498913	0.36339899629818173
0.1817368427207049	0.0911220154757709	0.09094483664710568	0.2727737172410234	0.3634225879153949
0.18173042837647765	0.09128014747767255	0.09093356490242249	0.2727746389297706	0.36328122031365645
0.18182651657863216	0.09114718416217081	0.0909527525419906	0.2727722689130487	0.36330127780415755
0.1817868249874323	0.09105648571275596	0.09095948378724461	0.2728059780445986	0.36339122746796837
0.18183871564729628	0.09097745272823558	0.09096025808423108	0.2728290774652803	0.36339449607495655
0.18180043943342294	0.09110052635576538	0.09097218665113185	0.27276087381529146	0.36336597374438817
0.18179512667084866	0.09120662805367408	0.09093642434436272	0.27269882667014406	0.3633629942609703
0.18173798996378002	0.09100518787266326	0.0909479803814715	0.2728774065271835	0.36343143525490146
0.1818085749710689	0.09101774140448593	0.09095303151413621	0.27282491696583144	0.3633957351444773
0.18181354285022086	0.09109845492786757	0.0909675741330205	0.2728557142262221	0.3632647138626688
0.18181836965551038	0.0911545538324996	0.09096429808255338	0.2727544619122325	0.36330831651720397
0.18183235553224475	0.09101043369359443	0.09093457837771098	0.27282295353312647	0.36339967886332314
0.18180846093216396	0.09096635043914746	0.09092591678063987	0.2728469237450586	0.36345234810299
0.1818280853931398	0.09103432346104656	0.09092441921138303	0.27288086600774264	0.36333230592668775
0.1817334850855939	0.09113165908188045	0.09094114121929045	0.2727485562508608	0.36344515836237423
0.18175172360755237	0.09124611423162055	0.0909355462919506	0.272719506842036	0.3633471090268403
0.181733994604545	0.09119017917234563	0.0909447435820971	0.2728455362754312	0.36328554636558086
0.18178321461916874	0.09105190321290114	0.0909360249453112	0.27284590645011575	0.36338295077250293
0.18178500566423206	0.09119222859917409	0.09096127377727714	0.2727046891374077	0.3633568028219088
0.1817911175061194	0.09105484801544153	0.09093517295703371	0.27278121044066056	0.36343765108074455
0.1818301992659157	0.09105464229110519	0.09096942475481204	0.2728094773755902	0.36333625631257666
0.1818326419636458	0.09106235270202738	0.09095135188410135	0.2728311607658561	0.36332249268436917
0.1818283085063046	0.09109350268437541	0.09094826977493786	0.27277915993896673	0.36335075909541525
0.18178506384332863	0.09106330521510932	0.09094571035523043	0.272759178103558	0.3634467424827734
0.18172745575704577	0.09120710256542462	0.09095679207204065	0.27281008739103646	0.3632985622144522
0.18172758490929375	0.0910697917015589	0.09093227233866691	0.27286378502039804	0.36340656603008215
0.18180505880364833	0.09103586104082458	0.09092771568411515	0.2728556384087199	0.3633757260626918
0.181760009111603	0.09096624269035399	0.09096788012272684	0.27288233843473797	0.363423529640578
0.1817615681050853	0.09120356032852824	0.09097161195295185	0.2727493589220273	0.3633139006914071
0.1818258575089032	0.0910249597502236	0.09094645318614988	0.27280420182852405	0.36339852772619907
0.1818102108549379	0.09121237050751912	0.09093664678769489	0.27270890983106766	0.36333186201878026
0.18179522221535252	0.09108863271531165	0.09094275256234563	0.27284728989611096	0.36332610261087905
0.18175032182969775	0.09122691289789711	0.09097148678579699	0.2727232209449186	0.36332805754168934
0.1817271817784295	0.09102848923387194	0.09096959991078801	0.2728642179207314	0.36341051115617895
0.18183072664612593	0.0910578416280378	0.09095407686267856	0.27272069062345305	0.36343666423970444
0.18174093919876685	0.09113945792117875	0.0909251519510949	0.27284626015718105	0.3633481907717782
0.18184066176463576	0.09105935294162519	0.09097088381943326	0.27282145846980566	0.3633076430044999
0.181730501941978	0.09118425626093994	0.0909342855664149	0.27277543578698654	0.3633755204436804
0.1818066696577753	0.09111135870304754	0.09094932737706923	0.2728132420186976	0.36331940224341003
0.18181035385908323	0.09121348785466424	0.09093136515378841	0.27276526842109333	0.3632795247113706
0.18179262756820538	0.09095620904923664	0.09095071036391514	0.27287111956674026	0.3634293334519024
0.1817335235528296	0.09127451722159019	0.0909309750032774	0.27273371559490334	0.3633272686273993
0.18177085656381237	0.09115421579765691	0.0909551751040117	0.27270433433752905	0.3634154181969898
0.1818022124442635	0.09114889678272253	0.09093439949492263	0.27284286416821707	0.36327162710987404
0.1817566180058523	0.09105710057254025	0.09095878696105723	0.2727924156295787	0.3634350788309713
0.18177777353417574	0.09104552048777764	0.0909407273428845	0.2727890494097034	0.3634469292254585
0.18183477411074833	0.09108962500481285	0.09094154171182481	0.2727136148778547	0.36342044429475906
0.18184222466672895	0.09098165499099771	0.09095994168948411	0.27285068999605955	0.3633654886567294
0.18174921914569167	0.09101590820655793	0.0909570951916982	0.2728688111289153	0.3634089663271367
0.1818052706929904	0.09098121699193029	0.09095073672299282	0.2728292719559308	0.36343350363615545
0.18177091760125658	0.09103201219070614	0.09096645884078172	0.27288910768603786	0.3633415036812175
0.18180482763661387	0.09113960600371794	0.0909360713082693	0.2727825873211134	0.36333690773028526
0.181752325651671	0.09112342077920707	0.09093812553369243	0.27277992382291794	0.36340620421251135
0.1818172815172661	0.0911076806607199	0.09094908618312754	0.272784773453595	0.3633411781852912
0.18177153346442038	0.09111303962757862	0.09095114581385255	0.2728034553967919	0.3633608256973563
0.18181724001377295	0.09104632269020954	0.0909601991757254	0.2727496961492071	0.3634265419710848
0.18178614201804338	0.09104721726524377	0.09096560460639601	0.27288113803166325	0.3633198980786534
0.18172712802051508	0.09124159138187816	0.09094429373464778	0.27280585469584406	0.36328113216711466
0.18182513428732958	0.09106975052233084	0.09096473054196395	0.27285295539268595	0.36328742925568946
0.18184024699339796	0.09102650156168753	0.0909692598741028	0.27275787044853206	0.36340612112227944
0.1817495752384829	0.0912305072290303	0.09094088661064725	0.27275632104999536	0.36332270987184395
0.18184727641192006	0.09103918001416803	0.09092913222372731	0.2727839673971867	0.36340044395299775
0.1818157628188417	0.09109357328734576	0.09093817350647604	0.2728349861028734	0.3633175042844629
0.18175025590457142	0.09116546457933752	0.0909450110931147	0.2727624609550799	0.36337680746789625
0.18176140914426958	0.09120011984262891	0.09093682516551013	0.2727239809322773	0.36337766491531387
0.18180905497749694	0.09101822732775353	0.09092836382619476	0.2728350490337553	0.3634093048347993
0.18184691437678333	0.0909812137185015	0.09093032315326448	0.2728891130066371	0.36335243574481335
0.18176365025011076	0.09121651928137949	0.0909408351911193	0.27279522941930956	0.36328376585808064
0.18181418939069846	0.09104186739995739	0.09094515999345747	0.27281421890662655	0.3633845643092599
0.18173424078948247	0.09113858837814653	0.09092816948784872	0.27276580211486207	0.36343319922966
0.18177414210659215	0.09111123211257674	0.09094954786278928	0.2728162417939192	0.3633488361241224
0.18181138011559578	0.09103230876575358	0.09092492921166682	0.27284346020552186	0.3633879217014618
0.18183982907534063	0.09101666042795947	0.09093473179640123	0.27280357579345393	0.3634052029068445
0.1817621336081336	0.0910731924173115	0.0909633204344734	0.2728279057523684	0.3633734477877129
0.18179374541784565	0.09129522642599953	0.09093409906900057	0.27271246201901705	0.363264467068137
0.18176557267088067	0.09108079548605301	0.09096008425903315	0.2727871369888117	0.3634064105952213
0.18173380685723894	0.09115781508509382	0.09095130285899033	0.27272079924737536	0.3634362759513013
0.18178927256724486	0.09103968110787725	0.09094919600442414	0.2728738629670957	0.3633479873533578
0.18174484356824824	0.09118687462661415	0.09094949609901126	0.27280387308962684	0.3633149126164993
0.18177563904778116	0.09098404745768311	0.09095539954448535	0.27285722653628497	0.3634276874137652
0.18182224266753633	0.09115059737242587	0.09092443262765437	0.2727692796487696	0.3633334476836136
0.18173607241690948	0.0911176311955986	0.09096173397211728	0.2728462945361063	0.3633382678792681
0.18173629412225673	0.09107526545094248	0.09095425790675628	0.2728245386359501	0.3634096438840943
0.1818018897521656	0.09125033792784527	0.09094246148030012	0.27271734228779493	0.36328796855189394
0.1817890839589376	0.09114946758026954	0.0909666494995059	0.2728069046960115	0.3632878942652753
0.18173990062609766	0.09121332975774835	0.09096145690602925	0.27271987555289284	0.3633654371572317
0.18178083325339947	0.09109234833278981	0.09095240543812406	0.2728199617500181	0.36335445122566834
0.18183931492640287	0.09112837313020762	0.09094950519514544	0.2727771366462569	0.36330567010198694
0.1817527861003588	0.09115949340241258	0.09092938583740848	0.27281550896117057	0.3633428256986493
0.1817733985526194	0.09107830615034489	0.09096434064841148	0.27284016693050034	0.3633437877181237
0.1818312644111234	0.09124950612886679	0.09092660546071757	0.2727031560410745	0.36328946795821754
0.18178637907915204	0.09116822871730482	0.09093745625731617	0.2727949911881121	0.3633129447581147
0.1818351840330977	0.09098921420974236	0.09096655476090909	0.2727600579093171	0.3634489890869335
0.18181314933686854	0.09120481286845052	0.09094790611514296	0.27271205685392197	0.36332207482561585
0.18178420267761758	0.0911826144272603	0.09092869138109484	0.2728229343866784	0.36328155712734866
0.1817518869449691	0.09111438858311338	0.09093303485334672	0.27286526890444024	0.36333542071413033
0.18178120637672146	0.0911857101198557	0.09093377638977745	0.2728303862212802	0.36326892089236495
0.18183581376519767	0.09106878044582867	0.09094957151054459	0.2727723893335627	0.36337344494486623
0.18183260942860952	0.09114643743828477	0.0909346085766313	0.27275212448153896	0.3633342200749352
0.18182527610734578	0.09098404852019736	0.09096381328078652	0.27281294471508605	0.3634139173765841
0.18179497031750555	0.09104982068953386	0.09094767375646201	0.272765930611199	0.3634416046252993
0.18174975403240562	0.09128377074723724	0.09094899672117612	0.27271354978927764	0.36330392870990313
0.18184201334738123	0.09120677581216259	0.09095785819925653	0.27272680479995126	0.3632665478412482
0.18176640870738325	0.09124930089961569	0.0909302607894626	0.27274329359059996	0.36331073601293823
0.18180048894557665	0.09110411584178678	0.09096106498789118	0.2727483995355867	0.3633859306891585
0.1818099375380589	0.09117801240598757	0.09092762271540762	0.27280850478278573	0.36327592255776
0.18174190087325132	0.09109810183582319	0.09092763153034264	0.2727847058320477	0.3634476599285349
0.1817411984982756	0.09124037234027031	0.09096079863957225	0.2727143246535866	0.363343305868295
0.1818355228369542	0.09116617975523984	0.09093002357058798	0.27279531941858237	0.36327295441863544
0.1818084126758806	0.09099898754506368	0.0909581587099622	0.2728229904527649	0.3634114506163284
0.18175759986170217	0.0910620021021159	0.09095331963737015	0.27277066325892096	0.36345641513989063
0.18176934837174916	0.09114321615187897	0.0909274809932157	0.27274337392306236	0.36341658056009357
0.18178001197974367	0.0910588422509335	0.09095817183129326	0.2727818548365108	0.3634211191015186
0.18175462700003522	0.09100192823303396	0.09093728986440283	0.27285632658930714	0.36344982831322065
0.1817749559848262	0.09127310173031494	0.09092922471182513	0.2727116184996695	0.363311099073364
0.18173704559641932	0.09104985666976642	0.09096926465394947	0.27282843954860003	0.3634153935312645
0.1817428100946163	0.09108684440675113	0.0909307907180561	0.2728643550668747	0.3633751997137016
0.18183588677281975	0.0909959868214117	0.09097192087008629	0.27284403834998106	0.36335216718570096
0.18184108758705972	0.0909887549851865	0.09093571142518175	0.27281160125682036	0.3634228447457514
0.18177206277637845	0.0910502480088991	0.09092581298887835	0.2728649658497248	0.3633869103761191
0.18173940496900295	0.09118231045879316	0.09092495396372322	0.27276917144216484	0.36338415916631567
0.18179115185917047	0.09124224274269435	0.09092747604623147	0.27275893404614876	0.3632801953057547
0.18179082358116985	0.09101719143344239	0.09094479309596168	0.27288370154372316	0.36336349034570276
0.18181308564065968	0.09108155580583024	0.09096805329791303	0.27275790106760134	0.3633794041879956
0.1818269515987873	0.09113078237813675	0.09092652694309614	0.2728151903409854	0.3633005487389942
0.18178956062967597	0.09112287835935036	0.09093753313523248	0.27270635619055444	0.36344367168518654
0.1817849099847566	0.09108881199863227	0.09096562277399643	0.2727298534326519	0.36343080180996257
0.1817728000476842	0.09120565960736546	0.09093701344508921	0.2727547188484033	0.36332980805145765
0.18179086449407703	0.09101077295413498	0.09095266596720317	0.27280030584952997	0.3634453907350546
0.18183583979400872	0.09102416593551035	0.09096496395080293	0.2727610053110602	0.36341402500861764
0.18180522058734322	0.091265503780389	0.09095172537383597	0.2727046949590585	0.36327285529937303
0.18177496558805464	0.09113269160933236	0.09092972487423008	0.2728649883480834	0.3632976295802993
0.18183451101223735	0.0911852742305606	0.09095830388511637	0.2727506225490432	0.3632712883230423
0.18182167697707516	0.09115895459939333	0.09097200968634449	0.2727719326013568	0.36327542613582997
0.1818115872608297	0.09108091528767133	0.0909303025178505	0.27275783109852364	0.36341936383512463
0.18180692048973376	0.0909986222098781	0.09096333224755186	0.2728670138599926	0.36336411119284345
0.181784824300554	0.09107297646439201	0.09094068504408569	0.2728825898130844	0.3633189243778837
0.18184443620462618	0.09113466073245749	0.09092635410628486	0.27271995183141445	0.3633745971252168
0.18179873663149093	0.09106801201983832	0.09095646224495331	0.2728014677247447	0.36337532137897255
0.18177329925935454	0.09110391758831252	0.0909428182971309	0.2727772915657186	0.36340267328948317
0.1817346572312199	0.0910816091584768	0.09094958968365321	0.2728114508649526	0.3634226930616973
0.1817463266257265	0.09107338215317644	0.09094142290287237	0.27285167811260985	0.3633871902056146
0.18180235776789416	0.09110850685838134	0.09096063846577315	0.2728608264550095	0.36326767045294167
0.1817474474183066	0.09125525542655323	0.09093532624190341	0.2727239658215783	0.36333800509165826
0.18176702417496438	0.09098313429096214	0.0909308729237355	0.2728640182979054	0.3634549503124324
0.181786656509721	0.09102689668391917	0.09096854768414087	0.2727721657077044	0.36344573341451436
0.18184459634437478	0.09103111380204881	0.09094405047586618	0.2728279071958636	0.3633523321818465
0.18176923522027227	0.09095975318428363	0.09095823542030443	0.2728873482942371	0.3634254278809024
0.18174974978481448	0.09117454346016993	0.09092823127804392	0.27284034234385546	0.3633071331331159
0.18182483157705667	0.09109624131235354	0.09094499426220927	0.2727155985364851	0.3634183343118952
0.1817455604499152	0.09122673151309135	0.09093170473504325	0.2727027113254684	0.3633932919764815
0.1817722893106179	0.09124289036662667	0.09094531419712468	0.27270988979323785	0.3633296163323927
0.18179995294340842	0.09115053088661984	0.09096497756876966	0.27274572176562395	0.36333881683557795
0.1817532124535524	0.09114258664624816	0.09094853680764543	0.27270766986738515	0.3634479942251686
0.1817813445488328	0.09118803906455974	0.09093282364290164	0.27281860343197906	0.36327918931172654
0.18183792153166684	0.09095181843738415	0.09093538230088472	0.27284804070410595	0.3634268370259582
0.18182970928908526	0.09097849077757296	0.0909397764828492	0.27282549596579087	0.3634265274847015
0.18173225203471455	0.09129676338537521	0.09092668884850211	0.27269878274645826	0.36334551298494966
0.18174473201230645	0.09125099971459799	0.09093579961205986	0.27279891017643226	0.3632695584846032
0.18183655368172336	0.09095646598122063	0.09092796280828792	0.2728548540803175	0.36342416344845035
0.18184343984082052	0.09105415034521294	0.09094222483864059	0.2727423593273363	0.3634178256479894
0.18173487301393226	0.09109365418177338	0.09097225157534708	0.27275615003637244	0.3634430711925746
0.1818201903432788	0.09116714056471255	0.09096090752964751	0.27275335663917466	0.36329840492318627
0.18176091614591353	0.09119956630670843	0.09093505863750247	0.2727469086128496	0.36335755029702577
0.1817902819247315	0.09111172391081274	0.09093788339537626	0.2728198579007771	0.3633402528683022
0.18183536134588232	0.09099161371730535	0.09096932515342865	0.2727890149637664	0.36341468481961703
0.18175747373629209	0.09099244593421409	0.0909384651558185	0.2728861506903321	0.363425464483343
0.18179281653396878	0.09116868443248541	0.09095565269367333	0.27277355543256043	0.3633092909073119
0.1818232158456733	0.09115184382553775	0.09092895657607053	0.2727859119342283	0.3633100718184899
0.18179156166768456	0.0910461918195268	0.09097215787225102	0.2728823554535055	0.3633077331870319
0.18173698517380665	0.09123440943499239	0.0909292058742037	0.27273057306416404	0.36336882645283297
0.18184242432865322	0.09120827837831481	0.0909439084090722	0.2727411305969948	0.36326425828696485
0.1818397751310898	0.09110573646622314	0.09096100107957596	0.2727157397535488	0.3633777475695621
0.18174111596600412	0.09127774229061358	0.0909286340302222	0.2727894020327758	0.3632631056803841
0.1818332912700606	0.09112755930768862	0.09093922031564047	0.27276284811918583	0.36333708098742423
0.18184288770679957	0.09104656165239404	0.09092501463180744	0.2727384388502827	0.36344709715871604
0.18173403910548885	0.09130202155773864	0.09094124864109897	0.2727489100090431	0.3632737806866302
0.18183919316700226	0.09095829883413513	0.09096026800943191	0.2728813767154221	0.3633608632740084
0.1818133420515268	0.09106583971056872	0.09096828802495724	0.27276499117524133	0.3633875390377057
0.181806299853082	0.0911622942364463	0.0909315451071181	0.27279095483471927	0.3633089059686341
0.1818416165889826	0.09103452720778984	0.0909358757533211	0.2728168408648415	0.36337113958506473
0.18175093373827483	0.09111240294170872	0.09095755510401904	0.2728104307528353	0.3633686774631618
0.18174913256613082	0.0912183857732316	0.09094988549225512	0.27280033694693334	0.36328225922144886
0.18178846145083485	0.0911184358462385	0.09094669338143198	0.27275122413459213	0.3633951851869024
0.1817294087214109	0.09106479221650841	0.09096039877932525	0.2727893712358822	0.3634560290468729
0.18179320700883367	0.09110600132842801	0.0909617633030274	0.2728131650464696	0.3633258633132411
0.18179185897797784	0.09094649941352594	0.0909652564535809	0.2728755497316751	0.36342083542324
0.1817930647247048	0.09105518664803436	0.09096010727595577	0.27285933847206206	0.3633323028792428
0.18183330718499677	0.09122938818409677	0.09093480060771411	0.27271567534582497	0.36328682867736717
0.1818140548218387	0.09115327539069704	0.09095240510393834	0.27270702314102924	0.36337324154249645
0.18176296578137385	0.09112702664071054	0.09095407876060396	0.2727934986338545	0.36336243018345693
0.18175103285594058	0.09122287913839323	0.09096087432832761	0.2727168076172269	0.3633484060601115
0.1817800029325017	0.0911142372413945	0.09094785110549897	0.27271284347666386	0.3634450652439407
0.18179265389827032	0.09120945533995144	0.09092785542630272	0.2727962729608829	0.36327376237459247
0.18176521170058493	0.09112734619151862	0.09094576446342158	0.27276146151236025	0.3634002161321144
0.18178946809154164	0.09102972873203971	0.0909649086248	0.27287478338500537	0.36334111116661305
0.1817440117832607	0.09108889986094379	0.0909375251796995	0.27285167241336683	0.363377890762729
0.18179890193346088	0.09106790430590635	0.09095157945428248	0.2727727908898788	0.3634088234164713
0.18173257796874948	0.09107966193605398	0.09095458802926792	0.2728583221206028	0.3633748499453256
0.1818417823170236	0.09112126319362374	0.09096073069147359	0.272782639701561	0.36329358409631785
0.18179761418108606	0.09115078271269988	0.0909619633082428	0.27274442068700677	0.3633452191109643
0.18183605092918614	0.09111573462379258	0.09095059893926519	0.27271125867547136	0.3633863568322845
0.18177892893651448	0.09105702841449233	0.09095177844981801	0.2728349793583941	0.36337728484078086
0.18183035752893875	0.09110398429196356	0.09094378961150848	0.2727811807096704	0.3633406878579186
0.18176688668374907	0.09104592167825865	0.09097259397505365	0.2728254258351026	0.3633891718278358
0.1818215563196335	0.09098378185239508	0.09094308066869186	0.2728857011232816	0.3633658800359978
0.18183173500446592	0.09099577584745358	0.0909623180970613	0.2727566440383732	0.3634535270126458
0.18181687533096025	0.09102710788894586	0.09096354998667847	0.27279947417979356	0.3633929926136217
0.18172880818837428	0.09112310413536986	0.09094584588163183	0.27275208242713017	0.3634501593674936
0.18179315160508355	0.09123997080022504	0.09094847171271256	0.27273128695592347	0.36328711892605514
0.18184785906457043	0.09115868176162362	0.09093432050116051	0.27272982062700546	0.3633293180456397
0.18173037721510732	0.09100053183237852	0.09096050563521649	0.2728829291718054	0.36342565614549205
0.18181038830410923	0.09107589816120099	0.09096480729287565	0.2728625170410347	0.36328638920077927
0.18183862045621843	0.09102800683166244	0.09093962682706828	0.27277591092835585	0.36341783495669483
0.18177410493562024	0.09107644861402164	0.09094976591718308	0.27275589832537794	0.36344378220779694
0.18179065408031547	0.09106674496810893	0.09096025813286324	0.27273849099437614	0.36344385182433603
0.18176660233391884	0.09114976262893895	0.09095258869746811	0.27280262198814054	0.36332842435153334
0.18177801191053614	0.09109793775317615	0.09095594489997054	0.27280411101607566	0.36336399442024125
0.18177453892988626	0.09110010941429789	0.09093738014565925	0.27283198768374706	0.36335598382640927
0.1817710282800915	0.09121086649395849	0.09093040152447159	0.2727664236626366	0.3633212800388416
0.1818209599261777	0.09098494190486353	0.09096451868984301	0.2728724181112451	0.36335716136787044
0.1818355164186349	0.0909468816357034	0.09095161386413202	0.2728252557315024	0.36344073235002705
0.18180349842033777	0.09096851212955384	0.09095896105421104	0.27284490436775766	0.3634241240281395
0.18183418682113361	0.09112211872958001	0.0909470196374634	0.2727229898232942	0.36337368498852857
0.1818194418469307	0.0910219740718066	0.09096201395467844	0.2727894998462339	0.36340707028035013
0.18179514033933036	0.09102343290327483	0.09095254368640156	0.272814621353163	0.36341426171783003
0.1817890773330494	0.09111077727432526	0.09093509793471219	0.27286539414400834	0.36329965331390457
0.1817690736368456	0.09106411020896721	0.09094779096240374	0.2728791676168064	0.36333985757497683
0.18183137729326782	0.09115030031173008	0.09097159871877152	0.2727747826458598	0.3632719410303705
0.1817362932704974	0.09104139221355678	0.09093371298111452	0.2728841809533196	0.36340442058151146
0.18174592145866583	0.09128393910371085	0.09093408392612617	0.272726152193086	0.3633099033184109
0.18172692053575418	0.09117427311221171	0.0909496345458001	0.2728529526616915	0.36329621914454235
0.1818101516941942	0.0910419988814562	0.09095016654298195	0.2727508251190607	0.3634468577623067
0.18175720176835994	0.09117192205702364	0.09096279608543946	0.27280231572639635	0.36330576436278045
0.18174106698920547	0.09125321860957722	0.09095070807677963	0.2727655046428177	0.3632895016816198
0.18175321081204487	0.09125231295477824	0.09094723701752978	0.27270157380828103	0.36334566540736585
0.18174717188528777	0.0912517060385421	0.09092571941018504	0.2727878384649874	0.3632875642009975
0.18181656664640408	0.09108628882398313	0.09096031743019903	0.2728371466066656	0.3632996804927479
0.1817992301280312	0.09096701723637293	0.09096365131873106	0.2728271602882495	0.36344294102861513
0.18180875286656625	0.09110213146205108	0.09094200722145285	0.2728206764281392	0.3633264320217904
0.18183438938384056	0.0909990213068229	0.0909259422012335	0.27287206576803164	0.3633685813400712
0.1817921263399131	0.09115488385803072	0.09095105471900387	0.27277810571554734	0.3633238293675048
0.1818023657194256	0.09124136619426107	0.09095518047880456	0.2727314690566943	0.3632696185508142
0.18177099150605014	0.09107352212612813	0.09096841118090201	0.2728167974520487	0.36337027773487085
0.18183701956951523	0.09110533013512793	0.09095543701833142	0.2727032586733441	0.3633989546036811
0.18175717479509107	0.09099841026693062	0.09096656406528751	0.2728820881657788	0.36339576270691176
0.18176303603893557	0.09112540489187078	0.09093217218568951	0.2728750656476245	0.3633043212358794
0.18183563130363245	0.09112149001067124	0.09093734493929098	0.27277870928381465	0.36332682446259046
0.18176682230154692	0.09108092729192543	0.09096686490468395	0.2727775785562082	0.36340780694563524
0.1817903535051905	0.09113964986492479	0.09093416250427096	0.27272464222336557	0.36341119190224797
0.18173606611531917	0.09113403794529049	0.09097213466454171	0.272784223031773	0.3633735382430754
0.1818124210758046	0.09111209896566458	0.09093149829175984	0.2728251470625367	0.36331883460423403
0.18181157459271288	0.09106836752901853	0.09096924364382689	0.2727974609094057	0.3633533533250357
0.18175775876536363	0.09113211794577063	0.09094208291465812	0.27276709824325707	0.36340094213095037
0.18178523572183222	0.09110602166925869	0.09094816818176721	0.2727616622512049	0.3633989121759368
0.18180756847746696	0.09116664737632965	0.09093434292900404	0.27272609887503974	0.36336534234215934
0.18184625189697828	0.09110825553058707	0.09096102574788731	0.2727542027792894	0.3633302640452577
0.1817813171262426	0.09107024826213696	0.09095252707621565	0.27286497176852903	0.36333093576687553
0.18174027224421296	0.09105246552548706	0.09095814487307205	0.27280720163471617	0.3634419157225115
0.18176218508276842	0.09106983166858018	0.09093081757166968	0.2728294757166461	0.3634076899603354
0.1817978984376666	0.0909707366162788	0.09096615277279385	0.2728808331730547	0.36338437900020576
0.18181663625978267	0.09118296318602248	0.09094106891747242	0.27272230505777617	0.36333702657894607
0.18174525787775267	0.09115123928157287	0.09097242724436508	0.2727664315640905	0.3633646440322187
0.18181972300437338	0.09110636562622702	0.09096112542450613	0.272759867075717	0.3633529188691763
0.18181032637857933	0.09108175016108978	0.09094088675920552	0.272812558170278	0.3633544785308471
0.18178087260203854	0.09111182254519799	0.0909542739414996	0.27283639458677905	0.36331663632448463
0.18178941418904168	0.09115320910396311	0.09095308191718729	0.27275337521588133	0.3633509195739264
0.1817656912144507	0.09120882286594353	0.09095888776021459	0.2727305214490992	0.3633360767102918
0.18175698907695736	0.09104481222160672	0.090946310332386	0.2728034219638397	0.36344846640521
0.18175879447059903	0.09102834541260013	0.09095449080558857	0.27286965525541274	0.3633887140557993
0.1818228621719754	0.0911917475912273	0.09095923341267126	0.27273843113032037	0.3632877256938054
0.18176946398153487	0.09113708803874931	0.09096125068364748	0.2727491857737922	0.3633830115222759
0.18180570085834463	0.09123634248691702	0.09093909977950172	0.2727279312116512	0.36329092566358523
0.18176330781218036	0.09116605971621829	0.09093194956706535	0.2727342989428636	0.3634043839616722
0.18181865353095605	0.09109538735723434	0.09096812284977014	0.27271612395681727	0.36340171230522195
0.1818080628383446	0.09114805577544295	0.09096181505510922	0.2728200635526469	0.3632620027784561
0.18176376980090075	0.0910878424144823	0.09094977075848602	0.2727968482774543	0.36340176874867636
0.1817739402318572	0.09099314830906424	0.0909614637819876	0.27288059707273904	0.3633908506043517
0.18176727892967398	0.09117908534399152	0.09096541293357945	0.27274226401428536	0.3633459587784695
0.1817458475510153	0.09117317601002135	0.09097019196778199	0.2727880820898847	0.3633227023812964
0.1818169560757625	0.09101846485383853	0.09096938081344283	0.2727640270782096	0.36343117117874624
0.1818275777802953	0.09109919646695767	0.09094523207553863	0.2728225799461186	0.3633054137310896
0.18184433732510524	0.09110962299844996	0.0909676333254786	0.27270634993153303	0.363372056419433
0.181830291028421	0.09116089107614825	0.09092646601209073	0.27277882364319495	0.3633035282401449
0.18183815065112735	0.0911906797064198	0.09094592065580248	0.27275164137137914	0.36327360761527105
0.1818225330411191	0.09112811888411748	0.09092471907408053	0.27270386288762394	0.36342076611305874
0.18182319617306644	0.09111756768373337	0.09093562781131591	0.27279394836562537	0.36332965996625866
0.18181784174318916	0.09106645088991401	0.09097256948865975	0.27287059237353556	0.36327254550470134
0.18175059408315844	0.09121175660675351	0.09095435077713115	0.2727087254927725	0.3633745730401842
0.18176639711206616	0.0909628759846745	0.09095488458588033	0.2728694751988859	0.363446367118493
0.18183082689673435	0.09113049452383712	0.09093301512916788	0.27276994252875403	0.3633357209215064
0.18176244017254092	0.09117675322415134	0.0909569975937618	0.27281462219307967	0.36328918681646605
0.18178531222374686	0.0911938499772181	0.09095922041435558	0.2727687505188463	0.36329286686583295
0.18183677797541184	0.09109800907195874	0.09097110035972454	0.2727895122430596	0.3633046003498451
0.18173453708051027	0.09118211883553792	0.09097235420547808	0.2728005482986706	0.3633104415798029
0.1817581480246293	0.09117521301642756	0.09093420837824558	0.2727244188989703	0.3634080116817271
0.1817933169315719	0.09096205439177077	0.09094137788831741	0.27285441887812045	0.36344883191021926
0.18179487300915212	0.09122708983132513	0.09092517031675254	0.27271271143358994	0.36334015540918
0.18180861914745675	0.0909792151820041	0.09096158139980738	0.27282009429397425	0.3634304899767573
0.18182406579086727	0.09095173721327687	0.0909489591897471	0.27283300093856055	0.36344223686754795
0.1817526082652528	0.09121350590317603	0.09093073638834817	0.2727824959087056	0.36332065353451715
0.18179834215986584	0.09119126550489097	0.09094162759066554	0.27271417578369483	0.36335458896088263
0.1817731560229675	0.09099489719853057	0.09096274520768124	0.2728129930776052	0.36345620849321525
0.18177523181850053	0.09108357561327553	0.09094613399007409	0.2728283110025997	0.36336674757554993
0.18179492583757714	0.09107159421521265	0.09093655240695507	0.2727820838141291	0.36341484372612587
0.181842973720668	0.0911032367461232	0.09096112022668731	0.2727478639672128	0.3633448053393085
0.1817484864473342	0.09116735988230287	0.09095574919985652	0.272720561948597	0.36340784252190916
0.1817454064852619	0.0911220802417584	0.09092906254102275	0.2728373794818518	0.3633660712501049
0.18175106348618558	0.09114038505905595	0.09097000679377232	0.2727236683489479	0.36341487631203806
0.18175581322917525	0.09115715149930283	0.09093515933262263	0.2727374751996777	0.3634144007392214
0.18176370369180556	0.0912136088338351	0.0909244314519642	0.2728134760038283	0.36328478001856657
0.18176889763856063	0.09110357890045159	0.0909505002416255	0.27273297284081066	0.36344405037855143
0.18180913936996362	0.09114829175036737	0.09092784043002966	0.27283467618234625	0.3632800522672929
0.18179332918193342	0.09107024080436894	0.09093647846660805	0.27276939262345895	0.36343055892363046
0.18173907766416697	0.09118666824402197	0.09092526780263852	0.2727629085322376	0.36338607775693466
0.1817555542853513	0.0910751172047578	0.0909495769196286	0.27281400033721076	0.3634057512530513
0.18179364487616806	0.09109053757870031	0.09096643127964532	0.27276575407425113	0.36338363219123493
0.18182708059937872	0.09110877451285028	0.09093419717241641	0.2727732781537812	0.3633566695615732
0.18179210516931374	0.09126053818813477	0.09092859842927134	0.27274525959774093	0.363273498615539
0.18175111821029646	0.09112770566470813	0.09093070124309298	0.2727903569867851	0.36340011789511706
0.18177575338194787	0.09105601367320124	0.09096050792232549	0.272788763289448	0.3634189617330772
0.18172795937607786	0.0911480731659279	0.09092857307905733	0.27288886515328803	0.36330652922564866
0.1817787898586406	0.09126703606753489	0.09095998809148113	0.27270866347967293	0.3632855225026702
0.18178736990989655	0.09115114970880436	0.090928347925774	0.2728593036272878	0.3632738288282371
0.18176327033632175	0.09120065106672573	0.09093007775402474	0.27272246245945303	0.36338353838347454
0.18173813325165566	0.09113714282776655	0.09093540558054097	0.2727687252964681	0.36342059304356844
0.18175182904488668	0.09120289893273224	0.09095759843264713	0.2728009065214775	0.36328676706825624
0.18183741080232482	0.09107962337399808	0.09095756493279518	0.2728594106882102	0.36326599020267153
0.18178890122686178	0.09102130686592033	0.09095614097463386	0.27286710780434803	0.3633665431282358
0.18179538282791236	0.0910934633618597	0.09094010072621543	0.2728506083774405	0.36332044470657177
0.1818021009402088	0.09102250176335568	0.09094924009397419	0.27282316663206135	0.36340299057039976
0.18183879768163025	0.0910843084089839	0.09094324273667742	0.27271636930142823	0.36341728187128
0.1818201486738997	0.09105672462578195	0.09096329181794421	0.27277253426851233	0.3633873006138616
0.18181346883227775	0.09120468296132397	0.09093562326671975	0.2727357919755766	0.36331043296410165
0.18178337751290716	0.09105412960317201	0.09092980493040498	0.27286668825573884	0.3633659996977768
0.18182856384689655	0.0910913689741231	0.09095369654021403	0.27270731180081365	0.36341905883795245
0.181734317562044	0.09112792275304867	0.09092854292741895	0.2728498395551868	0.3633593772023014
0.18178863385701524	0.09127871185960473	0.0909279930890841	0.2727116166857849	0.36329304450851085
0.18173068078003926	0.09120716814769811	0.09096110141928981	0.27277168363491977	0.3633293660180528
0.18174057109126196	0.09128537733905732	0.0909273398572996	0.2727582554009696	0.36328845631141127
0.18182676822741473	0.09125545948575112	0.09094128470253923	0.27270485075681183	0.3632716368274829
0.18180250264312459	0.09122302762429282	0.09095370716169528	0.2727090850556842	0.363311677515203
0.18176699414607525	0.09118083957785036	0.09095971147988609	0.2728187974050338	0.36327365739115436
0.18181887183405335	0.09116566739613473	0.09093382896090631	0.27278610529934033	0.3632955265095651
0.18183688320376112	0.09098661667790324	0.0909544996884537	0.27280259413322383	0.3634194062966579
0.18175504046484844	0.09114258971099093	0.09097124305648617	0.27273910908862997	0.3633920176790443
0.18177656274893392	0.0911337046137661	0.09096082983488199	0.2728528858616105	0.36327601694080724
0.18172659230624963	0.09106292410670627	0.09094165146357966	0.2728333405833162	0.363435491540148
0.18174381619171256	0.0910380203190624	0.09096157614098722	0.2728604261326954	0.3633961612155422
0.18180756306616613	0.09120319589611066	0.09092921541261635	0.27273089085917707	0.3633291347659296
0.1817977642179521	0.09116583128956857	0.09094811264802719	0.27271614200457084	0.3633721498398811
0.18179278535131688	0.09105625762073685	0.09095602295620175	0.2728216719630976	0.36337326210864673
0.1818009899194622	0.09113108943798942	0.09093936030886392	0.27285109311000233	0.3632774672236819
0.1817640051980659	0.0909954644521328	0.0909648019641341	0.2728393904734998	0.3634363379121671
0.181802273773991	0.09099124269417855	0.09094914776613718	0.27281388869865186	0.36344344706704124
0.18178401228702984	0.09119744719400733	0.09096199452266504	0.27271265795739663	0.36334388803890094
0.18174363669684446	0.09105556925420469	0.0909385734973423	0.27288387809230175	0.3633783424593066
0.1818057551623058	0.09096347116022754	0.09095831366105114	0.27283960392922146	0.3634328560871939
0.18178782866510987	0.0911135333528511	0.09096456390680019	0.27273315460445036	0.36340091947078823
0.18176776729398442	0.09121368347396483	0.09094820355066113	0.27275258928846086	0.36331775639292857
0.18184172459474202	0.09118715804152482	0.09095814425210898	0.2727249277508163	0.3632880453608076
0.18177537047961168	0.09117025284685765	0.09096589196935065	0.27273149900330484	0.36335698570087493
0.1817662789199588	0.09128559302338334	0.09096066395509196	0.2727075715754853	0.3632798925260804
0.18176316718857807	0.09128253322848204	0.09096908307076063	0.272719613899566	0.36326560261261304
0.18172763163434816	0.09109248247730285	0.09094083274747762	0.2728277860258167	0.36341126711505445
0.18181970839981992	0.0911354125003732	0.09094350854360006	0.27283880298056007	0.36326256757564657
0.18176103155196663	0.09114080068806886	0.09095097865500804	0.2727537730643312	0.3633934160406251
0.18176617566962355	0.09114838815101561	0.09096608500375415	0.27285396480514185	0.3632653863704647
0.18178838886699886	0.0910977239539881	0.09093105872701379	0.2727536937375301	0.3634291347144689
0.1818227470461694	0.09119283647159195	0.09092715151069829	0.27278774860445476	0.3632695163670854
0.1817765854374359	0.09104771195479884	0.09094427729848195	0.2728792517615962	0.36335217354768684
0.18177452646168515	0.09104355386528805	0.09094078798095827	0.2728757167802518	0.3633654149118165
0.18180180817563002	0.09105876258483388	0.09093739713354818	0.2727490944454716	0.36345293766051606
0.18177971188409062	0.09111997661725106	0.09096833619263427	0.2728125263670236	0.36331944893900026
0.18178122840019567	0.09125903963042355	0.09095841183917788	0.2727354093149045	0.36326591081529824
0.18174330625781127	0.09123267084041227	0.09095972128310427	0.2727008515526108	0.3633634500660612
0.18179288963712598	0.09115347323514175	0.09096102623189495	0.27277596829846074	0.3633166425973764
0.18176196616963441	0.09108166735076995	0.09096369917212555	0.27287164162681676	0.3633210256806531
0.18179547585368167	0.09108195921517337	0.09095028512598669	0.27286299376893786	0.3633092860362202
0.18172918944061142	0.09114995826085409	0.09092721694160555	0.2728346145084978	0.36335902084843097
0.18177553235213548	0.09102329671878656	0.09097186592979468	0.2728712932516002	0.36335801174768284
0.1817463558848001	0.09122341909422955	0.09095509693566634	0.2727351354694927	0.3633399926158111
0.18177082672179315	0.09113761576982064	0.09093223957282191	0.27276271823906023	0.36339659969650384
0.1818075778568667	0.09108401713120051	0.09096150649449762	0.2728626271956182	0.36328427132181673
0.18181511517795537	0.09112509265151195	0.09094220670834106	0.27269823353071243	0.363419351931479
0.18182880815087035	0.09105873827692815	0.09095797560737931	0.2727135919209396	0.36344088604388236
0.1818472498185166	0.09109698939413516	0.09094036372932346	0.2727673560785188	0.36334804097950574
0.1817812186947655	0.09118101575795218	0.09097243661790652	0.27275000012327333	0.36331532880610223
0.1818265726977306	0.09099061875462469	0.09096340000936928	0.27281389761726815	0.36340551092100704
0.18174336868739913	0.09119330254444706	0.09096599947226286	0.27276396625930077	0.3633333630365899
0.18183776499311996	0.09099457215520887	0.09094504392463809	0.27288796964444134	0.36333464928259157
0.1818385889187349	0.09117198752882633	0.09093552554476914	0.2727659901755396	0.36328790783212983
0.18175824205001356	0.09111174181757076	0.09097026189667688	0.2727485082201656	0.36341124601557295
0.18178971147055806	0.09121413346173696	0.09096358295101052	0.2727456649674428	0.3632869071492515
0.18175288893148114	0.09123453484216391	0.09094690977826649	0.2727139281473186	0.36335173830076967
0.18181143581150136	0.09123500672900832	0.09094843204474189	0.27271603721993387	0.3632890881948143
0.1818173654935584	0.09120112985689982	0.09094497830323515	0.2726993754075317	0.3633371509387747
0.18181273847108	0.09100033292735532	0.09094374794717396	0.27287232453208016	0.36337085612231035
0.1817609132825027	0.09105027366547638	0.09097105864344615	0.27286178546398665	0.3633559689445879
0.181804519155579	0.09116176246846694	0.09095282729711023	0.2727635304198057	0.36331736065903786
0.18176790727023018	0.09126361725585307	0.09093715319563153	0.27269912875373004	0.3633321935245549
0.18180348619430697	0.09123518556420997	0.090928492984417	0.27277065584642285	0.363262179410643
0.1817435348093664	0.0910958596661062	0.09093213148535462	0.2727935779670411	0.3634348960721314
0.18182315392643333	0.0911943299928509	0.09096861919388619	0.2727262547278702	0.36328764215895915
0.18182965004602275	0.09117753519916616	0.09096300837939528	0.2727269492840191	0.36330285709139654
0.1817778276446867	0.09107934467896289	0.09096050828303119	0.27287383460459863	0.36330848478872035
0.18179946370388156	0.09119894457022552	0.09093736353188574	0.2727386726782224	0.3633255555157846
0.1818153355064603	0.09117513560301953	0.09092581457831012	0.27281561158680545	0.36326810272540444
0.18172826535205283	0.09115949885066453	0.0909707573857739	0.27273689320845534	0.3634045852030532
0.18175658024098512	0.09108015939696229	0.09094686453867731	0.27278244987113015	0.3634339459522449
0.18176747748755534	0.09105608735238753	0.09094089929690498	0.2728488836352521	0.3633866522278998
0.18178008145196345	0.0911244364574948	0.09092530771867542	0.272796704076666	0.3633734702952001
0.18178171291813822	0.09129043462244255	0.09094117392925127	0.2727162394094557	0.363270439120712
0.18172773678857607	0.09107268440779422	0.0909580808397099	0.27284618254486614	0.36339531541905346
0.18183979125830144	0.09115138203822662	0.0909241627358997	0.2727994241191377	0.3632852398484343
0.18176080755020213	0.09098861706804066	0.09097175175183105	0.27285516622282185	0.36342365740710414
0.18182164019822838	0.0911910103458345	0.0909362707570939	0.27269990709677877	0.3633511716020642
0.18173528395709096	0.09112342564269066	0.09096136213140135	0.27276253083139645	0.3634173974374203
0.18182385228757103	0.09103525566699497	0.09093270329064243	0.27275244146097954	0.3634557472938118
0.1817455012479866	0.0910448659961402	0.09096253737257334	0.27280726312030873	0.3634398322629909
0.18177973705368372	0.0910199369819378	0.09097056355140526	0.27286814576354695	0.3633616166494261
0.181731521528604	0.09124982261756756	0.09092929289136599	0.27277527004010815	0.36331409292235406
0.18183396934956317	0.09100453638470836	0.0909520930840112	0.2727695765019901	0.363439824679727
0.18173880085260397	0.09115643167654885	0.09096463812045055	0.27287068632698963	0.3632694430234068
0.18180890131659141	0.09099412630181945	0.09094566965059878	0.27288407982419005	0.3633672229068001
0.18183324413395036	0.09120635784488264	0.09093767751781301	0.2727150734437444	0.3633076470596094
0.18176105488956196	0.09114948778063049	0.09095877421840542	0.2727139180601158	0.36341676505128606
0.18180254426078046	0.0910417387803808	0.09096481758198979	0.2728461829858295	0.3633447163910193
0.18182297878883427	0.09099071701356498	0.09093603589823343	0.2728223475484301	0.363427920750937
0.1817881157306416	0.09112868290416064	0.09094590030285767	0.27269957334252726	0.36343772771981264
0.18173991125010716	0.09121960981343813	0.09092563393415157	0.2727265215995516	0.3633883234027514
0.18182709212884468	0.0911115791825389	0.09094548274010086	0.27283012647881494	0.36328571946970045
0.1817338358279503	0.09106929765515168	0.09094236861938035	0.2728735731596049	0.36338092473791256
0.1818221541726669	0.09118994170878117	0.0909380030751587	0.2727183709034253	0.36333153013996766
0.18183789718857607	0.0910184672774513	0.09093103981155426	0.2728851420295114	0.36332745369290675
0.18181891216425616	0.09098490933464809	0.09096489698519916	0.2728397479236963	0.3633915335922001
0.18176068364281503	0.09116083596187945	0.09096023750911572	0.2728357224277663	0.36328252045842324
0.1818069648583295	0.09122401188674725	0.09093116755737785	0.27274779918392106	0.3632900565136241
0.18174134214373497	0.09126492504293798	0.09092930538443564	0.27279406951673735	0.36327035791215384
0.18181908713195166	0.09109326260763274	0.09095769894297147	0.27285234628365856	0.3632776050337853
0.18178590173050177	0.0911013575781103	0.09096973033865643	0.272790977292802	0.36335203305992925
0.18172949651686973	0.09114659601088888	0.09095312287684666	0.27286521596206204	0.3633055686333325
0.18183601147612094	0.0911860952868462	0.09093800977517058	0.27274960081198074	0.3632902826498813
0.1817899555210557	0.09115883879107668	0.0909379290482604	0.27280109583400836	0.36331218080559863
0.1818351305444158	0.09100232948963803	0.09094916015385704	0.2728878401682266	0.3633255396438623
0.1818084096185695	0.0912443554599609	0.0909274005492125	0.2727026800372572	0.36331715433499967
0.18176377934372334	0.09106141161444309	0.09095910713297681	0.27279019081847816	0.3634255110903784
0.18184153419547017	0.09101942792738789	0.0909397782500693	0.27280352262126367	0.36339573700580874
0.1817884516498189	0.09121527590966634	0.09093098024966813	0.2727669110017298	0.3632983811891166
0.181803784878953	0.09115499109624847	0.09092649978984513	0.27282732346355487	0.3632874007713983
0.18174234450852056	0.09120137400538304	0.09096353035597324	0.27281632730960875	0.3632764238205142
0.18176636343799923	0.09121384811117873	0.09094217195891115	0.2728002680335997	0.363277348458311
0.1817274793820657	0.09129998546299006	0.09095194808408538	0.27272970756486814	0.36329087950599054
0.18181309012338834	0.09107298457316412	0.0909587384311388	0.27283672688580507	0.3633184599865035
0.1818144277755984	0.09122099123295281	0.09094027785242227	0.2727485666321887	0.36327573650683764
0.18173550538926528	0.09124292522266064	0.09095026700799032	0.27271495824194514	0.36335634413813833
0.18181717754649096	0.09115251580061563	0.09093606407409256	0.2728249825684904	0.3632692600103103
0.18176477979170397	0.09114299539258922	0.09093690589601085	0.272825321047685	0.3633299978720108
0.1818238934729878	0.0911873914827311	0.09093620576359779	0.2727534223628946	0.36329908691778845
0.18181730595267506	0.09117946815715425	0.0909302251619376	0.2727017688974731	0.3633712318307598
0.18183800993956625	0.09111818289638524	0.09096773914713605	0.2728140146368416	0.3632620533800707
0.1817513314376378	0.09127792571550768	0.09096200702291793	0.27271552383801045	0.36329321198592596
0.1817271570652077	0.09113402864825755	0.09096177604561609	0.2727673955969656	0.36340964264395287
0.18173375434338562	0.09102604849011914	0.090966095493732	0.27282315783264655	0.36345094384011645
0.18181055640119642	0.09117589281262453	0.09096504522061213	0.27270538866972394	0.36334311689584275
0.181821039022408	0.090989839296116	0.09095604378178017	0.2728424116660858	0.3633906662336098
0.18173530365244267	0.09096590556441558	0.09097080568876921	0.2728795235420431	0.3634484615523293
0.18183636143231963	0.0910202886913107	0.09095972043681125	0.2727668576408395	0.3634167717987187
0.18183133399606127	0.09100491171581594	0.09094856995624762	0.27278286177677225	0.3634323225551027
0.18182098118953496	0.09105441690321445	0.09094299990772878	0.2727692092714764	0.36341239272804526
0.1817742878766766	0.0912401132928305	0.09093630336074894	0.2727674057292353	0.36328188974050846
0.18183252630423377	0.09104548227144826	0.09093772464296226	0.27285208264684024	0.3633321841345152
0.18178066932066625	0.09108014054871788	0.09095758411746119	0.2728229312945425	0.36335867471861205
0.18175758218883528	0.0911785494868726	0.09094142096755387	0.2728175244155506	0.36330492294118744
0.18184118588326678	0.09095964596779142	0.09092595243012351	0.2728176388403377	0.3634555768784804
0.18183861256365264	0.09106036223887509	0.0909348945125866	0.2728430986117128	0.3633230320731726
0.18172734953663122	0.09122020684327517	0.09094575895727403	0.27270894842735016	0.3633977362354692
0.1817651196059185	0.09128089392352795	0.09093323870141443	0.2727540974765172	0.36326665029262173
0.18180408879051183	0.09126073074985738	0.09093495782405843	0.27270536691617103	0.3632948557194012
0.18176992680071521	0.09121706510792114	0.09096163007789114	0.2727832534260564	0.3632681245874159
0.18184051500762022	0.09119989206420867	0.09093921985757392	0.2727300009148076	0.3632903721557894
0.18173545312619693	0.09123147486140741	0.09096274973852893	0.27275020563276486	0.36332011664110164
0.1817873917317742	0.09110739871611233	0.09096991584236655	0.27271138329841516	0.36342391041133154
0.1818413852370788	0.09103307834054684	0.09093175876460245	0.2728021864943858	0.36339159116338593
0.18174595002151103	0.0910563958979731	0.09093732536617448	0.27285081716938403	0.36340951154495715
0.18176131366838938	0.09126963958462866	0.09093516613193672	0.2727678603245153	0.36326602029052973
0.18180259726656758	0.09113175900408803	0.09094717401043477	0.27279527126239883	0.3633231984565106
0.18175881333613947	0.09107421202679307	0.09096132442346053	0.27279987338128076	0.363405776832326
0.18178013011965866	0.09102548617381122	0.0909520401492712	0.27279858924113076	0.36344375431612796
0.181818111624885	0.0910707922713148	0.09092865289300953	0.27275259568732857	0.36342984752346186
0.18181445326051293	0.09107561519494414	0.09093996562423551	0.2728091169201503	0.36336084900015686
0.18172889059818031	0.09100253189743615	0.09095367841297229	0.27287121588778734	0.3634436832036237
0.18180472955201946	0.09112481660727646	0.09093439717458923	0.27277162417346923	0.3633644324926455
0.18172880279377643	0.09115590863645032	0.0909455870464072	0.2728032158567859	0.3633664856665799
0.18172930478790816	0.09112718816314358	0.09094606721142512	0.27286764944378866	0.36332979039373425
0.1818477026368073	0.09096720714596052	0.09093604805575903	0.27279555058283417	0.3634534915786388
0.18180643689978604	0.09116601841576644	0.09096772439265358	0.27275287892470224	0.3633069413670915
0.18178230342538584	0.09105476840306737	0.09095101640864045	0.2728151839580595	0.36339672780484666
0.18173835642564165	0.09114314769961475	0.09094053779043544	0.2728760161370232	0.3633019419472847
0.1817446923776755	0.09117256329837625	0.09093451521727615	0.27282976215055643	0.36331846695611547
0.18179614835983832	0.09105028588518078	0.09094473794563364	0.2728776229043597	0.3633312049049874
