0.027938532086238532	0.9720614679137611
0.25674459362664137	0.7432554063733583
0.2469153681381382	0.7530846318618615
0.8874054061741989	0.11259459382580067
0.7438225202242066	0.2561774797757931
0.6329386508441319	0.3670613491558677
0.117245220908202	0.8827547790917977
0.5766095924491462	0.42339040755085344
0.020116591858867383	0.9798834081411323
0.8778586673286148	0.12214133267138483
0.027112318498935972	0.9728876815010636
0.28753435228721025	0.7124656477127894
0.8441952340513045	0.1558047659486952
0.4414857928515409	0.5585142071484588
0.07877584930243248	0.9212241506975671
0.25824019005883747	0.7417598099411622
0.7406035988749395	0.2593964011250602
0.8907224279570367	0.1092775720429629
0.31296853313383544	0.6870314668661642
0.5499704294523573	0.4500295705476424
0.5341667541180449	0.4658332458819548
0.07216610368375115	0.9278338963162485
0.09737703497044459	0.9026229650295551
0.7201887418548834	0.2798112581451163
0.1988641296953707	0.801135870304629
0.6050214426477214	0.39497855735227827
0.1062504161032592	0.8937495838967404
0.47234282521307697	0.5276571747869228
0.5152062064379472	0.48479379356205243
0.4825568956346545	0.5174431043653451
0.17829536458586748	0.8217046354141322
0.04635256494465817	0.9536474350553414
0.8636709203758035	0.1363290796241961
0.4940691225264622	0.5059308774735375
0.015785245187530217	0.9842147548124695
0.2853347774858307	0.714665222514169
0.5280797451991524	0.47192025480084726
0.6368229282884089	0.36317707171159075
0.42929859345120525	0.5707014065487944
0.2767880024887885	0.7232119975112112
0.1323794450218272	0.8676205549781725
0.2643668116354162	0.7356331883645835
0.13230593730848073	0.8676940626915189
0.02839429448891545	0.9716057055110843
0.8698127728938008	0.1301872271061989
0.09848498782635084	0.9015150121736488
0.7912756583638817	0.20872434163611797
0.22403970357189906	0.7759602964281006
0.7234689170347797	0.27653108296522
0.0652706847281243	0.9347293152718754
0.6871559590663807	0.3128440409336189
0.7785661311554299	0.22143386884456973
0.9292759337068865	0.07072406629311306
0.6138155175819463	0.38618448241805337
0.7889319153205855	0.21106808467941418
0.5984929374523301	0.40150706254766955
0.6196894898172665	0.3803105101827332
0.21898971646719484	0.7810102835328048
0.28344617535221894	0.7165538246477807
0.6251049395986216	0.3748950604013781
0.48100889664736146	0.5189911033526382
0.8072277289873149	0.1927722710126848
0.7854571358964151	0.21454286410358453
0.3171022738059874	0.6828977261940123
0.1530973978185649	0.8469026021814348
0.7472814079251823	0.2527185920748174
0.9900905073868197	0.009909492613179971
0.4502802966706563	0.5497197033293434
0.7984745517513374	0.2015254482486623
0.8349494192565492	0.16505058074345041
0.23940968820786585	0.7605903117921338
0.8591264829572692	0.14087351704273043
0.08789258844267123	0.9121074115573284
0.8744811748866077	0.12551882511339202
0.8210490009224729	0.17895099907752676
0.248259106004439	0.7517408939955607
0.8771814289114465	0.12281857108855321
0.9712584773347925	0.028741522665207186
0.42600904438578724	0.5739909556142124
0.1769483376333939	0.8230516623666058
0.9326870272196335	0.06731297278036624
0.724287107380343	0.2757128926196567
0.5572945718455096	0.4427054281544901
0.5070260606617218	0.4929739393382778
0.6799307526749505	0.32006924732504916
0.7893196973692562	0.21068030263074344
0.24755855796697418	0.7524414420330254
0.8898990505062395	0.11010094949376015
0.9645917309620774	0.03540826903792227
0.8097140298895461	0.19028597011045356
0.5229934070488859	0.47700659295111375
0.20190990384893676	0.7980900961510629
0.049150117054156894	0.9508498829458427
0.7399972964057953	0.2600027035942044
0.9514019956240591	0.04859800437594047
0.5337381322408276	0.4662618677591721
0.19085879880663104	0.8091412011933686
0.06747578118606534	0.9325242188139343
0.3305901314367553	0.6694098685632444
0.08953334181788813	0.9104666581821115
0.16521521341169432	0.8347847865883053
0.36946901811981003	0.6305309818801896
0.40904601000407526	0.5909539899959244
0.7517907900915276	0.24820920990847206
0.46644696035182637	0.5335530396481734
0.05922509880471344	0.9407749011952862
0.3936644316142831	0.6063355683857166
0.43598950335110387	0.5640104966488958
0.8464092317734062	0.1535907682265935
0.84560071653904	0.1543992834609596
0.801142963263693	0.1988570367363066
0.935127591352917	0.06487240864708266
0.11657923457145059	0.8834207654285491
0.19147128380632095	0.8085287161936787
0.9809335772963476	0.01906642270365211
0.20364868048663043	0.7963513195133692
0.5862276565295566	0.4137723434704431
0.5505564048415003	0.44944359515849935
0.036568738041833526	0.9634312619581662
0.7093090992117739	0.29069090078822585
0.06296134021085281	0.9370386597891469
0.8513733033094019	0.1486266966905978
0.4306813072348525	0.5693186927651471
0.6193336501338838	0.38066634986611586
0.07420025807181208	0.9257997419281876
0.3265346249222436	0.6734653750777561
0.8124157368086229	0.18758426319137672
0.6648481841168394	0.3351518158831602
0.9404770658684805	0.05952293413151927
0.03228397004475231	0.9677160299552474
0.16256767300445252	0.8374323269955471
0.9203002965365863	0.07969970346341332
0.37338030180874493	0.6266196981912547
0.461902008459799	0.5380979915402007
0.09957210610913464	0.900427893890865
0.09831986678660237	0.9016801332133972
0.4735231906779111	0.5264768093220886
0.34435022000000104	0.6556497799999986
0.10161829053115168	0.898381709468848
0.6544824738155441	0.3455175261844556
0.08455364844117463	0.915446351558825
0.6728292167871224	0.3271707832128773
0.20960263540999363	0.790397364590006
0.20508382533566766	0.7949161746643321
0.3387618977540508	0.6612381022459488
0.8055847370435607	0.19441526295643902
0.5364328865480711	0.46356711345192864
0.8589833653240677	0.14101663467593195
0.07086122136408529	0.9291387786359144
0.45416218689255916	0.5458378131074405
0.3333446589206478	0.6666553410793519
0.07369480875307194	0.9263051912469278
0.4961319373178081	0.5038680626821915
0.34642234666536786	0.6535776533346318
0.9660695471599059	0.03393045284009372
0.9722837649365011	0.027716235063498518
0.27165514392238366	0.728344856077616
0.14548413298219642	0.8545158670178032
0.8654257837041015	0.1345742162958981
0.5028302325740605	0.4971697674259392
0.2800794029430373	0.7199205970569624
0.24802230062490205	0.7519776993750976
0.2885448138004604	0.7114551861995393
0.8313314093841908	0.1686685906158088
0.41222789960116485	0.5877721003988349
0.044741988565036084	0.9552580114349636
0.5505256627658695	0.4494743372341302
0.6000534890969598	0.39994651090303995
0.9590145488013839	0.040985451198615686
0.0824060412016614	0.9175939587983383
0.9376754355025986	0.06232456449740109
0.1427103032176959	0.8572896967823038
0.42631629688119155	0.5736837031188081
0.36567486694173357	0.6343251330582661
0.5214989020760326	0.4785010979239671
0.9519799144559544	0.04802008554404519
0.1429511048578243	0.8570488951421753
0.1946105467064606	0.8053894532935391
0.8718216139829085	0.1281783860170912
0.6312242117566138	0.36877578824338586
0.9391139171560697	0.060886082843929934
0.47616126058467884	0.5238387394153209
0.3370160411901467	0.662983958809853
0.6721771604456604	0.3278228395543392
0.05205745713544341	0.9479425428645563
0.785890999090979	0.21410900090902069
0.7352298097293362	0.2647701902706635
0.5186071476655862	0.48139285233441337
0.32180665708962086	0.6781933429103788
0.9723015629413214	0.027698437058678305
0.6796411033928512	0.32035889660714845
0.5283821701341636	0.47161782986583617
0.0765546548227129	0.9234453451772868
0.9460034170336421	0.053996582966357565
0.9007696137687318	0.09923038623126784
0.9640126626556682	0.035987337344331516
0.6073702803670129	0.39262971963298676
0.8642296839189294	0.13577031608107032
0.9727859968220134	0.027214003177986223
0.1505263871505606	0.8494736128494391
0.40667843255530345	0.5933215674446962
0.9609359330357883	0.03906406696421144
0.6939720885525216	0.3060279114474781
0.4549464688905643	0.5450535311094354
0.5113321431578084	0.48866785684219133
0.239483573486321	0.7605164265136787
0.796616493330546	0.20338350666945376
0.41402128678326566	0.585978713216734
0.2648563710964954	0.7351436289035043
0.7801733775162688	0.21982662248373086
0.6892731319450287	0.31072686805497096
0.5384581500052942	0.4615418499947055
0.3392994975492353	0.6607005024507644
0.02546257531897117	0.9745374246810286
0.8037238240753029	0.19627617592469687
0.2838786148636494	0.7161213851363503
0.4096479258740085	0.5903520741259912
0.5952704506702821	0.4047295493297176
0.8563756760834611	0.14362432391653862
0.7139159424148218	0.28608405758517785
0.8961080803571772	0.10389191964282252
0.06377447620611426	0.9362255237938855
0.4245375330557211	0.5754624669442786
0.7501199995094876	0.24988000049051207
0.18677435070770237	0.8132256492922973
0.5432412958495499	0.45675870415044967
0.16635255379234093	0.8336474462076587
0.5604589512020417	0.4395410487979579
0.052369659151258574	0.9476303408487411
0.1949064049731396	0.8050935950268601
0.44168760355422626	0.5583123964457735
0.5797060662678049	0.42029393373219476
0.7517905060362413	0.2482094939637584
0.49742293097708973	0.5025770690229099
0.7181252937050735	0.2818747062949262
0.4161850993905834	0.5838149006094162
0.6239183612650965	0.37608163873490325
0.5104553528207468	0.4895446471792528
0.07095167684461301	0.9290483231553867
0.5667891831290867	0.433210816870913
0.5309137026296391	0.4690862973703605
0.09041637676703956	0.9095836232329602
0.5986838041062205	0.4013161958937792
0.8466932359611052	0.15330676403889448
0.8624692959175353	0.13753070408246437
0.6171208897513483	0.38287911024865146
0.5874648891965603	0.4125351108034394
0.45020013959683697	0.5497998604031626
0.4843503060065805	0.5156496939934192
0.6477202406335781	0.35227975936642153
0.7503317724051449	0.24966822759485474
0.18529138131155765	0.814708618688442
0.813608866298727	0.1863911337012727
0.6371887694504879	0.36281123054951187
0.061375632630957855	0.9386243673690418
0.897680873418012	0.10231912658198777
0.8551753803207267	0.14482461967927296
0.3015434624473312	0.6984565375526685
0.04137348974293181	0.9586265102570679
0.043542189386717445	0.9564578106132822
0.7516848652748793	0.24831513472512035
0.18572210310818033	0.8142778968918194
0.6295921958422369	0.37040780415776275
0.32313185348604134	0.6768681465139583
0.5987622169865567	0.40123778301344293
0.41629208726793615	0.5837079127320635
0.5333127883954308	0.46668721160456883
0.7031830107336637	0.29681698926633593
0.7190338269546401	0.2809661730453596
0.33203309966126626	0.6679669003387334
0.36060933925758004	0.6393906607424196
0.7488590061465903	0.2511409938534094
0.15195099814173918	0.8480490018582605
0.6662588736674901	0.3337411263325095
0.044294805149657224	0.9557051948503424
0.7841819640062999	0.2158180359936998
0.618731812892312	0.38126818710768756
0.27488057781230835	0.7251194221876913
0.09686047301886663	0.9031395269811331
0.575092919703491	0.4249070802965087
0.5074201820261045	0.49257981797389516
0.5908918786930808	0.40910812130691887
0.2188964577627895	0.7811035422372101
0.49176282633546203	0.5082371736645376
0.395642029972597	0.6043579700274027
0.6978053448709033	0.3021946551290964
0.6014860437456183	0.39851395625438135
0.3760918442419003	0.6239081557580993
0.04886909479042245	0.9511309052095772
0.9722863620418842	0.027713637958115378
0.08742110790840324	0.9125788920915965
0.09772465133513358	0.902275348664866
0.532053134009791	0.46794686599020857
0.2841913846452978	0.7158086153547019
0.5324660774097867	0.467533922590213
0.5873657504731358	0.4126342495268639
0.04436210699130033	0.9556378930086993
0.5133113678417286	0.48668863215827113
0.6475505423872752	0.3524494576127245
0.3531207868967673	0.6468792131032324
0.4286957544333474	0.5713042455666523
0.8669169595281763	0.1330830404718234
0.5060403607481331	0.4939596392518666
0.861403859793149	0.13859614020685068
0.1503307733194711	0.8496692266805286
0.3942316395297998	0.6057683604701999
0.3336733378125668	0.6663266621874329
0.4447663460790472	0.5552336539209525
0.854697681822323	0.1453023181776767
0.28850742376768923	0.7114925762323104
0.3002552524498804	0.6997447475501193
0.7558390256299639	0.24416097437003587
0.31611076429282214	0.6838892357071775
0.6115998956142992	0.38840010438570055
0.7759882386095596	0.2240117613904401
0.7248815311654596	0.27511846883454005
0.5616168819989077	0.438383118001092
0.57949563692712	0.42050436307287964
0.7111521161951652	0.2888478838048345
0.05373899934756915	0.9462610006524306
0.0945873556285281	0.9054126443714716
0.20349691935656006	0.7965030806434397
0.5777301978817965	0.4222698021182032
0.3994593441177611	0.6005406558822386
0.35340717624428086	0.6465928237557188
0.6263166532662027	0.373683346733797
0.9731867130342391	0.026813286965760574
0.1970544973478061	0.8029455026521936
0.27239164335200483	0.7276083566479948
0.6003755091972376	0.3996244908027621
0.3557317261395917	0.644268273860408
0.12073094299061404	0.8792690570093856
0.4762773079004978	0.5237226920995018
0.21713338742386712	0.7828666125761325
0.6275652657648433	0.3724347342351564
0.2510169344863603	0.7489830655136394
0.34288432609745584	0.6571156739025439
0.19139536039829236	0.8086046396017073
0.9004275308374026	0.0995724691625971
0.06855844621046481	0.9314415537895349
0.0913224248054385	0.9086775751945612
0.9610513921227555	0.038948607877244246
0.4087826457083177	0.591217354291682
0.6209852116337538	0.37901478836624597
0.3644312371803008	0.6355687628196989
0.19091462753341903	0.8090853724665806
0.14377478421305062	0.856225215786949
0.10106678453347157	0.8989332154665282
0.8062190520836341	0.19378094791636558
0.7391096229816694	0.2608903770183303
0.46873344820954327	0.5312665517904565
0.25795288359105806	0.7420471164089416
0.4109446943767891	0.5890553056232106
0.18726182891472637	0.8127381710852732
0.8079060777687208	0.1920939222312789
0.8218534745922834	0.1781465254077162
0.14588301486578603	0.8541169851342136
0.5731798385252996	0.42682016147470003
0.04847462260659141	0.9515253773934083
0.04194325272953209	0.9580567472704675
0.1412131447394842	0.8587868552605155
0.37481126048386226	0.6251887395161374
0.7992845923437311	0.2007154076562686
0.3040115594820311	0.6959884405179686
0.13641850062983207	0.8635814993701676
0.014863043631569706	0.98513695636843
0.44473925438731066	0.555260745612689
0.49507641994305607	0.5049235800569436
0.7863977269496167	0.21360227305038287
0.47206487975602834	0.5279351202439714
0.6709542720689523	0.32904572793104736
0.6947004422724824	0.30529955772751727
0.8528204468773247	0.14717955312267494
0.2978220790849355	0.7021779209150641
0.11711059475423324	0.8828894052457664
0.19242978817874562	0.807570211821254
0.48301238173508276	0.5169876182649169
0.7254019577572202	0.2745980422427795
0.7906875745756439	0.20931242542435574
0.8622363914464423	0.1377636085535574
0.1639403898927106	0.836059610107289
0.10694360268244468	0.8930563973175549
0.12845970976458787	0.8715402902354118
0.7702703366005554	0.22972966339944428
0.6834705921471993	0.31652940785280037
0.516616061229639	0.4833839387703607
0.5960499443385472	0.4039500556614525
0.8804141098298458	0.11958589017015386
0.3838365621883235	0.6161634378116762
0.6029199207237987	0.39708007927620087
0.051752187119240345	0.9482478128807593
0.05464130378319587	0.9453586962168038
0.6791613893772274	0.3208386106227723
0.41388338273762176	0.5861166172623778
0.42236923513936153	0.5776307648606381
0.6448604824273847	0.35513951757261497
0.2518150518127062	0.7481849481872935
0.46645560158907134	0.5335443984109284
0.43735096889538894	0.5626490311046107
0.979469353430043	0.020530646569956623
0.8080358198606663	0.19196418013933342
0.4325367245901421	0.5674632754098576
0.588186183655904	0.41181381634409564
0.34854142886628803	0.6514585711337116
0.9258621486654885	0.07413785133451117
0.47521026687173357	0.5247897331282662
0.24748704556913148	0.7525129544308682
0.26525487135790105	0.7347451286420986
0.7105635541495158	0.2894364458504839
0.4465261835850098	0.5534738164149899
0.5236579001022356	0.47634209989776416
0.7895969524810482	0.2104030475189514
0.5997062204109388	0.40029377958906087
0.5554193987284931	0.44458060127150656
0.5150112855022486	0.4849887144977511
0.09695229614007217	0.9030477038599275
0.8058301387849491	0.19416986121505048
0.7553493429810239	0.24465065701897581
0.6444126559511327	0.35558734404886694
0.8187858897252456	0.18121411027475415
0.04049755418757961	0.9595024458124201
0.8938827009803672	0.10611729901963246
0.31290119568822067	0.6870988043117789
0.11837953094364795	0.8816204690563517
0.6621743610716456	0.33782563892835404
0.1475860251859718	0.8524139748140278
0.5794765948876979	0.42052340511230185
0.37279481870076037	0.6272051812992393
0.2926967220259248	0.7073032779740749
0.20323366910091223	0.7967663308990874
0.17832512138232381	0.8216748786176759
0.697033734431536	0.3029662655684636
0.7788375264078016	0.22116247359219815
0.4268090695178254	0.5731909304821743
0.45237026460766505	0.5476297353923346
0.15165900836063195	0.8483409916393677
0.04736551749810258	0.9526344825018971
0.038007474608716674	0.961992525391283
0.6730488274743545	0.32695117252564515
0.03905127709402895	0.9609487229059708
0.4062588898943535	0.5937411101056461
0.4816294016167884	0.5183705983832112
0.32939578743158715	0.6706042125684125
0.923694287423408	0.07630571257659163
0.6411546966023016	0.35884530339769805
0.530451701719584	0.46954829828041567
0.24928488723055098	0.7507151127694487
0.16760842288675143	0.8323915771132482
0.15619976491333915	0.8438002350866605
0.5631441198236937	0.4368558801763059
0.7464845630997635	0.25351543690023615
0.7088537422527258	0.2911462577472739
0.47433435126070017	0.5256656487392996
0.9701779349966078	0.029822065003391962
0.28721601584105017	0.7127839841589495
0.5944593166501295	0.40554068334987015
0.08307658737965501	0.9169234126203447
0.673754824831242	0.3262451751687576
0.19453037098217213	0.8054696290178276
0.40793530883819257	0.592064691161807
0.6038365557826113	0.39616344421738836
0.5942982261485817	0.4057017738514179
0.7101111944321254	0.28988880556787416
0.9441726831161785	0.0558273168838212
0.7943741864629791	0.20562581353702059
0.04327898475982944	0.9567210152401702
0.8665531650896642	0.1334468349103355
0.14871558729029377	0.8512844127097059
0.1596103909273368	0.8403896090726628
0.4854724631097917	0.514527536890208
0.6852654815501221	0.31473451844987754
0.9348289577591866	0.0651710422408131
0.17131402873738993	0.8286859712626098
0.3212053890563854	0.6787946109436143
0.2682000370315178	0.7317999629684819
0.17929313743427716	0.8207068625657226
0.5228701353472929	0.4771298646527068
0.690405822682501	0.3095941773174988
0.7127225051085538	0.28727749489144583
0.6904030768124605	0.3095969231875392
0.21949153963113793	0.7805084603688617
0.6178515873206262	0.38214841267937344
0.4192379111848286	0.5807620888151711
0.3451105765994315	0.6548894234005682
0.3200462506508587	0.679953749349141
0.6218492553792261	0.3781507446207736
0.9676650275214861	0.03233497247851358
0.48762898308651254	0.5123710169134871
0.2047222300445704	0.7952777699554292
0.5733098206965848	0.42669017930341485
0.9667824454115894	0.03321755458841025
0.6178046166280755	0.3821953833719241
0.7991206125238065	0.20087938747619316
0.44146130434475084	0.5585386956552488
0.26511952500269975	0.7348804749972999
0.9731046754639886	0.026895324536011067
0.31519463617388654	0.6848053638261131
0.7607468659763872	0.23925313402361248
0.8875121716943806	0.11248782830561904
0.9751883660028656	0.02481163399713404
0.23117130471366326	0.7688286952863363
0.4081362115123188	0.5918637884876808
0.09030604149470617	0.9096939585052934
0.34746241184500254	0.6525375881549971
0.8739254440308601	0.12607455596913947
0.4236276780750694	0.5763723219249303
0.890974098438004	0.10902590156199565
0.3591600619704034	0.6408399380295963
0.5579683234708379	0.44203167652916175
0.8493601474809096	0.15063985251909012
0.2061045251236856	0.7938954748763141
0.9722372191774051	0.02776278082259448
0.9575997091828863	0.04240029081711333
0.3602153385692284	0.6397846614307713
0.6289028441770784	0.37109715582292124
0.7460738137692762	0.2539261862307235
0.5625019478275569	0.43749805217244275
0.8320804887069302	0.16791951129306953
0.21697860173727745	0.7830213982627222
0.49089535711771276	0.509104642882287
0.2792012797853579	0.7207987202146418
0.4371849162181618	0.5628150837818379
0.9510409916435959	0.048959008356403766
0.7372455216014814	0.2627544783985183
0.6861151956567794	0.3138848043432203
0.47120945053012714	0.5287905494698725
0.39066080836534206	0.6093391916346576
0.8836575215704501	0.11634247842954965
0.7331475890824777	0.266852410917522
0.6755353630248697	0.32446463697513
0.035121299190842614	0.964878700809157
0.057661096829118075	0.9423389031708815
0.33743298454209636	0.6625670154579033
0.7041560074949773	0.29584399250502236
0.13390449270464438	0.8660955072953553
0.8998687676352723	0.10013123236472732
0.19866993775173036	0.8013300622482693
0.9256476093602433	0.07435239063975646
0.9737942853384449	0.026205714661554746
0.8317835731971304	0.16821642680286936
0.3586138328322668	0.6413861671677329
0.3687027361121016	0.6312972638878981
0.8473030125712522	0.15269698742874743
0.42321036036014414	0.5767896396398555
0.29120369543234714	0.7087963045676525
0.7641603112959108	0.23583968870408895
0.21590418683335233	0.7840958131666473
0.47596542398261144	0.5240345760173882
0.8599465329637677	0.140053467036232
0.7393006480207547	0.26069935197924504
0.8489813536718843	0.15101864632811535
0.27283401412706276	0.7271659858729369
0.8936974794282697	0.10630252057173001
0.7183971646188847	0.2816028353811149
0.14632038478261356	0.8536796152173861
0.43680489363082936	0.5631951063691703
0.020426349203815142	0.9795736507961845
0.9581608516317788	0.041839148368220835
0.4766752616441865	0.5233247383558132
0.2319750016545693	0.7680249983454304
0.49182634716396106	0.5081736528360387
0.7232177840672174	0.2767822159327823
0.6402947928610129	0.3597052071389868
0.3504513346528987	0.649548665347101
0.21604509228636476	0.783954907713635
0.28098597682260473	0.7190140231773949
0.09731513063340758	0.9026848693665921
0.9455376116237983	0.05446238837620132
0.5188693781464884	0.4811306218535113
0.9754147788452803	0.02458522115471945
0.8257036987775501	0.17429630122244955
0.9394222513311327	0.060577748668867004
0.8707717176859515	0.1292282823140482
0.7764303865535924	0.2235696134464073
0.5477123350329023	0.4522876649670974
0.7338434771065665	0.26615652289343317
0.6261826307313871	0.37381736926861253
0.6258787604881861	0.3741212395118136
0.8836027685760953	0.11639723142390435
0.034091665499336565	0.9659083345006632
0.6495390889463187	0.35046091105368093
0.5164534017099225	0.4835465982900772
0.5081802149700504	0.4918197850299493
0.6177074858504596	0.38229251414953996
0.591222626535825	0.4087773734641747
0.45828026360970836	0.5417197363902914
0.3735692568075455	0.6264307431924542
0.4797129512887373	0.5202870487112623
0.7616405066542404	0.23835949334575923
0.02183343371126173	0.978166566288738
0.8904212741156065	0.10957872588439321
0.7140693241475364	0.28593067585246323
0.13157527187964435	0.8684247281203553
0.7126189347906449	0.28738106520935486
0.8443793091852818	0.1556206908147179
0.48020157065197616	0.5197984293480234
0.10467720179474038	0.8953227982052593
0.031929613613273566	0.9680703863867262
0.44398179899861984	0.5560182010013799
0.2286758930716093	0.7713241069283904
0.8551017139487361	0.14489828605126354
0.2603540096697055	0.7396459903302941
0.9038044055499768	0.09619559445002285
0.8465255277071655	0.15347447229283417
0.2722449712226454	0.7277550287773542
0.3512343455086502	0.6487656544913495
0.20899383836379376	0.7910061616362059
0.8570513371869102	0.14294866281308954
0.9639540613244016	0.03604593867559802
0.7555981208589289	0.24440187914107087
0.13491529856317658	0.865084701436823
0.046727968595464464	0.9532720314045352
0.18467576355811688	0.8153242364418828
0.4081591028573899	0.5918408971426098
0.06500552054565178	0.9349944794543479
0.6643644697541651	0.33563553024583465
0.7315455805959257	0.268454419404074
0.887942979559898	0.11205702044010168
0.461680031200247	0.5383199687997526
0.7497145143497035	0.2502854856502962
0.2329269613766478	0.7670730386233519
0.598699899809925	0.4013001001900746
0.35557905366336334	0.6444209463366364
0.5189401826941636	0.4810598173058361
0.43058282427729155	0.5694171757227081
0.27154186311619233	0.7284581368838073
0.912612292580426	0.08738770741957369
0.5162898024603984	0.4837101975396013
0.5771459215524375	0.4228540784475622
0.38694091055782	0.6130590894421797
0.2168908702081656	0.783109129791834
0.11960425710873285	0.8803957428912668
0.2633619316691048	0.7366380683308948
0.8506203207865499	0.1493796792134497
0.2281043494758757	0.7718956505241239
0.49865845114591684	0.5013415488540829
0.5355819080464788	0.46441809195352085
0.13664358176607788	0.8633564182339217
0.09071670324124625	0.9092832967587534
0.6418394630274982	0.3581605369725015
0.1677629836110297	0.83223701638897
0.79296343650696	0.20703656349303967
0.08998061863791529	0.9100193813620844
0.5154598026869888	0.48454019731301085
0.40247345386039	0.5975265461396096
0.3678406253126082	0.6321593746873915
0.5634630764803841	0.4365369235196156
0.49740327670353474	0.5025967232964649
0.33481445387758046	0.6651855461224192
0.9081221137137441	0.0918778862862556
0.9599528182892884	0.04004718171071131
0.2569611044917858	0.7430388955082139
0.6727722614254386	0.3272277385745611
0.20760895867532175	0.792391041324678
0.3233204601648455	0.6766795398351542
0.2954245083595811	0.7045754916404185
0.7863096834843482	0.21369031651565157
0.8448392565876207	0.15516074341237895
0.7401763029116417	0.259823697088358
0.8663618516711699	0.1336381483288298
0.6463041038946317	0.353695896105368
0.29409482994479136	0.7059051700552084
0.3719753363112256	0.6280246636887741
0.8432822162050311	0.15671778379496853
0.507681310393494	0.49231868960650577
0.36138193967977794	0.6386180603202217
0.0552615027404994	0.9447384972595003
0.4215471826081745	0.5784528173918252
0.22359266099630454	0.7764073390036952
0.270016010471099	0.7299839895289006
0.10195869069656688	0.8980413093034327
0.1260079586405468	0.8739920413594529
0.14964423606316973	0.85035576393683
0.509775378843867	0.4902246211561327
0.9213698109995065	0.07863018900049312
0.7429697902230736	0.2570302097769261
0.7598123720228759	0.24018762797712379
0.7848357749544763	0.2151642250455233
0.6732550527935974	0.32674494720640224
0.8258320377406368	0.17416796225936282
0.7325169515327621	0.2674830484672375
0.4625403995715137	0.537459600428486
0.029207023953165212	0.9707929760468345
0.22831285002383245	0.7716871499761673
0.03746261316423832	0.9625373868357614
0.5673965438091336	0.43260345619086604
0.4507335898456129	0.5492664101543868
0.41297655565987584	0.5870234443401239
0.41538452383303054	0.5846154761669691
0.033486209513426235	0.9665137904865735
0.6694357931552788	0.3305642068447209
0.6452729598770475	0.3547270401229522
0.8482490543350988	0.15175094566490088
0.9619102375723179	0.03808976242768175
0.7118536261585627	0.28814637384143693
0.8767405631599414	0.12325943684005819
0.957909797933195	0.042090202066804694
0.07949319403836064	0.920506805961639
0.28830787001175473	0.7116921299882449
0.6452593728111978	0.35474062718880184
0.6636184527472231	0.3363815472527766
0.8153820497930091	0.18461795020699062
0.33578876889996	0.6642112311000397
0.4413415035161594	0.5586584964838403
0.04280721501310081	0.9571927849868989
0.8351608877212136	0.16483911227878617
0.40276908567875847	0.5972309143212412
0.3097143384843103	0.6902856615156894
0.21930915451714478	0.780690845482855
0.6833764885910492	0.31662351140895056
0.9080609454052924	0.09193905459470736
0.5709462811475853	0.4290537188524144
0.9161240166464454	0.08387598335355428
0.8402500728749505	0.1597499271250492
0.05074272925908413	0.9492572707409155
0.33252098970366883	0.6674790102963308
0.06112941677538419	0.9388705832246155
0.06799809280071939	0.9320019071992802
0.057297173623953646	0.942702826376046
0.8376776839647946	0.16232231603520514
0.12842083943515592	0.8715791605648437
0.08582531836059515	0.9141746816394045
0.5900441974642056	0.4099558025357941
0.48250586091782277	0.5174941390821769
0.4961804671642759	0.5038195328357238
0.36370055776809607	0.6362994422319036
0.9025780720822282	0.09742192791777149
0.5548666681434429	0.44513333185655685
0.82736173642428	0.1726382635757197
0.5117667001286904	0.4882332998713093
0.5762671360984827	0.42373286390151704
0.9884936913447513	0.011506308655248432
0.11111380311213442	0.8888861968878652
0.3434658100450101	0.6565341899549896
0.7025419176237437	0.2974580823762559
0.3739238693238882	0.6260761306761115
0.20366394013230943	0.7963360598676903
0.06306919348062806	0.9369308065193716
0.9139911396426367	0.08600886035736299
0.7520710632042751	0.24792893679572459
0.8127093367572217	0.187290663242778
0.3154579970061111	0.6845420029938886
0.11490436257842052	0.8850956374215792
0.976078283372498	0.023921716627501644
0.3716735565966901	0.6283264434033096
0.5204083130404237	0.479591686959576
0.19297424900761323	0.8070257509923864
0.12160824167320755	0.8783917583267922
0.08719538796011178	0.9128046120398878
0.18216860489621606	0.8178313951037837
0.2945684651443619	0.7054315348556377
0.45011708589020316	0.5498829141097965
0.6711802294970056	0.32881977050299405
0.8990214165075967	0.10097858349240302
0.6070486303301735	0.39295136966982613
0.9598104848140993	0.040189515185900415
0.8897875533555459	0.11021244664445379
0.512667177815801	0.4873328221841987
0.7970609414281131	0.20293905857188654
0.6458138048830928	0.35418619511690685
0.6295677623280499	0.37043223767194977
0.3354617973687729	0.6645382026312268
0.9603302803263853	0.03966971967361432
0.08818761924208995	0.9118123807579097
0.8956589627490301	0.1043410372509696
0.9468234815460307	0.05317651845396898
0.8029748344470231	0.1970251655529766
0.03311446365801546	0.9668855363419842
0.8290860671146676	0.17091393288533208
0.03351153560881265	0.9664884643911871
0.7369174209036439	0.2630825790963558
0.5459912361337014	0.45400876386629824
0.13226875378209868	0.867731246217901
0.29425529767492564	0.705744702325074
0.12846413448500543	0.8715358655149943
0.9080697995197802	0.09193020048021944
0.6575245108686351	0.3424754891313646
0.6274050917016354	0.3725949082983643
0.30260464050592684	0.6973953594940728
0.7822741719113158	0.21772582808868396
0.2735910386310437	0.7264089613689559
0.45110638351110893	0.5488936164888908
0.6467387338067857	0.35326126619321396
0.5467034604578243	0.45329653954217536
0.8095469159802217	0.190453084019778
0.5356675501579765	0.46433244984202315
0.5774291751712435	0.42257082482875613
0.606532751887606	0.3934672481123937
0.7510638156629362	0.24893618433706344
0.3036174491433353	0.6963825508566643
0.8874705268682961	0.11252947313170358
0.8004958655482985	0.19950413445170112
0.6250480050517515	0.3749519949482481
0.540946448033003	0.4590535519669967
0.015964384976410506	0.9840356150235892
0.9455567391330341	0.054443260866965604
0.21809923005775356	0.7819007699422461
0.8231071144019942	0.17689288559800542
0.6214295242767853	0.3785704757232144
0.7423581578123779	0.2576418421876218
0.5991515509836081	0.4008484490163916
0.5489887103099682	0.4510112896900314
0.17474314056615936	0.8252568594338403
0.37468064520279004	0.6253193547972096
0.44912260851389807	0.5508773914861016
0.26283296763995634	0.7371670323600433
0.31344189684124085	0.6865581031587589
0.52269285487962	0.4773071451203797
0.3930596825661311	0.6069403174338686
0.9612189783978118	0.03878102160218788
0.3549085934303523	0.6450914065696474
0.4554464506266305	0.5445535493733692
0.8318968084398353	0.1681031915601644
0.4757015562632915	0.5242984437367081
0.5837083381185051	0.4162916618814945
0.973573017939616	0.026426982060383686
0.5500865495718401	0.4499134504281596
0.8398910839315123	0.16010891606848732
0.3379409836104924	0.6620590163895073
0.944637187755434	0.055362812244565573
0.07548563401054453	0.9245143659894551
0.5255822209500796	0.4744177790499201
0.2043430216557301	0.7956569783442695
0.9579192250742345	0.04208077492576512
0.8380811290036512	0.16191887099634844
0.2410098435122497	0.7589901564877499
0.9131762115054392	0.08682378849456057
0.07559338542415	0.9244066145758496
0.3247269865852279	0.6752730134147718
0.886497015801248	0.11350298419875177
0.6425697273020731	0.3574302726979266
0.16359324468389957	0.8364067553161001
0.658418766180772	0.34158123381922767
0.13479259892334328	0.8652074010766564
0.3198899409890351	0.6801100590109646
0.8205988218722479	0.1794011781277518
0.6258553100767977	0.37414468992320193
0.017093238363821983	0.9829067616361777
0.5657919521054952	0.4342080478945045
0.8182895049806636	0.18171049501933612
0.8546917353694978	0.1453082646305019
0.850124136961675	0.14987586303832473
0.3336160958386285	0.6663839041613712
0.741110729649014	0.25888927035098563
0.6472255488942682	0.35277445110573147
0.4430925787434474	0.5569074212565522
0.8199050600263063	0.1800949399736934
0.27192118778819474	0.7280788122118049
0.24016265087638988	0.7598373491236098
0.15564012194674026	0.8443598780532594
0.12943152457154872	0.870568475428451
0.38050147019406744	0.6194985298059322
0.286148115395444	0.7138518846045556
0.019371305114322335	0.9806286948856773
0.8796900379356578	0.1203099620643418
0.20981600743147827	0.7901839925685215
0.09081506250294141	0.9091849374970582
0.8969306144142064	0.10306938558579326
0.7660492856832647	0.23395071431673498
0.1894711773552849	0.8105288226447147
0.46360062925886447	0.5363993707411352
0.12383861273681007	0.8761613872631896
0.36921075463384967	0.63078924536615
0.8746839049439161	0.1253160950560836
0.7852380465541445	0.21476195344585514
0.4503501413142432	0.5496498586857564
0.2931784718917433	0.7068215281082564
0.5611169792635975	0.4388830207364022
0.846088443583687	0.1539115564163127
0.9760357884376012	0.023964211562398474
0.8001510065061506	0.1998489934938491
0.39860308067646677	0.6013969193235329
0.7668123019045817	0.23318769809541795
0.5039586971428658	0.49604130285713394
0.38702900763289283	0.6129709923671068
0.715044565257981	0.2849554347420187
0.501072991406169	0.4989270085938307
0.29987739253612355	0.7001226074638761
0.9248702223624946	0.07512977763750506
0.5225340141555321	0.4774659858444675
0.10109912718932884	0.8989008728106709
0.7981481040837125	0.20185189591628716
0.5519599048913033	0.44804009510869636
0.10274695271914469	0.897253047280855
0.5404961719531973	0.4595038280468023
0.23327999913448516	0.7667200008655145
0.11439959609394018	0.8856004039060594
0.737722984449197	0.2622770155508026
0.930278823940221	0.06972117605977868
0.3236215190404934	0.6763784809595063
0.45715307405263994	0.5428469259473597
0.6670983206971162	0.3329016793028835
0.7851763454013456	0.2148236545986541
0.9162842174638781	0.08371578253612161
0.6515002032052691	0.34849979679473053
0.23370745973967227	0.7662925402603273
0.40717320272901497	0.5928267972709848
0.9504805790103877	0.04951942098961193
0.5401236847453005	0.45987631525469913
0.21708219389464906	0.7829178061053506
0.7618241723910413	0.23817582760895845
0.4115719414114206	0.588428058588579
0.8182350445204922	0.18176495547950738
0.5401159636850336	0.4598840363149661
0.3213915829006576	0.678608417099342
0.6930313616496644	0.3069686383503353
0.8031899402557664	0.19681005974423327
0.21229266248791462	0.7877073375120851
0.9488851816183257	0.051114818381673977
0.43054982756634863	0.569450172433651
0.4633429554252934	0.5366570445747063
0.8482544735826453	0.1517455264173544
0.8304329495494427	0.16956705045055692
0.01849740991069787	0.9815025900893017
0.8342491739751627	0.16575082602483687
0.17625209532685565	0.823747904673144
0.8150744658470839	0.18492553415291574
0.6157396326432361	0.3842603673567636
0.7856093520494805	0.21439064795051926
0.9497904445689105	0.05020955543108924
0.778028725097874	0.22197127490212565
0.4164674134191774	0.5835325865808222
0.9030718342724493	0.09692816572755036
0.8392021275562367	0.16079787244376303
0.16963762451545844	0.8303623754845413
0.8007921316203999	0.19920786837959975
0.2216783700134295	0.7783216299865702
0.2778083061871237	0.722191693812876
0.1667423147232831	0.8332576852767166
0.44749503675667124	0.5525049632433284
0.7891430572315661	0.21085694276843353
0.6919563500930153	0.3080436499069844
0.9902601413875589	0.0097398586124407
0.11704633577616003	0.8829536642238396
0.6773770828781107	0.3226229171218889
0.927581627110048	0.07241837288995168
0.2541443200404337	0.7458556799595659
0.1020858188265783	0.8979141811734214
0.6831537249406172	0.3168462750593825
0.08084147758264121	0.9191585224173584
0.9819573569764929	0.018042643023506777
0.46136484633658453	0.5386351536634151
0.5652061452097172	0.43479385479028243
0.2085719026129974	0.7914280973870023
0.9394711515097314	0.060528848490268294
0.6039090314004542	0.3960909685995455
0.1264030647625033	0.8735969352374964
0.5146431268366921	0.4853568731633076
0.0507015805929959	0.9492984194070038
0.666182962436036	0.3338170375639637
0.5046456787433016	0.49535432125669804
0.8238459629036927	0.1761540370963069
0.4343579582438105	0.5656420417561892
0.6041619223257796	0.3958380776742201
0.9499018935874757	0.050098106412523935
0.3399845997414638	0.6600154002585359
0.17804996478968316	0.8219500352103165
0.13102990206925091	0.8689700979307488
0.9811112107629472	0.01888878923705256
0.3960724116200913	0.6039275883799083
0.7297209767610019	0.2702790232389978
0.5509072664680047	0.44909273353199497
0.3395005391167907	0.660499460883209
0.6253943104191619	0.37460568958083773
0.1941117764869434	0.8058882235130562
0.26757695908943474	0.732423040910565
0.36158331549556433	0.6384166845044353
0.8007331249845059	0.19926687501549378
0.21743644885499813	0.7825635511450015
0.8215536672645437	0.17844633273545596
0.12119951504012716	0.8788004849598725
0.9653031835056434	0.03469681649435624
0.17361014156910642	0.8263898584308933
0.4635968727588341	0.5364031272411656
0.7358672197705769	0.26413278022942277
0.5573980394790221	0.4426019605209776
0.38310902076815334	0.6168909792318463
0.17472307017177913	0.8252769298282205
0.11036594335135747	0.8896340566486423
0.4733503539688929	0.5266496460311068
0.974189626492127	0.025810373507872686
0.20847098270843534	0.7915290172915643
0.4609116223878671	0.5390883776121326
0.2240919199793554	0.7759080800206443
0.7411331993560376	0.25886680064396206
0.20487076098285562	0.795129239017144
0.5692111753405353	0.43078882465946433
0.02173238827042162	0.9782676117295781
0.6850620929764477	0.31493790702355196
0.04785533919318341	0.9521446608068163
0.8027584947519278	0.19724150524807182
0.23498266279993668	0.765017337200063
0.0691729492407609	0.9308270507592388
0.9686393720054891	0.031360627994510615
0.377696352547422	0.6223036474525777
0.4879930367212091	0.5120069632787906
0.4739461940973779	0.5260538059026217
0.5033078717565056	0.4966921282434941
0.782176122879733	0.21782387712026668
0.44703045414804177	0.5529695458519579
