0.23575007057862854	0.05979109897775278	0.3193624673584951	0.15739996895350097	0.22769639413162235
0.23577789018461218	0.05977149458317402	0.3193919360675944	0.15739610743029686	0.2276625717343223
0.23586129696855607	0.059437045970992225	0.31939865051362326	0.1574110901696355	0.2278919163771927
0.23593327927404112	0.05945863950406158	0.31930977909121944	0.15741099315587298	0.2278873089748046
0.23585809027630308	0.05974825160226274	0.31932748796413457	0.15739312101785502	0.22767304913944436
0.23587622124144145	0.05996306619895023	0.31929249165067486	0.1573861127354215	0.2274821081735117
0.23575685522169498	0.059815402968033726	0.31932402647305846	0.15742556061261687	0.2276781547245957
0.2359131299194717	0.05953155490072892	0.31927759088198937	0.15743151818789666	0.22784620610991307
0.2358939228173119	0.05953503271076638	0.31935364957485757	0.15739257099801063	0.22782482389905323
0.2358436690007124	0.059667592373707	0.31931187265555655	0.15738780802772048	0.22778905794230328
0.23577428049848367	0.05961586913001796	0.3193423126653637	0.15739271800167065	0.22787481970446372
0.23573437084768842	0.05982290819917033	0.31934477918163184	0.15738780161817664	0.22771014015333257
0.23580702960270503	0.059757532535547164	0.31928611774674526	0.1574196033009052	0.2277297168140971
0.23577668683648445	0.05989384722759705	0.3194221946498639	0.15741984548308902	0.22748742580296535
0.2359067068474787	0.059697737772833825	0.3193524286482095	0.15740069946848312	0.2276424272629946
0.23588872900280403	0.05981136802496459	0.3193808633194677	0.15741790115484422	0.22750113849791925
0.23576467163615386	0.059636627773679035	0.3193846499644526	0.1574188068594314	0.22779524376628288
0.23575159399072723	0.06002166715630075	0.3193533167079551	0.1573998124634492	0.2274736096815675
0.23581416385293424	0.059956176973563396	0.3193101030964407	0.15741337845414244	0.227506177622919
0.2357705313448879	0.05991640718386851	0.3193644187745821	0.15740007180803123	0.22754857088863
0.235737692797593	0.05996875114485717	0.3193255846339188	0.15739949105177176	0.227568480371859
0.235840432334298	0.05959644794645075	0.31928757941722685	0.15739811211365787	0.22787742818836632
0.23586102820405333	0.05941617354611148	0.31937315831363533	0.1574044716286036	0.22794516830759598
0.23583417208428398	0.05944326900770694	0.3193665603633551	0.1574149022749407	0.22794109626971307
0.23582332206662965	0.05979277486830514	0.31940896285525366	0.15741561091919393	0.22755932929061737
0.23587430608956816	0.0595816244672909	0.3193602372012682	0.15743177207021328	0.2277520601716592
0.23572703592759114	0.06009340391556192	0.31927775313556045	0.1574069880117907	0.22749481900949553
0.2357611303336581	0.05993301406723561	0.3193648806133303	0.15740650943711895	0.22753446554865683
0.23584900720916632	0.05970018481802464	0.31929794247924315	0.15742841171641864	0.22772445377714698
0.2357199618017654	0.060007321669623415	0.3193748744715902	0.15741074803288363	0.22748709402413708
0.23579955166489014	0.05992048989551152	0.31931902610760976	0.15740614840608946	0.22755478392589895
0.23576771198539576	0.05993122676817855	0.3193602631343344	0.15740812172938673	0.2275326763827043
0.2358419845593472	0.059676934548418076	0.3193223795799185	0.1574094512234082	0.22774925008890776
0.2358375689997676	0.059933976002044864	0.3193403459729311	0.15742284954121738	0.2274652594840388
0.2358475957487376	0.05982696748533575	0.31928904239249556	0.15742063368308637	0.2276157606903445
0.23573842125448646	0.05988162002847838	0.3193209941868118	0.1574300439239729	0.22762892060625023
0.23572164009002794	0.05964537714082846	0.3193458321016131	0.15740759544261257	0.2278795552249177
0.235859633752334	0.05971692812141208	0.3193289460898424	0.15741949277698744	0.2276749992594238
0.2358879058547152	0.05991916077868986	0.3192788653855648	0.15740452779959033	0.22750954018143957
0.23591772255239418	0.059537055444645826	0.31933063906266834	0.15738656952056568	0.22782801341972575
0.23580578849836314	0.059628823688592875	0.31943250086888636	0.15739025410840643	0.22774263283575097
0.23585037126611152	0.0598420058957817	0.3192864353551522	0.15742120762894093	0.22759997985401337
0.23575008342731402	0.059524958668618816	0.31938252234658643	0.15740399026870308	0.22793844528877738
0.23593060867137752	0.059697922246904594	0.31929412496867143	0.15739714484199893	0.2276801992710473
0.23571865576169895	0.06002302427063155	0.3193360133823787	0.15739062814791183	0.22753167843737873
0.23575816466989163	0.05982904180964721	0.3193411280457261	0.15741285734480637	0.2276588081299284
0.23578849318919903	0.05960617938652496	0.3194190797666884	0.15738849103982394	0.2277977566177634
0.23587495789688936	0.059549087179205984	0.31940979197616093	0.1573945871625121	0.22777157578523136
0.235933164718886	0.059356891582288906	0.3193386924178179	0.15742472483848297	0.22794652644252397
0.23581276938506912	0.059513909688730215	0.3193462814937949	0.15742799518190237	0.22789904425050317
0.2357687557553433	0.059606913965447206	0.31943706797478977	0.15740177133640632	0.22778549096801318
0.23579232347588647	0.05955822169071118	0.3194263519237554	0.15739513513230557	0.22782796777734116
0.2357293704527105	0.05985847354719398	0.3194113896381224	0.15742363560198133	0.22757713075999159
0.23573998456675044	0.05999703651075622	0.3193140116976599	0.15740788856925905	0.22754107865557413
0.23592868762652427	0.05986998492499229	0.3193193882297771	0.15742381861837487	0.22745812060033127
0.23577088472532554	0.059760494386055685	0.31941847015900815	0.15740357928075885	0.22764657144885153
0.23573556459841472	0.05970848361087594	0.3192904710313404	0.15739449468402256	0.22787098607534617
0.23594130602579932	0.05951470257755534	0.319310514509778	0.15743105787481443	0.22780241901205273
0.23577620708238956	0.0595680931665957	0.3193455014523471	0.15741085708459948	0.22789934121406788
0.23586719866992295	0.059565588616224074	0.31939810207167574	0.15740724290010633	0.2277618677420706
0.2359382328692526	0.05982053650859945	0.3192842127817863	0.15741324675074964	0.22754377108961177
0.23574842125375636	0.05990606758840003	0.31937052964683454	0.15742799929704743	0.22754698221396139
0.23577544294293856	0.05975903435484051	0.3193643903292936	0.15743133669035478	0.22766979568257234
0.23591974344668137	0.0593717935220342	0.3194192319953846	0.1574132986985225	0.22787593233737719
0.23581511718392692	0.059368124833448	0.3194428522041543	0.1574311715829444	0.22794273419552608
0.23574042801540854	0.05969950015021544	0.3194439920372192	0.15742647329071463	0.22768960650644193
0.23572232644276214	0.05988227828982254	0.31931975271282137	0.15742520376339855	0.22765043879119518
0.23583378969101162	0.0596713325420343	0.31932207405341295	0.1574112992860091	0.2277615044275318
0.23578857535633652	0.05991495938365346	0.3193401521763154	0.15739415615267432	0.22756215693102005
0.23583157689420214	0.059694840578935676	0.3193239348099876	0.15739017064236063	0.22775947707451374
0.23584226665053054	0.05957777510545087	0.31929373210272993	0.15739087983823813	0.22789534630305025
0.23592769886202014	0.059331605174816726	0.31941086836984567	0.15742019410775537	0.2279096334855618
0.23580741991929996	0.0597953977785923	0.3193783615189749	0.1573927245630027	0.22762609622012986
0.23573485077917763	0.059806087207032815	0.3192966034016357	0.157411649659046	0.2277508089531076
0.23577160251782767	0.059848047827313705	0.31931160329167374	0.15740061053514187	0.2276681358280428
0.23579705912855312	0.05973192535034208	0.319336836770236	0.15742121078055235	0.2277129679703162
0.23590600031817513	0.05970528157640531	0.3193109946628344	0.15741778963680464	0.22765993380578023
0.23593494033222567	0.05961532231652927	0.31935579087486016	0.1573966060650672	0.22769734041131745
0.23592553699221305	0.05954592169025291	0.3194200702546414	0.15742764036038398	0.22768083070250839
0.2357671614142638	0.06003604833324336	0.319325612983978	0.15739497389973203	0.22747620336878255
0.23581870859742363	0.05978059041794362	0.31940300126249344	0.15739323192025456	0.2276044678018845
0.23587623277446795	0.059818208768758735	0.31930500194887823	0.15740419648025727	0.22759636002763753
0.23572362776306513	0.05991879061450389	0.3193128812186433	0.15741991046735815	0.22762478993642926
0.23572088918374465	0.05978144445196559	0.31933706018757163	0.15741320928214603	0.22774739689457185
0.23586077428609314	0.0596172785130831	0.3192840935205562	0.15741185202954006	0.22782600165072725
0.23587071156458692	0.05957426546629538	0.31933927987340904	0.15740039867961442	0.22781534441609402
0.2357435460883557	0.059768051932921507	0.3193237981804564	0.15742566155784968	0.22773894224041644
0.2358211812773681	0.05949437302053695	0.31933173910367557	0.15740265683182111	0.22795004976659802
0.23583927203092717	0.059638167376245416	0.31937446472440834	0.15738955353515705	0.22775854233326182
0.2357685662244279	0.059464818481358594	0.31938576248141853	0.15743198988903467	0.22794886292376004
0.2358184255911995	0.05974138008152699	0.31936785765073106	0.15740218467303668	0.22767015200350552
0.2357450910320893	0.0598468224755814	0.319330992306009	0.15742387832784077	0.2276532158584793
0.23576947234379378	0.05966393091142816	0.3194324125099861	0.15739868443556815	0.22773549979922356
0.23586045917890847	0.059588869720858584	0.3194415500336362	0.15739892137565065	0.22771019969094589
0.23588923110117635	0.05948494093860801	0.31944341453270525	0.1573944244949299	0.22778798893258018
0.23583914061646374	0.05957789018858983	0.3193050663321622	0.15740902869040127	0.2278688741723827
0.23575876985579783	0.05958266176466326	0.31934921966871765	0.15738995099784228	0.22791939771297876
0.2358546227908961	0.05949688886583421	0.31938468008187376	0.1574080277151812	0.22785578054621447
0.23594131474305297	0.05960218424533101	0.31931137371117424	0.15743154279645682	0.2277135845039847
0.2359379388242513	0.059392017171970735	0.3194181995306169	0.15742385746466536	0.22782798700849546
0.2357888783642891	0.05966661117570404	0.3192790595549219	0.15740867521266635	0.22785677569241833
0.2358403123059004	0.05985399090933036	0.31932577251284633	0.1574173506048651	0.22756257366705754
0.2357677046386783	0.06008430205436213	0.3192854611307328	0.15738953068139408	0.22747300149483246
0.23583177970420724	0.0597585080399782	0.31936655202603975	0.15738988403636425	0.2276532761934103
0.23593101917859788	0.05977795565480867	0.31928091171387063	0.1574043602216093	0.2276057532311133
0.23577366926090043	0.05986328756388415	0.3193172335365809	0.15742821723250958	0.22761759240612464
0.23573630783761979	0.05997764531545635	0.3193630917050993	0.15738886878520225	0.22753408635662203
0.2359082426211836	0.05973749578896742	0.3192872106651628	0.15740632046343989	0.22766073046124607
0.2359385348255554	0.05962703367098668	0.3194195891334831	0.15742906958190817	0.2275857727880664
0.23573890815908002	0.0599033333441516	0.3194247700942184	0.15739609578436844	0.2275368926181813
0.23593997997896587	0.05952297668747594	0.31930293103516977	0.15742173872307982	0.2278123735753084
0.23575311874640517	0.05979231455333628	0.3193246152837088	0.1573950214885937	0.2277349299279558
0.23572613275743415	0.05983680505502345	0.31928669908264573	0.15743155935848832	0.22771880374640815
0.23584039389457462	0.059718967449196386	0.3192932876915588	0.15739642308711363	0.22775092787755633
0.23582241220033176	0.0596007415825793	0.3193415318685475	0.15741465953716433	0.2278206548113769
0.23588204022324605	0.05969768739554279	0.3192902970914837	0.15739815346194147	0.2277318218277857
0.23587597165834095	0.059672096154491844	0.31935414589270394	0.15739308412692618	0.22770470216753683
0.2357883259059181	0.05948887217265125	0.3194093786856826	0.1573990120554514	0.22791441118029637
0.23578772827090583	0.05975049065060811	0.31936960936821884	0.1574285815675022	0.22766359014276477
0.23573718691354062	0.059999849062402105	0.3193327291662518	0.1574232343354766	0.22750700052232858
0.2358816385658271	0.05952545424190828	0.31939842710003236	0.1574056464198345	0.2277888336723975
0.23580836384232146	0.0597306907177452	0.3194393154402103	0.15740045072844847	0.22762117927127434
0.2357179104156481	0.05987290476390539	0.319305627079608	0.15742640142179304	0.2276771563190452
0.23592349115240763	0.05960536034675959	0.3193432800160775	0.1574278467155793	0.2277000217691758
0.23579451742763852	0.059938373279330326	0.31929693444918844	0.15742496308403492	0.22754521175980752
0.23587168698716093	0.059799064534890645	0.3193562665138814	0.15742129020537102	0.22755169175869577
0.23572096143114632	0.060048863523711665	0.3192932392706218	0.1573893804856786	0.22754755528884138
0.23575871160218392	0.05971002467689898	0.3193677919575409	0.15742166231473131	0.2277418094486446
0.23579331754602412	0.05998637914734822	0.31932132506152283	0.15741289893586524	0.22748607930923936
0.23579133442941985	0.05982313610025905	0.31930814539058955	0.15739555461815294	0.2276818294615784
0.2357327920767586	0.05998647758134132	0.3193974949418069	0.15741919773886293	0.22746403766123002
0.23572947639975922	0.059734414662268476	0.31937120559773857	0.15742300863671854	0.22774189470351497
0.23583654636232693	0.05974343562123996	0.319305927368167	0.1574041430667641	0.22770994758150181
0.2359172402105995	0.05984173384252242	0.31935622078732123	0.15742392880866538	0.22746087635089124
0.23574318417783607	0.06006698668712859	0.31929420700553846	0.15742460560465643	0.2274710165248402
0.23576738426303062	0.05979361004417519	0.31928387098122657	0.15740046832615842	0.22775466638540892
0.23578372655600432	0.05983787484614528	0.31937903898740816	0.15740561239267684	0.22759374721776515
0.23582241180514457	0.05981353002204823	0.3192994293944386	0.15740272770040056	0.22766190107796777
0.23572972297898676	0.059902754334753366	0.3193244817176246	0.15739420261813786	0.2276488383504972
0.23591452633059296	0.05942110366372769	0.3193802022592687	0.15742539644235265	0.2278587713040577
0.23587134073166444	0.05952795332229022	0.31938020467717276	0.1573990040748494	0.2278214971940229
0.23585057086139005	0.059439523202218986	0.3193895307261626	0.1574100044088867	0.22791037080134144
0.23585113364384205	0.05959388450688494	0.319435864409231	0.1574000193181701	0.2277190981218717
0.23584878596465017	0.05952106541763619	0.3193885136571108	0.15739817833992503	0.22784345662067756
0.23581844871277047	0.0595008300501742	0.3194272060530167	0.1574125461033024	0.22784096908073598
0.23575069446205904	0.05950688934120607	0.3194116948496429	0.15739267428821646	0.22793804705887533
0.235878779308011	0.059487931177772096	0.31933782145921485	0.1574001689658523	0.22789529908914954
0.23578588207380208	0.05965379890868097	0.3193003371826686	0.1574270524249012	0.22783292940994687
0.2357213340605738	0.060041325146956676	0.31928926581009837	0.15743163311806066	0.22751644186431022
0.23592790796597568	0.05978257833404091	0.319348865778825	0.1573955463434802	0.22754510157767796
0.23583712942648338	0.05969992490567358	0.319429602929021	0.15739667292471643	0.2276366698141053
0.2358591143262686	0.059706717124268976	0.31937596546930963	0.15739897765329844	0.22765922542685413
0.23584297555368341	0.059679651750127294	0.3194447138565085	0.15742787882322598	0.2276047800164545
0.23581224371846468	0.05958688290608724	0.3194232885380116	0.15740091801656733	0.22777666682086892
0.23591967879413087	0.0594140312288465	0.31938202648594516	0.15742980611479993	0.22785445737627735
0.23571905257320427	0.05986069962453466	0.3193221976814303	0.1574115176798375	0.2276865324409931
0.2358699551796623	0.05971972427880437	0.31934600455299383	0.1573933099330941	0.22767100605544516
0.23586077676175274	0.05935623787610966	0.31943893182368066	0.15741464695369087	0.22792940658476582
0.235841025413552	0.05943199036170807	0.319418346086761	0.15743176507447632	0.22787687306350235
0.23579912991654584	0.05977341898261229	0.3193819265065161	0.15742544094183866	0.22762008365248687
0.23581056534084788	0.05996133872688714	0.31930282786815045	0.1574291156219662	0.2274961524421481
0.23576679663621847	0.059909346846201444	0.31936141553291914	0.15741094953060525	0.22755149145405545
0.2357732768665197	0.05985080216943167	0.319323278339798	0.1574259219778329	0.22762672064641754
0.23584345558881784	0.05984067865074427	0.31931808048310184	0.1574183442976188	0.227579440979717
0.23572612178836166	0.05982971883441349	0.3193352180981896	0.15741308304654625	0.2276958582324888
0.23573853814342355	0.05985591682292432	0.3194422423840706	0.1574003370903988	0.22756296555918243
0.23588222158163444	0.059725872377527994	0.31936813826149263	0.15738704196770015	0.2276367258116445
0.23579115407067935	0.059489234477801356	0.319401323905001	0.1573983273364996	0.22791996021001845
0.23592288394222216	0.059792275708564824	0.3193281873951616	0.15739703210900355	0.2275596208450476
0.23588483269953842	0.05959771723637061	0.31944107887946227	0.15739533456015686	0.2276810366244716
0.23585282585229478	0.0595616357800309	0.31934273604864366	0.1573981013967399	0.2278447009222905
0.23584415303722975	0.059746861051643924	0.31938190277763406	0.15740810016725215	0.22761898296623986
0.2357513728341727	0.05976451425274171	0.31939473442529126	0.15740092135173753	0.22768845713605657
0.23584561162448903	0.059536859675637877	0.3193543401089798	0.15740052822191783	0.22786266036897523
0.23594332084615394	0.05952144101917145	0.3193246884244352	0.15741639387596545	0.22779415583427376
0.23577970231624507	0.05956667571685087	0.31940313130623676	0.15739635598705887	0.22785413467360818
0.23580853731525026	0.0595501666904745	0.3194308981275519	0.15739482190762133	0.2278155759591018
0.23583030147058445	0.05957201414296187	0.3193643326416098	0.15742748858099803	0.2278058631638456
0.23576195156630822	0.059559429284638504	0.3194100150199971	0.1574010693720576	0.22786753475699828
0.23579691318487955	0.05971455655602442	0.31940421125037943	0.15739644823941945	0.22768787076929684
0.2357870002460853	0.05991284133169658	0.3193142612365715	0.1574070031865527	0.22757889399909376
0.23579503782970798	0.05981353867397646	0.3193192330589991	0.15741826863240657	0.22765392180490965
0.2357280261721848	0.05990168110357097	0.31934911889055334	0.1574041347962138	0.22761703903747688
0.23574722288017816	0.06004731209514205	0.3193423404694888	0.1574031294869959	0.22745999506819484
0.2359142102804978	0.05982013329454472	0.3193972177840654	0.15739668830206663	0.2274717503388252
0.23582958805107324	0.05981272121931161	0.31942843160139733	0.15740815449095502	0.22752110463726252
0.2359074466829286	0.05973037417071289	0.3193135178328162	0.1574155273730448	0.22763313394049728
0.2358010688798577	0.05985443150716671	0.31929028599040854	0.15739824347334672	0.2276559701492201
0.2357130469701798	0.05961546950993277	0.31944015209821713	0.15739846575397526	0.22783286566769478
0.23594089291174475	0.059566033807433166	0.31939575483851196	0.15741066976458407	0.2276866486777258
0.23574077464814724	0.05972043127204826	0.31931588093098207	0.15740347257850926	0.22781944057031295
0.23590169907006064	0.05945104906818066	0.3194221478605417	0.15739568939198406	0.22782941460923273
0.23587120922325427	0.05973412989173968	0.31928316854819855	0.1574272918099958	0.22768420052681143
0.23581505369800868	0.06001628004799478	0.3192850969396903	0.15738694673994919	0.22749662257435677
0.23579004812346557	0.05985565645260782	0.31929580277751285	0.15739192249531075	0.2276665701511027
0.23578453333811183	0.05978409384646097	0.31943497847708485	0.15739720525618153	0.22759918908216062
0.23585181307289071	0.05950310573776174	0.3193976238478216	0.15740987128358425	0.22783758605794144
0.2358816733543151	0.05949907791940351	0.3194139343160121	0.157393126014747	0.22781218839552206
0.23584045447275176	0.05978581814819969	0.3194308182127016	0.15740082479595507	0.22754208437039167
0.23575880944487848	0.06003837142679966	0.31930501988262655	0.1573918319130035	0.22750596733269157
0.23586247301562357	0.05982305618009473	0.3194268011380711	0.15739379693860683	0.2274938727276035
0.23577340002204966	0.05989582411835431	0.3192815413647466	0.1574177567437215	0.22763147775112766
0.23573887655585135	0.059921071488591104	0.3194324885120746	0.15741572648332142	0.2274918369601613
0.23578409048507393	0.05979598651317489	0.31935120866858074	0.1574144728963433	0.2276542414368269
0.2358759965017292	0.05989810238456181	0.3193468399020392	0.15741085252027448	0.2274682086913951
0.23577900768001098	0.05970917986653865	0.3193183132952045	0.15741658127987465	0.227776917878371
0.23577687971020508	0.05946003242648057	0.31943269109128536	0.15739340775024194	0.2279369890217868
0.23591168840467083	0.05942826728803294	0.3193064532880626	0.15742890065927503	0.22792469035995833
0.23586473591684817	0.05966140479869855	0.3192980785821494	0.1574035268462634	0.2277722538560402
0.2359083420048823	0.05969042730239632	0.31940199010762016	0.15742147878600546	0.2275777617990955
0.23575334518746716	0.05963878791547178	0.31931083594016085	0.15743101126291406	0.2278660196939859
0.23574529459937515	0.05972489687355925	0.31928478725576637	0.15738726559754107	0.2278577556737579
0.2358034326582712	0.059558582891088924	0.3193553593088272	0.1574306197651022	0.22785200537671024
0.235811737392068	0.059586967148622605	0.3193795899839429	0.15738889573339482	0.22783280974197145
0.23583753322616252	0.05974552917240708	0.3194111021717355	0.15740513210600213	0.22760070332369248
0.23589769262499632	0.05962703632173752	0.3194215416299006	0.15740916370522257	0.22764456571814273
0.2359117542937745	0.05962995479638766	0.3193130487142493	0.15739009659484823	0.22775514560074
0.23590350958841383	0.059839754395562106	0.3193972285057589	0.1574064460030953	0.22745306150716954
0.23588299795869125	0.05962780380829391	0.3194009234545588	0.1574216855793263	0.22766658919912952
0.23588736729010645	0.05979018750736287	0.31943150357662453	0.1574261393821575	0.22746480224374838
0.23575579932821344	0.05992125792666542	0.3193506648648581	0.1574223226787368	0.227549955201526
0.23582876126470528	0.05996646742274658	0.31933637542841226	0.15738880756941281	0.22747958831472284
0.23584236848524326	0.059875156970276566	0.3193234012653847	0.15743085223568282	0.2275282210434124
0.23578982495796613	0.059979902946605324	0.3193486479380362	0.15739839350700713	0.227483230650385
0.23579016819283072	0.059838474827523025	0.319280751721956	0.15740435508278533	0.22768625017490465
0.23573540369948542	0.05968311041012764	0.3193717736926851	0.15739870843643078	0.22781100376127078
0.23571429354196566	0.05962383079331665	0.31942143942087975	0.15742253964731873	0.22781789659651897
0.23581300418704673	0.05957795150457626	0.31936983602348656	0.15739366017177078	0.22784554811311944
0.23585033165888722	0.05956762962049142	0.3192774014491255	0.15741511731232072	0.22788951995917492
0.23581443958107173	0.059408095641870134	0.31944484891478225	0.1574146208210959	0.2279179950411797
0.23590562465531392	0.05977322156856257	0.31931196548163276	0.15741911758198954	0.22759007071250092
0.23573861691586678	0.059999372813943075	0.31931946366890407	0.15742093189348091	0.22752161470780488
0.23571955301500086	0.059965611411495034	0.31929387712721646	0.15739209888133282	0.2276288595649546
0.23582307418485854	0.05969790630278707	0.31936881353115826	0.15742316060401954	0.22768704537717638
0.23583306198950435	0.05984270220722682	0.31934878605375583	0.15739985928389721	0.22757559046561554
0.23577111243928336	0.059737567766849575	0.31936775022982217	0.15740677408746842	0.22771679547657622
0.23575213232321557	0.05964673885482083	0.3192980141805688	0.1574160287733085	0.22788708586808615
0.23571710211082753	0.05966757447579546	0.3194235999889863	0.15741612202858307	0.22777560139580735
0.2358715984570673	0.05982229075965431	0.31935054124804413	0.15742618424542892	0.22752938528980507
0.23577402792391655	0.059787098645438935	0.3193744754010719	0.1574246408840134	0.22763975714555898
0.23583725218634466	0.05991165138127688	0.31931180563460515	0.15739967051371057	0.22753962028406255
0.23589409152841606	0.059669563544219484	0.31944273089772024	0.157392433182777	0.22760118084686695
0.2358586082694416	0.0596819814650926	0.3193473097083498	0.15740373878159658	0.22770836177551917
0.23591379376496413	0.059659500806520604	0.31937484058025295	0.15739220347706645	0.22765966137119556
0.23581710951360033	0.05955645328701015	0.31943092379595284	0.15741616761165228	0.2277793457917842
0.235761793854535	0.05978865136945935	0.3193164239538616	0.15739842189400316	0.22773470892814057
0.23583650927236013	0.059828267839430876	0.3193235373126176	0.15741656770056758	0.22759511787502357
0.23582762073596175	0.059911127963069105	0.3193258446281846	0.15740874277269032	0.22752666390009402
0.23582469404565312	0.05974218772314241	0.3193290177542665	0.15741081255847686	0.22769328791846086
0.2357348313179084	0.05987110546143165	0.3194204672981799	0.15740895380884135	0.22756464211363847
0.23580384974691276	0.059735867253811	0.3193383276462973	0.15740604069058023	0.2277159146623985
0.23591023314058354	0.059393007839793927	0.3193892286699521	0.15741206184782716	0.22789546850184303
0.2358545671099413	0.059543204677029976	0.31934344287978667	0.15738625358153957	0.2278725317517023
0.2358054917414486	0.05963992042492702	0.31936748452112634	0.15741134559838701	0.2277757577141108
0.2357831810977199	0.05967728954398818	0.31944172502715873	0.1573894150123145	0.22770838931881845
0.23576868385095393	0.05995854565242134	0.3193975794784637	0.15740561798784505	0.22746957303031573
0.23578598825704847	0.05986188124225253	0.31938235368067874	0.1573935233725291	0.22757625344749094
0.23573432274045059	0.05985435759507221	0.31939688329231125	0.1574268267446781	0.22758760962748764
0.235790726484411	0.05972715940299078	0.3193309614665808	0.15742090698345404	0.22773024566256314
0.23575291577652363	0.05967764663141789	0.31942357689736456	0.15742625158369442	0.22771960911099925
0.2357690254564082	0.059546449380549926	0.31938506703469016	0.15741523688300374	0.22788422124534766
0.23576635155331938	0.059655243702587346	0.31936931693144066	0.15740545267727518	0.22780363513537727
0.23576595906706765	0.05960505397340293	0.3193542733529775	0.15741827427981114	0.22785643932674057
0.2358466618409383	0.05963534000458298	0.31943573747844256	0.15741682656982306	0.22766543410621284
0.2357422248643139	0.05987860375393969	0.3192959600665641	0.157405425665761	0.22767778564942112
0.2358795536047989	0.05940319230663593	0.3194086029010472	0.1574289276867993	0.22787972350071842
0.23590140834912326	0.059438611862460605	0.3193376082769305	0.15740137882691588	0.22792099268456953
0.23590009580300095	0.05941233360161477	0.3194359166019585	0.15739330785801353	0.22785834613541198
0.23575366346345034	0.05959148126930974	0.3194122721685474	0.1574217474182711	0.22782083568042114
0.23588448215356497	0.059431294745676794	0.31944325413657443	0.15743131429209078	0.2278096546720928
0.23575073790076295	0.059721330933528216	0.3193211144631183	0.15740440285396873	0.22780241384862157
0.23577349580044452	0.05960915594854127	0.3193153637315285	0.15740261207506395	0.2278993724444215
0.23587794155325859	0.059601774630431786	0.31934348004099367	0.15741465952567946	0.22776214424963628
0.23588766169444128	0.059460270495919315	0.3193395278426332	0.15743171586631355	0.22788082410069244
0.23591587502394185	0.059533675704591865	0.3193367921972444	0.15740330916393036	0.22781034791029128
0.23588844891281013	0.05948831897212578	0.3193548476714639	0.1574075046851333	0.22786087975846667
0.23581841637432552	0.059791518525729725	0.31927824283410505	0.157398953554042	0.2277128687117975
0.23586221818430003	0.059857783501361034	0.3193868237970177	0.15740421663185553	0.22748895788546547
0.23572003338219122	0.059639365624929	0.31935131255353466	0.15739854529353617	0.2278907431458087
0.23576344743789962	0.0595819260836952	0.31931442450130587	0.15741027240001662	0.2279299295770824
0.23581187421268107	0.059611348091316435	0.31934494910221456	0.1574057706559618	0.22782605793782584
0.23581274917257877	0.05959903696863955	0.319337179711156	0.15739763528330267	0.22785339886432276
0.23578775096893406	0.05965883883759457	0.3193823574832634	0.157389713719213	0.22778133899099473
0.2357367798625224	0.059836136363587644	0.3193863492880237	0.1574299236590066	0.22761081082685947
0.23572100000187052	0.059991706152997676	0.31941302942224037	0.1574094172444992	0.227464847178392
0.2357504752367423	0.059784628736211626	0.3193454169870312	0.15740134480603613	0.22771813423397852
0.23575684104844036	0.0598325633591095	0.3193674015348721	0.15743138606154383	0.22761180799603403
0.23579151414804178	0.059574493625610125	0.319306447811593	0.15739431947525745	0.22793322493949741
0.2358766624969073	0.05954945193516789	0.3193535655572894	0.1573967780128262	0.22782354199780896
0.23589810307154413	0.05961747539783002	0.3194279722123402	0.15739513142198616	0.2276613178962992
0.23579190678493211	0.05966559283447015	0.319382900319538	0.1574181307059451	0.22774146935511444
0.23583584826092238	0.059582895286631965	0.3194097823361445	0.15738618523699274	0.22778528887930818
0.23582959591995498	0.05961622363940214	0.31934757271001635	0.15741038698142754	0.22779622074919875
0.23575490888704462	0.05954161568743452	0.319422066388205	0.15739120379576654	0.2278902052415491
0.23575774250379505	0.05973598055347215	0.31931278685155484	0.15742891461984485	0.22776457547133291
0.23573725663635492	0.059835496798309185	0.3192977237030543	0.15741231252560067	0.22771721033668063
0.2358112391484162	0.059838604952885927	0.31935621549457793	0.15739457093835987	0.22759936946575987
0.23574453942114162	0.05975380167506761	0.31930727110792345	0.15739476915342648	0.22779961864244055
0.23587039909400187	0.059392598617403175	0.3194289535434592	0.1574113714979743	0.22789667724716123
0.23593238496696162	0.05946488836597591	0.31933863219534653	0.15741003441762258	0.2278540600540931
0.23587454308876135	0.0596999305613749	0.3194397982639444	0.15740758822472925	0.22757813986118985
0.235779021394297	0.059551585793955725	0.3193491557385515	0.15741784943321696	0.2279023876399786
0.23589901564203206	0.05941340770029779	0.3193519198048355	0.1574319718480342	0.22790368500480024
0.2357148525807968	0.05978285269713787	0.31930970455576496	0.1573875543576908	0.22780503580860934
0.23571914910776806	0.05966446737169351	0.31935153331368454	0.15739001080026682	0.22787483940658682
0.23582886487271743	0.05956997762692967	0.3193837048965792	0.15740776312500104	0.22780968947877245
0.23581680449417422	0.05962468311693936	0.3193582051528003	0.15741091863939113	0.2277893885966948
0.23576205190207672	0.05981801750607263	0.3194253436003351	0.15741276317437644	0.22758182381713882
0.23589755129529227	0.05994467977568321	0.3192815225382958	0.15740459344706226	0.2274716529436662
0.2357994148829625	0.059752791535340744	0.3193669833795062	0.15740079945030216	0.22768001075188815
0.23578608968672296	0.05984887984578638	0.31939554672254017	0.15739948187368122	0.22757000187126905
0.23590677495198736	0.05932213835709793	0.3194258023013888	0.15742820074770655	0.22791708364181915
0.2359207058024844	0.059334140425200244	0.3194102959138961	0.1574037665256356	0.22793109133278347
0.23579234690826978	0.0596800541044033	0.3193458141651757	0.1573923676357085	0.22778941718644244
0.23591594282751444	0.05979699298057428	0.31928693762397403	0.15742099505451734	0.2275791315134197
0.2359351908170313	0.059523144778983045	0.31928730766773333	0.1574003266050665	0.2278540301311856
0.23573001124394133	0.05976435534915861	0.3193917912045016	0.15740129580912843	0.22771254639326974
0.23582341398374168	0.05962778262571136	0.3192833761771176	0.15742008759279233	0.22784533962063674
0.23586290504052423	0.059678680298703074	0.3192802642788015	0.1574100135069496	0.22776813687502132
0.23573916000932177	0.05973870340927326	0.3193934744066135	0.15739836609527794	0.22773029607951328
0.23583029532899	0.05948183702503426	0.31940397011741595	0.15739981558095906	0.2278840819476005
0.2357476942850779	0.05992457949880389	0.3194386361911613	0.15742656661336898	0.22746252341158768
0.23581673461261526	0.05984075055395588	0.3193042151606228	0.1574056455371586	0.22763265413564723
0.23588840693966123	0.05956998353429674	0.31943293755486357	0.15738924251900355	0.2277194294521747
0.2358557708200813	0.059593091962744066	0.3193615971960493	0.15741852352510852	0.22777101649601664
0.235857258047392	0.05951409792411763	0.3193218291408604	0.1574308393157429	0.22787597557188688
0.23583957358133992	0.059600885413127164	0.31939737436079635	0.15741321414812548	0.22774895249661084
0.23581950909989954	0.059743026564893165	0.3192980229588633	0.15740787859735522	0.22773156277898854
0.23588713749856394	0.0596977776274398	0.31931904194137933	0.15742471786694703	0.2276713250656696
0.23584050104169302	0.05983821205220402	0.3192932489306379	0.1573932939747233	0.22763474400074157
0.23577181735677347	0.06009470972101083	0.3192771722208467	0.15740286716349752	0.22745343353787123
0.2358514985626231	0.05979947952670611	0.319331163796637	0.1574058854767349	0.22761197263729863
0.23574282371069988	0.059839799525888	0.31935315201833847	0.15740094223808496	0.22766328250698842
0.23587684537104606	0.059915397624606265	0.3193178853253666	0.15742149228966207	0.22746837938931877
0.23581846932583267	0.05993062653892953	0.31934068418604705	0.15740300458384243	0.22750721536534813
0.23592789945957468	0.059862271445910165	0.3192914242474886	0.15742678013038494	0.22749162471664142
0.2358921731845863	0.05973343775602313	0.3193954884223213	0.15738963815053159	0.2275892624865374
0.23586715831865546	0.05961792935283983	0.3193835138700103	0.15738871033191656	0.2277426881265776
0.23590988577308747	0.05971657148674403	0.31928519927935395	0.1574149088913797	0.22767343456943462
0.23589834880567667	0.059634500209886226	0.31931371737600395	0.15740950616574118	0.22774392744269176
0.23592670491264178	0.05960931519292556	0.31929660252165226	0.15742892875422654	0.22773844861855363
0.23571894215217637	0.059970582841704645	0.31929693943931925	0.15739797096960656	0.2276155645971929
0.23593759128719655	0.05930870860950546	0.31941033516977424	0.1574185710735016	0.2279247938600219
0.23581913532851317	0.0595150435558254	0.31937993986526714	0.15742116630633057	0.22786471494406346
0.23573517602404803	0.05964725253388606	0.3192831841343797	0.15739809612112576	0.22793629118656017
0.23591403939293099	0.059436522078929604	0.31934703268726183	0.15742092762911655	0.22788147821176075
0.23586189823736745	0.05953891837680195	0.3192858003193094	0.15741836695597675	0.2278950161105442
0.23579018684181863	0.059801215715969025	0.319355114274194	0.15740387959510668	0.22764960357291142
0.23586683398349134	0.05984855647441345	0.31933536153533193	0.15739474648016816	0.2275545015265949
0.23579549551505097	0.05952721651405865	0.31932618599879964	0.157398361684353	0.2279527402877375
0.23578568875285602	0.05961850320648901	0.3193404975709412	0.1574093471695986	0.22784596330011495
0.2359361230881537	0.059414834119788096	0.3194252971969767	0.15742139798721178	0.2278023476078695
0.23592808224889	0.05945459282572038	0.31938661069060204	0.1574289371458866	0.2278017770889007
0.23577765946120116	0.05950294409758944	0.3193657942958066	0.15741363186225324	0.2279399702831493
0.23580093560891838	0.05952562203545381	0.31931945867463996	0.15741542245538048	0.2279385612256071
0.23576265018120765	0.05955318599386958	0.3194431280547331	0.15739675084089347	0.22784428492929593
0.23582552957665276	0.05979213920566284	0.3192781426202229	0.15740878903830313	0.22769539955915807
0.23579512895652088	0.05961033903072671	0.3193352872459482	0.15739296869738373	0.22786627606942028
0.2357762641960229	0.05960850414005711	0.31937696284623945	0.15739768895979062	0.22784057985788966
0.23586872910194426	0.059793476680906815	0.31931642808630245	0.1574232171309649	0.2275981489998813
0.23576409838994067	0.060026844590640116	0.3193006603827516	0.15741683465078488	0.22749156198588244
0.23579628644300593	0.05983007710073723	0.3193979427709419	0.15741052789515536	0.22756516579015934
0.23591158768337095	0.05959198616645217	0.31934773930519883	0.15739138340289888	0.22775730344207892
0.23578608693350364	0.05962772945028272	0.31939040331934365	0.15742574863331238	0.22777003166355733
0.23576565559337934	0.059673628656818384	0.3193786738135337	0.15741008666195705	0.22777195527431127
0.23579784077667285	0.0595784668866495	0.319298955537888	0.15743126842146593	0.2278934683773235
0.23579520643358054	0.05956817950816906	0.31930571108236994	0.15741590581109632	0.22791499716478386
0.23585457624875297	0.05942963949158686	0.3193781585099019	0.1573919030765012	0.22794572267325675
0.23585374084502836	0.05966810381830315	0.31938083760236236	0.15740581799597772	0.2276914997383282
0.23575613906482284	0.05959885621470051	0.31933849544789317	0.15740943906792687	0.22789707020465635
0.2357717394311245	0.059672164479261575	0.31927763502225287	0.157390460380225	0.22788800068713577
0.2357886138141822	0.05997940414870809	0.31930864326984215	0.15741703824894301	0.22750630051832427
0.2358243136404042	0.05988554777956909	0.31931007529667377	0.15741925230044068	0.22756081098291206
0.23583218710265977	0.05990054497730085	0.31931686985167007	0.1573961496496633	0.22755424841870575
0.2357704961974181	0.05991319350312613	0.3193714934820972	0.15740365217956234	0.22754116463779595
0.23580032692588665	0.05979457131909888	0.31937123475863216	0.15741482841723536	0.2276190385791467
0.23580459665827125	0.05992339055137336	0.319375835109019	0.15740135686188922	0.22749482081944689
0.23572383337321867	0.05977639653026018	0.31938084592453997	0.15741835479321828	0.22770056937876268
0.235877209533299	0.05944603691149117	0.31930961835560706	0.15742079515433863	0.22794634004526387
0.23582056330395607	0.059957089910682826	0.31934673835521793	0.15741275625170165	0.22746285217844128
0.2358216052864761	0.059665709312081566	0.31933453124674605	0.15742732174474683	0.2277508324099492
0.2357931985631593	0.05965694340922206	0.3193633425404495	0.1573962450968317	0.22779027039033717
0.23579861792097523	0.0596705028448026	0.3193001635412257	0.15741417890770262	0.22781653678529362
0.23593215995375993	0.059604688485994234	0.3192810941816292	0.15738747049922758	0.22779458687938886
0.23592066497572484	0.05964705599229583	0.31929547458716667	0.1574266255608912	0.2277101788839212
0.23572467260569044	0.05979256588968923	0.31933774826304256	0.1574021209031218	0.2277428923384557
0.23586747257474006	0.059350361735927004	0.3194351066342446	0.1573948657358163	0.2279521933192718
0.2358821724329276	0.059518976258613965	0.31938736511914695	0.15741834147942216	0.22779314470988907
0.23582934885251838	0.05973661492566035	0.319368143163859	0.15738699623289676	0.22767889682506529
0.23584269430221358	0.05947598861873099	0.31931752106873	0.15741461341734403	0.22794918259298114
0.23579197784415729	0.05942744637945699	0.31939918653139826	0.15743181822850089	0.22794957101648633
0.23585300283885863	0.05956898111798664	0.3193615903007684	0.15743030428282878	0.22778612145955734
0.23586654489232375	0.05970808829289845	0.3193116285328078	0.1574129702664557	0.2277007680155141
0.23593825654091705	0.059614618389934676	0.31928829414279297	0.15739348048779117	0.22776535043856386
0.2357478895285648	0.059630875629898966	0.3193029866921006	0.15738896842223285	0.22792927972720256
0.23594003438996403	0.05950298401740939	0.31942360994423813	0.1574267035689941	0.22770666807939408
0.23582190523760588	0.05975672226763337	0.3194142431308988	0.1574092518495701	0.2275978775142916
0.23579550667652815	0.05993013363549887	0.31928280803788867	0.1573974751771048	0.22759407647297922
0.2358201363201659	0.05985753460392185	0.3193579739544337	0.1573998716344824	0.2275644834869959
0.23573223018021908	0.05992697922548215	0.3193915578828564	0.15741736901598652	0.2275318636954556
0.2357155947656987	0.059646048894859666	0.31933449758327315	0.15739629610950118	0.2279075626466671
0.23574480180594115	0.05952845590033981	0.3194404807921068	0.15741599582769283	0.22787026567391921
0.23579399595556427	0.0594961054153989	0.31941917681819604	0.15742835317849158	0.22786236863234896
0.23572371759896177	0.05974536959985979	0.31932562921233054	0.15738622637085792	0.22781905721798976
0.23578707329981421	0.05973532340767129	0.3193633506713579	0.15739034536568053	0.2277239072554758
0.23576790160447553	0.05983911708972378	0.3193599749540049	0.15742027164444128	0.22761273470735421
0.23578280020572367	0.05959838456102254	0.3194018542717736	0.15742989029107543	0.2277870706704045
0.2359258184831261	0.059615140839342856	0.3192792417366194	0.1574101184770621	0.2277696804638493
0.2357529412190423	0.0595814410428325	0.3194441553315724	0.1574086183362086	0.22781284407034397
0.23572313021294508	0.059732476725729955	0.31941504230021367	0.15740995553376055	0.22771939522735052
0.23581723813482738	0.05954765188532654	0.31939645232442804	0.1573929771630005	0.22784568049241727
0.23582056243857696	0.05967794537947474	0.3193079409739507	0.1574007612872786	0.22779278992071877
0.23590578032341478	0.05951983347306969	0.31942252494674145	0.15742994821253456	0.2277219130442393
0.23575238712733929	0.05957629415849858	0.31938601856890286	0.15740851880722107	0.22787678133803801
0.23592788750936158	0.05950216699878838	0.31941365579049885	0.15742817830187905	0.22772811139947186
0.2357875991813897	0.059609104344109376	0.3193057280844632	0.15741312499250604	0.22788444339753136
0.23593351762038609	0.059494528210633585	0.3193964535458514	0.15739122658292715	0.22778427404020146
0.2359357924473973	0.05944669456953802	0.31937946956347407	0.15742415797480847	0.2278138854447819
0.23584465297404258	0.05955125414026596	0.31938547240996995	0.15738778833803416	0.22783083213768707
0.23582537968165473	0.059919526277024265	0.31938687824557804	0.15740476286606392	0.2274634529296788
0.23572062974922367	0.060017900545331127	0.3193729275959701	0.1573925380839134	0.22749600402556142
0.2357194480768773	0.05982961301507134	0.31938844423168267	0.1573946734112593	0.22766782126510912
0.2359065202328477	0.05964590149773402	0.31933753080895905	0.1574205717290138	0.22768947573144518
0.235838959577913	0.05968418746947937	0.31938544081036546	0.15741566759183928	0.2276757445504026
0.23581811506642428	0.059700352542826435	0.3193811847337109	0.15740648387691575	0.22769386378012238
0.23585166516757441	0.05969967369354717	0.31930887502925515	0.15739192235505398	0.22774786375456907
0.23573264239057695	0.059836294751671154	0.3193495178921467	0.15740851349988166	0.22767303146572332
0.2357829378144488	0.059904082219409294	0.3193320025402645	0.15743183656482387	0.22754914086105327
0.2358048040372373	0.05985048537727583	0.31936225776894356	0.1574260928467534	0.22755635996978968
0.23575857251475635	0.05996422304765767	0.3193524859123291	0.1574087439168233	0.2275159746084333
0.23573927612880843	0.05988914672781459	0.3194242034998971	0.15739035472790402	0.2275570189155756
0.23577914947922674	0.05993621435941762	0.3194062737013978	0.1573985352865316	0.22747982717342602
0.23571766822292572	0.05993231287195161	0.31940486828201453	0.1574248423485878	0.2275203082745201
0.23594493642281844	0.05973523372019965	0.31934234913492837	0.15742687224402957	0.22755060847802375
0.23586685837539886	0.05938839311171501	0.31938247448291	0.1574311630128173	0.22793111101715854
0.23575073572121052	0.05996349240247997	0.3193403282882086	0.15742009192411877	0.22752535166398197
0.23575257986299145	0.05999546541850348	0.31932222862963777	0.15738766168272994	0.22754206440613714
0.23591688245196235	0.05978167281199717	0.3193287039950563	0.15741178230840064	0.22756095843258328
0.23578461657049374	0.05985449491833547	0.3193249334642654	0.15743149230406162	0.22760446274284357
0.2359269713760488	0.05980484271999292	0.3194140753720686	0.15739666786655016	0.2274574426653393
0.23583838938120272	0.05987975810948412	0.3193489446094033	0.15742709387815987	0.22750581402174977
0.23590657310537017	0.0597951735666884	0.3193150733050557	0.15740984003510938	0.22757333998777612
0.23585837125861125	0.0599200808867503	0.3193736914456448	0.15739301555213142	0.22745484085686193
0.23591223157255034	0.05971592565455833	0.3193174422991437	0.15741518270285873	0.2276392177708886
0.2359050879302345	0.059782506675539526	0.3194137027737033	0.15742913703558173	0.22746956558494066
0.23582684925474287	0.05965257983380137	0.3194366087900382	0.15742603428788016	0.22765792783353714
0.23592943914866363	0.05943917025776782	0.3193415238863365	0.15741159086480294	0.22787827584242887
0.23593309590473482	0.05933214048918009	0.3194066403831347	0.1574151348002708	0.22791298842267926
0.23589746172221732	0.05934254380521087	0.31941202655001155	0.15740084032861235	0.22794712759394767
0.23580634558028674	0.05953129590993206	0.31932260003061164	0.15740998114164595	0.2279297773375234
0.23588881108075793	0.059514170403248634	0.3193939457948106	0.15742239962589402	0.22778067309528854
0.23583104450486528	0.05986515238005857	0.31927603161845713	0.15740707002639984	0.22762070147021893
0.23591691653132438	0.05974088111084641	0.31939442777502397	0.1574188690053061	0.22752890557749889
0.2357975829138529	0.05986826349124208	0.31934952367075764	0.15741956928352888	0.22756506064061824
0.23571432493915917	0.05993950652680713	0.31936682620939427	0.15740952793609359	0.22756981438854565
0.23571991293338931	0.05970709537884211	0.3194448948165407	0.15740584842751326	0.22772224844371433
0.23580853775038998	0.059657686553522465	0.31929161104545023	0.1573890747738668	0.22785308987677028
0.23590620287798825	0.05974758944337821	0.31928328877857004	0.15738610901533587	0.22767680988472733
0.23572008266001682	0.05962951289591689	0.31936718016568044	0.1573862053160519	0.22789701896233372
0.23588837021267495	0.05961553615162066	0.31937342266142016	0.15739334730148496	0.22772932367279905
0.23584866040718006	0.059540143762318865	0.3193945630553104	0.15738940079522987	0.22782723197996058
0.23573518981215347	0.05983574659711538	0.31928443151097874	0.1574260023498283	0.22771862972992393
0.23586117011581575	0.059517203449229034	0.3193161661320748	0.15742263988910532	0.2278828204137748
0.2358838789836742	0.05969626824506935	0.3193461313740189	0.15740505965282606	0.22766866174441122
0.23572962837355038	0.05985954630591089	0.3194409132740023	0.1574224809072557	0.22754743113928053
0.23572998298782427	0.059573462482799155	0.3194216064990105	0.1574076320590833	0.22786731597128249
0.23576940021096043	0.0596478954738891	0.3193656332280145	0.1573959312687726	0.22782113981836316
0.23578507555627928	0.05969920432073603	0.3193665631945163	0.1573976468991538	0.22775151002931435
0.23583580429759202	0.05950767118143338	0.3193860652941386	0.15742613202562883	0.2278443272012069
0.23592941309938403	0.05944280489566428	0.3193304409421563	0.15739264435065545	0.22790469671213975
0.2358449627730433	0.05946351318020407	0.31942726684437317	0.15738782394807205	0.22787643325430715
0.23576567106728694	0.059502561314051655	0.31938738097386893	0.15739648301991904	0.2279479036248732
0.2358382720998303	0.05939462033419432	0.3194126235233825	0.1574046026749414	0.2279498813676512
0.23586021006883828	0.05975564930390731	0.3193212289037855	0.1574165058936335	0.22764640582983517
0.2358028959473905	0.059725882621667364	0.3193248992757447	0.15742020359553918	0.22772611855965802
0.23574516945735258	0.05974522998345569	0.31928534926757907	0.1574023576660913	0.22782189362552113
0.2357605688277514	0.05951955187324204	0.31937046747036874	0.1574172175756226	0.22793219425301497
0.23593456193736573	0.059705603827928805	0.31934673995175633	0.1573984498426256	0.22761464444032328
0.23582464171844764	0.05974152530736257	0.31930912990770605	0.15741396439158645	0.22771073867489705
0.23575870320368883	0.05977906731607174	0.3194335880602567	0.15739200975111614	0.22763663166886636
0.23588266443074107	0.059755400236398665	0.3192915330230398	0.15741666936836235	0.22765373294145783
0.23572147487649797	0.05956365772747277	0.3194397160178591	0.15739966237062142	0.2278754890075485
0.23590585466667738	0.05954598324706192	0.31941994548136887	0.15741773749266552	0.22771047911222603
0.23589875723587517	0.05986595891255023	0.3192867629207526	0.15739647649277705	0.22755204443804478
0.23589842682132853	0.05962412516148102	0.3194338524650592	0.15742267897214277	0.22762091657998829
0.235909712312979	0.05930421118460061	0.31943953490578103	0.1574108142181116	0.22793572737852752
0.23594387916680676	0.05938297231064432	0.31943872466664464	0.15739470494148475	0.2278397189144193
0.23593155475261152	0.05967080879614378	0.3194274089625103	0.15739016917889959	0.22758005830983455
0.23578271054578698	0.059512349414569926	0.3193934171317159	0.1573906656894879	0.2279208572184391
0.23574805936668636	0.0599492650363157	0.31933499699422097	0.15741592903252016	0.22755174957025648
0.23580418152357357	0.059994157303736695	0.31931833592606806	0.15742907131589892	0.22745425393072252
0.23590725010450225	0.059589692651513454	0.31944187156999676	0.15741148793981075	0.22764969773417656
0.23584221464111627	0.05964247971241102	0.319340889048886	0.15742147620431227	0.2277529403932742
0.23593589229277928	0.05966866672884977	0.31929181226898934	0.15742127342936524	0.22768235528001615
0.23593573865926387	0.059371051316573276	0.31937354672289275	0.1574007442935027	0.22791891900776717
0.23587278998499514	0.05934778667159524	0.3194119245528503	0.15742368855479308	0.22794381023576604
0.23579585924783128	0.059414832080705415	0.3194322168376051	0.15742383353604464	0.22793325829781333
0.23577884347497408	0.05984124405334343	0.3193011053449285	0.157405992236354	0.2276728148903997
0.23577348113729957	0.05990052311192359	0.3193449363493642	0.15742206477236137	0.22755899462905105
0.23573864541534537	0.05997901832765784	0.3194387314314749	0.15739022913820294	0.22745337568731877
0.23586262714014677	0.059619608105744015	0.3194284833598471	0.15741955284713166	0.22766972854713025
0.23583094906054014	0.05986014716532115	0.31943608292512204	0.1574188858646213	0.22745393498439515
0.23575143226711603	0.05988816028216773	0.3194402072582544	0.15741301942457533	0.22750718076788626
0.23583732509632435	0.059593288131429084	0.3194046610232365	0.15741423568598412	0.22775049006302572
0.23588810386407158	0.0596726973890416	0.3193186434220288	0.1574203653942596	0.22770018993059815
0.23584555346097544	0.05956303915623645	0.31941546661914766	0.1574278072759127	0.22774813348772746
0.23587002060488438	0.05949691079417824	0.31937966659726963	0.15739524135963268	0.22785816064403486
0.23579281847537173	0.0595871266239788	0.3193328329289417	0.15742846653819453	0.22785875543351297
0.23572672151877208	0.05949979601657446	0.3194071557553625	0.1574243181924334	0.22794200851685734
0.23582445767456445	0.059433965806431455	0.3193755689365836	0.15741560973555643	0.22795039784686386
0.2357357540087397	0.059490617503244775	0.31941045994033523	0.15742738569506926	0.2279357828526108
0.23585987883274823	0.0595133707373425	0.3194354686479416	0.15741598132074608	0.2277753004612213
0.23576690987660337	0.05961506437620279	0.3193140192090217	0.15738898968756238	0.22791501685060955
0.23593152579614943	0.05951645945003595	0.319427050325567	0.15740443631099865	0.22772052811724874
0.23593967143993083	0.05971348574785909	0.3193410995027438	0.15740737777541852	0.22759836553404747
0.23591867986523113	0.05988248634358895	0.3193035231415138	0.15741278582973262	0.22748252481993328
0.23593810042275273	0.05972611961700411	0.31941830981133	0.15739878918603906	0.2275186809628738
0.23590113411479266	0.05947361854354069	0.31936293274090366	0.15741589159429298	0.2278464230064698
0.23585793404485988	0.05950610924100075	0.31939432719247796	0.1574207846058751	0.22782084491578608
0.23577175175356305	0.059513655772106294	0.319398984497127	0.15740654925401604	0.2279090587231874
0.23580669440230584	0.059558021115107745	0.3193988183382514	0.1573917344541796	0.22784473169015518
0.23576782082848713	0.059689869199414186	0.319393663972409	0.15742899145233571	0.22771965454735377
0.23577153325166497	0.05981019742573379	0.3193508286406468	0.1574080008175512	0.227659439864403
0.23581097436167645	0.059534323288487984	0.31934341763895424	0.1573913294821841	0.22791995522869699
0.23571392066792382	0.0597649035458811	0.3193978997464884	0.15740022985356494	0.22772304618614148
0.2357611971154156	0.05990527957073108	0.31934991849413286	0.15739788567200885	0.2275857191477114
0.23593204078754784	0.0595869423244596	0.319294538407851	0.15738993689677058	0.22779654158337073
0.23582082479576316	0.059739127498388195	0.31940250370664836	0.1574182285827793	0.22761931541642072
0.23591810203365435	0.05955558149295537	0.3193933492141393	0.15738735336744458	0.22774561389180614
0.2358656221286972	0.05955998095635337	0.3194159347615906	0.15740360854209073	0.22775485361126785
0.2357642029752782	0.05977901399896962	0.31937164225978415	0.15741473951379004	0.22767040125217772
0.2357748303522672	0.06001772814064493	0.319320348011648	0.15740208081933413	0.22748501267610546
0.23573192157859985	0.05999880399357055	0.319298785079555	0.1574178592595234	0.22755263008875098
0.23572400241769456	0.059944506300477485	0.31935039261764414	0.15739447464606948	0.22758662401811405
0.23580234545259024	0.05979939253298275	0.31931201425402556	0.1573943026844821	0.2276919450759191
0.23591142991661818	0.05954132965614009	0.3192950699171474	0.1574126626974429	0.2278395078126512
0.2359076904948167	0.059480079633641464	0.319326592114093	0.15740948925197512	0.22787614850547355
0.23590054298243723	0.05948078422206346	0.3194113310062384	0.15742128240541065	0.22778605938384996
0.23572068868568133	0.05972679980161075	0.3194229334611475	0.15740137105808893	0.22772820699347124
0.2357321639327294	0.059649096710863575	0.3192801228294876	0.1574191663208742	0.22791945020604498
0.23571689780502525	0.05964304758974989	0.3194029168452694	0.15741110820520735	0.22782602955474793
0.23590061042412175	0.05949503869213513	0.3194064824666992	0.15741143713635142	0.22778643128069226
0.23591865101594758	0.05934212496171409	0.31939915295476706	0.15739268462176945	0.22794738644580154
0.2358303997375067	0.05948557914635294	0.31933827208379084	0.1574226752988103	0.22792307373353898
0.2357695613861393	0.05975477000826904	0.3193214691084578	0.15740674705642888	0.22774745244070474
0.2357834014422121	0.05957448178718222	0.3192998404408176	0.15741646687336355	0.22792580945642424
0.2359220459426148	0.059566844934594465	0.3194208803496428	0.1574189262916251	0.22767130248152265
0.23593232375642806	0.05944501845813438	0.31936698931971186	0.15741077299759593	0.22784489546812953
0.23585299833418605	0.05978876495588761	0.3193651916233169	0.15741197990874237	0.22758106517786683
0.2357147374003143	0.059814881727145025	0.3193971773824895	0.1574107873219313	0.22766241616811958
0.23571879078729713	0.059888179573900524	0.31937790008276	0.1574134342502413	0.22760169530580085
0.23571234240460037	0.05979692963358099	0.3193597890928357	0.15741755778164096	0.22771338108734177
0.2359194412035243	0.05982886853120006	0.3193605526081381	0.15740311877486532	0.22748801888227196
0.2359308754949936	0.05969487211976551	0.31934489985848563	0.15738693759132935	0.22764241493542564
0.23592586113305988	0.05949457828274718	0.3194431022161223	0.15739157810324586	0.22774488026482448
0.23573228386486828	0.06003797108594744	0.3193772224386548	0.15739605733330395	0.2274564652772253
0.23582161201005744	0.05978251398101311	0.31934590086313	0.1574003996902169	0.2276495734555823
0.23581321200014688	0.05980913794200998	0.3194191907570195	0.15741846131945328	0.22753999798137006
0.235850117607437	0.05979864685997713	0.31934750135458195	0.15741745499229548	0.22758627918570817
0.23582407407886558	0.059953726034022714	0.31930698929397033	0.15739281718822712	0.22752239340491398
0.23579991863188104	0.05977105437240346	0.31933872094306825	0.15741236969470207	0.22767793635794498
0.23589662843240364	0.05954441534840296	0.31934343679950467	0.15742970648632632	0.22778581293336217
0.23588983092534632	0.0593781965259528	0.3194308785389872	0.15739232738671974	0.2279087666229937
0.2358619854035907	0.05945664600578768	0.3193683562596667	0.15741990859553712	0.22789310373541755
0.23572617388156622	0.05969525059896502	0.3194177962203654	0.1574162981461602	0.22774448115294285
0.23593251838985854	0.059509980993122075	0.31931739807104453	0.15740821437903835	0.22783188816693634
0.2359427977264834	0.059477879710611	0.31938135101612286	0.15741935044515432	0.22777862110162814
0.2357640993322844	0.05989434333494789	0.3193716383781434	0.15739445857875453	0.22757546037586948
0.23578093557659813	0.0598759550595212	0.3192949086702698	0.15741981550851813	0.2276283851850925
0.23574465778050796	0.059670922853564234	0.31940053484212677	0.1573936164630068	0.227790268060794
0.23579443207277473	0.059670095251215916	0.3194059638387299	0.15739360994137241	0.2277358988959068
0.235922260020217	0.05961169343704914	0.3192833041899657	0.1574271048447981	0.22775563750796984
0.2359432755599916	0.05962023430932503	0.3193478057483632	0.1574090927172337	0.22767959166508628
0.2359060119473878	0.059438476538112156	0.3194363692732274	0.15738682481083	0.22783231743044244
0.2357450418513856	0.05980165665887083	0.31927960861007826	0.15738615088940303	0.22778754199026205
0.23594135972980773	0.059357976519162525	0.3193522560683678	0.15739539135888767	0.22795301632377402
0.23588138973469258	0.059443003315893056	0.31942958801535964	0.15742596154508992	0.22782005738896455
0.23589671940167925	0.059508727100250236	0.31937274781053193	0.15741823654021125	0.22780356914732708
0.23586444600310053	0.059565985164422824	0.31941855538048414	0.15739601867133535	0.22775499478065692
0.23592695574292774	0.059461073794267294	0.3193803117999654	0.15743136714365302	0.22780029151918632
0.23586400330272028	0.0594943499121188	0.31934725789551555	0.15739820865235843	0.2278961802372867
0.23572843437405294	0.05992886168606054	0.3193501019948164	0.15743053461742146	0.2275620673276484
0.23580703757107682	0.05962840499650621	0.3194368221128524	0.1574278230175429	0.22769991230202147
0.23583668079847858	0.059653956674660696	0.3194248418036874	0.1574018659747484	0.22768265474842467
0.2359428426773474	0.05974385140376387	0.31931103709567105	0.1573870151807559	0.22761525364246155
0.23586173260789428	0.05986309834343895	0.31940616782738807	0.15740545589980737	0.22746354532147114
0.23584312043239777	0.059736823409391904	0.3194329146788979	0.15741664740842115	0.22757049407089108
0.23573946201102097	0.060069989660204076	0.31928053531353606	0.15741721467270098	0.22749279834253772
0.23578065882815216	0.05973888584400139	0.3193166737276965	0.1573943796260793	0.22776940197407042
0.2358597581127265	0.059497046218000366	0.3193137259568047	0.15742143606779138	0.2279080336446768
0.23579075054488285	0.059483790742820314	0.31937137892862966	0.15741689842366308	0.2279371813600039
0.23588113656393142	0.05969417866828469	0.3193822082419822	0.15741386840747604	0.2276286081183254
0.23583245343014964	0.059691128363182244	0.31942972933961244	0.1574113490294511	0.2276353398376043
0.23585644637244602	0.0596461452765894	0.3192859369628783	0.15742990747775273	0.22778156391033327
0.23583849966440903	0.05951145419842388	0.3193995444715348	0.15739355548539985	0.22785694618023222
0.2359102143006881	0.05946601269093896	0.31943212495417983	0.15742316726565675	0.22776848078853612
0.23587911929403887	0.05979277257678825	0.31936887952271714	0.15742415396614273	0.22753507464031272
0.2358703861862943	0.05971654812059721	0.31934619848142753	0.1573862187716259	0.22768064844005478
0.2357470554420492	0.05987001126176045	0.31940822015446	0.1574202467574064	0.22755446638432367
0.23579137488382718	0.05956777938223798	0.3194387058063546	0.15740764955409797	0.22779449037348207
0.23576838992024343	0.05965018433162303	0.3193188559923815	0.15739451037988125	0.22786805937587054
0.23582660658095883	0.05951158185816077	0.3193911144862043	0.15742866801451363	0.22784202906016218
0.23580117734662473	0.05952563840147865	0.31942524543590833	0.15741864644210135	0.2278292923738867
0.2358962718818854	0.05963882887506544	0.31938831414332464	0.15740796486931666	0.22766862023040763
0.2358256417795882	0.05951143769634612	0.31933940389663706	0.1574273976436626	0.22789611898376574
0.23589989414703982	0.05944731264349862	0.31940240810599435	0.15739672824056916	0.22785365686289782
0.23574879469272075	0.06006359832051794	0.31928795771070995	0.15739577859225237	0.22750387068379874
0.23579446282446562	0.06000561313319222	0.31928492063443326	0.15739716340042265	0.22751784000748598
0.23590325795092315	0.05951407516364829	0.3192801214715049	0.15742772376169545	0.22787482165222794
0.23579036097710282	0.059553188156396486	0.3193399418173045	0.15741614559797393	0.227900363451222
0.23572548277355332	0.05976843312581645	0.31937092896430075	0.15740639698350364	0.22772875815282562
0.23586589339127995	0.05965294575826982	0.3194279732604426	0.15738942147353968	0.22766376611646774
0.23585237596972364	0.05984533841260187	0.31935777852469444	0.1574076503358476	0.22753685675713223
0.23577458931200068	0.059897415421316214	0.3194368604977619	0.1573953189750418	0.22749581579387915
0.23579240344954583	0.059658164269674685	0.31927601281179363	0.15738828384633952	0.22788513562264606
0.23589763982403533	0.05979902961287753	0.319421748589665	0.15740212859076935	0.22747945338265257
0.235745090723056	0.06005929245145897	0.31927931901031104	0.157387262897406	0.22752903491776783
0.23579717478265294	0.05997185006340627	0.3193019943143058	0.1574236216496423	0.22750535918999243
0.23585312702977468	0.05984964488071415	0.319314127683269	0.15738943552192866	0.22759366488431326
0.23583329976624123	0.05979456044642209	0.31936088483003905	0.15742601245020452	0.22758524250709286
0.23580262259245183	0.05967711270119372	0.3194329072987738	0.15741406008213954	0.2276732973254409
0.2358982898858467	0.059837472410045	0.3194146395606655	0.15739617199074765	0.2274534261526949
0.2357879941828978	0.05982012907183312	0.31938012146828654	0.15742021824841024	0.22759153702857207
0.23586929998864906	0.05987267233814189	0.3193688395189441	0.15739487752082457	0.22749431063344014
0.23577005906944837	0.05957641152430879	0.31929216644057173	0.15742479601454964	0.2279365669511212
0.23588151241982025	0.05986635432630083	0.3193440102588243	0.15741279388209536	0.22749532911295903
0.2357962529044539	0.0599988547432887	0.3192764871174244	0.1574312685315153	0.2274971367033174
0.23579358315706964	0.05997103483557423	0.31929050624768374	0.15743165655353808	0.22751321920613415
0.23576324291412376	0.05971918740444207	0.31939995706628965	0.15741727351283458	0.22770033910230975
0.23585993826339122	0.05988209916224921	0.31931262917402625	0.15742204789587538	0.2275232855044577
0.23578193594893412	0.05995406452746746	0.3192897300249053	0.15740314773691055	0.22757112176178232
0.23579695950443452	0.05970374745914414	0.3192839342088738	0.15741222663222224	0.22780313219532505
0.23589983034782513	0.05950816791541799	0.31934737505181676	0.15740993350046767	0.2278346931844722
0.2357293237089351	0.059498797507809925	0.3194404230247131	0.15740194758194	0.22792950817660157
0.23593175038528438	0.05951886212722235	0.31941262562553085	0.15740332169692195	0.22773344016504016
0.23591967181218315	0.05981876130827615	0.31934006633754236	0.15741872950411834	0.22750277103787975
0.23591369447570842	0.05978487629768475	0.3194182835247248	0.15739273448352012	0.22749041121836167
0.2359408520652985	0.05961989224391534	0.3192866642341953	0.15740847595774293	0.22774411549884765
0.23586315945702221	0.059408881742094244	0.319390154320622	0.15739353855946148	0.22794426592079983
0.23585604533747356	0.05952473779533915	0.319300983445263	0.15742374656178681	0.22789448686013725
0.23583670484468577	0.05949835301163195	0.3193946286477201	0.15740423843298887	0.22786607506297307
0.23593534514378245	0.05935754210342051	0.3193485803949186	0.15741978442465068	0.22793874793322758
0.2357381127176958	0.05989386482865447	0.3192971673355439	0.1573937727978273	0.22767708232027828
0.23576390609646417	0.059946813401848154	0.31932955933516205	0.15742252070864837	0.227537200457877
0.23591471254368693	0.05950174573179631	0.31933188796681494	0.15742882370046196	0.22782283005723958
0.23582840769663996	0.05977590074852493	0.3193621986341437	0.1574130388283277	0.22762045409236345
0.23593827244375395	0.05976763886439679	0.3194049367284083	0.15740977894674785	0.22747937301669288
0.2358776129091579	0.05945674435842224	0.31931814435584766	0.15740990881822933	0.22793758955834262
0.2358098766042211	0.059865543781507435	0.3193783903664413	0.15740268381073574	0.22754350543709423
0.2358644039233705	0.05974155124371122	0.3192834822003427	0.15739854530436248	0.22771201732821286
0.23579242224955838	0.05986345710083696	0.3193649822751229	0.15739116587416893	0.22758797250031262
0.23576917794879115	0.05978696414495288	0.31935455263060036	0.15740199706956343	0.2276873082060919
0.23584656593755127	0.05974368930770482	0.3194408561695904	0.15741178098478636	0.2275571076003669
0.2357267007233078	0.05991161658554606	0.31941727122545	0.15741073258418495	0.2275336788815109
0.23579577310377517	0.05991136396421626	0.31940580412937103	0.15742078545277927	0.227466273349858
0.23580840097750969	0.05994965098858018	0.31931892007353213	0.15740761237881298	0.2275154155815647
0.23591596531479214	0.05976343835226508	0.31941477000899504	0.15742969737500184	0.22747612894894562
0.23578666351421534	0.059755279774851566	0.3193922846509931	0.1574022071201794	0.2276635649397603
0.2357576642409376	0.0597485029279993	0.319434101244902	0.15740836060121802	0.22765137098494276
0.23584553651295836	0.05959529716088802	0.31930501914826925	0.15738832745681577	0.22786581972106837
0.23580773671866634	0.05970935108440861	0.31937664223408413	0.1574319451115773	0.22767432485126338
0.23573283333565748	0.05968331479146918	0.3192964007461154	0.15739545872052604	0.22789199240623165
0.23590191078928288	0.059659164807009946	0.31939598407483166	0.15740329889323149	0.22763964143564377
0.2358090571879698	0.05991809248156926	0.3193153975047921	0.15738796905574862	0.22756948376992
0.2358318019098985	0.05976377071616948	0.3193630888618271	0.15740281630925057	0.22763852220285408
0.23572567018214474	0.05961639270520261	0.31943753521446117	0.1573985634207595	0.22782183847743173
0.23585485655287555	0.059546026456213624	0.31942384838314974	0.15741133313216799	0.22776393547559287
0.23580613097910935	0.05987629087152643	0.31940576095031065	0.15743049267250603	0.2274813245265473
0.23593989683744132	0.05983152005184811	0.3193253304389766	0.15740451641526973	0.22749873625646397
0.23571414568884272	0.0598962480190032	0.31927990570806547	0.15739213703302307	0.22771756355106532
0.23592458517451068	0.059724997242338096	0.3194325901095343	0.1574146214230137	0.227503206050603
0.23583673337520217	0.05959870006361351	0.3194294845083334	0.15739391271373881	0.2277411693391118
0.2359275551971839	0.05937313359395144	0.31941828227216296	0.15739265884505735	0.22788837009164414
0.23574986132625347	0.05993910487551454	0.31933536058396383	0.15740882335688988	0.22756684985737805
0.23571899363886012	0.05997418248441813	0.3194279776333284	0.15741633805633926	0.22746250818705388
0.23589827902456106	0.059681427246180335	0.31936254526291474	0.1574161565916887	0.22764159187465488
0.23586397104012735	0.05937317128032979	0.31942213132633646	0.15741309285504893	0.2279276334981572
0.23586842008168274	0.05946473091385596	0.3193246490385014	0.15741127040171443	0.22793092956424524
0.23580837431426815	0.059454062758880544	0.3194386391695375	0.15739796056779268	0.22790096318952088
0.23577284129162712	0.05951863846243591	0.3193799982748243	0.15739044856922968	0.22793807340188277
0.2357381533782241	0.05981096871555752	0.31931596643723337	0.15742918542628384	0.22770572604270092
0.23587662352735042	0.0597997477258399	0.3193492776162065	0.1573950835725372	0.22757926755806573
0.23573734233127205	0.06003543142284712	0.31937093725598675	0.1573878140838057	0.22746847490608813
0.23580746391194102	0.05984667622546366	0.3193423005067939	0.1574024556081426	0.22760110374765855
0.2357553035920147	0.05953971576698405	0.3194188157667217	0.1573905708394014	0.2278955940348779
0.2357948626667299	0.05951600972123916	0.3193747660995111	0.15741557509531195	0.22789878641720765
0.23586760521824796	0.059728140902489485	0.31936241015672606	0.15742601135480566	0.2276158323677306
0.23577806025764803	0.05987866681017054	0.3194139257109984	0.1573866889277954	0.22754265829338738
0.23582341608678498	0.059833506479017445	0.319326765693946	0.15740711293959297	0.22760919880065833
0.23588433950934923	0.059922618793716936	0.3192872012088776	0.15740428066273376	0.22750155982532222
0.2359030852848311	0.0598250660277001	0.3193657660953293	0.15742798338742323	0.22747809920471604
0.2358086589058424	0.05971591340115237	0.3193059237586258	0.1574042198571325	0.22776528407724664
0.23584551784051122	0.05966935813867591	0.3194157638137098	0.15739177064336993	0.2276775895637329
0.23573977217787054	0.059731008013247294	0.3193544228169846	0.15739000535355852	0.22778479163833884
0.23585362704433943	0.05975071015097891	0.3194112020850682	0.15741332164385363	0.22757113907575957
0.23580152899844103	0.05998610172788288	0.31931410162455565	0.1574021649192301	0.2274961027298901
0.23575280153839284	0.05998597721045215	0.31928621503341925	0.15741433287906897	0.22756067333866659
0.2358281457965147	0.05988278686808615	0.319313121733061	0.15739980913103896	0.22757613647129898
0.23577491532769604	0.05996506260875767	0.3193811145780988	0.1574249206692011	0.22745398681624615
0.23577765698114922	0.05961343389299015	0.3194436906447195	0.15740475474172497	0.22776046373941594
0.23571387990242704	0.05961295209233056	0.3193833162893118	0.15741292816282998	0.2278769235531004
0.2359044564500459	0.059504250941726816	0.3194364397428679	0.1573994044022434	0.22775544846311574
0.23583701251248956	0.059709951074794015	0.31929132689737905	0.15739788633026552	0.2277638231850716
0.23585772580503223	0.05965604319864137	0.3192889386503203	0.15739195973648806	0.22780533260951777
0.23584238723169482	0.0596892170351892	0.3193876387898678	0.1574289878480492	0.2276517690951987
0.2358064241583619	0.05947696842536904	0.31935385066666105	0.15742298121809128	0.22793977553151643
0.23586094610475025	0.059461826805425	0.3193083917778009	0.1574178399514618	0.22795099536056182
0.23575400054917273	0.05966076451743968	0.31942600009437416	0.1573942239518917	0.22776501088712142
0.23575593015066104	0.05979948129978707	0.31927679241356877	0.15740534875814105	0.2277624473778418
0.23583568500158658	0.05957744403282858	0.3194213488094962	0.15742223024315116	0.2277432919129372
0.23574258764390432	0.05966771235193863	0.3192808365854251	0.1574210542817944	0.2278878091369373
0.23583479893108533	0.05942162852148633	0.3193834905557189	0.15741679946814482	0.22794328252356436
0.23584971246620318	0.05974268354935991	0.31936847597066803	0.15742841863129842	0.22761070938247024
0.23575695861055151	0.05959807202127715	0.31932271650556854	0.15740856163140926	0.22791369123119326
0.2358838915260669	0.05950130680794774	0.31931898082220034	0.15741429138298135	0.22788152946080342
0.23577153620976002	0.059539622674455256	0.3194325468260139	0.15741557761043662	0.22784071667933398
0.23591818755847715	0.05951427261542375	0.31928507404660533	0.15738891948949	0.22789354629000352
0.23584120903756245	0.059957020865752525	0.3192830471397131	0.15740910255242246	0.22750962040454925
0.2359004129133259	0.05932814918403456	0.3194314774444558	0.1574219908816325	0.22791796957655097
0.23575330479018317	0.05985815372894085	0.3193294876239925	0.15741517535624422	0.227643878500639
0.23573441967704234	0.059714934041059736	0.3193118569720244	0.15739771853532056	0.22784107077455276
0.2357849354960344	0.059540829765443476	0.3194288874618227	0.15741025598783784	0.22783509128886134
0.235742037825622	0.059730571696354234	0.3193312064104714	0.1573884389455855	0.2278077451219666
0.23581568389525676	0.05975609148011943	0.3192853269310413	0.1574021371532872	0.22774076054029513
0.23572920726925214	0.05975854660203994	0.3194339610563381	0.15739502041120543	0.22768326466116415
0.2358389760391833	0.059934068368648896	0.31936504465427434	0.15740327333086715	0.22745863760702606
0.2358565889021249	0.0598816633392818	0.3193830232182342	0.1574121506892483	0.22746657385111055
0.2357540303165282	0.05960839182223082	0.31934130346968825	0.15741193919974528	0.22788433519180723
0.23576707896724933	0.05962449990943283	0.31929387558048095	0.15738958551877008	0.22792496002406656
0.23575259590217568	0.059842931907635816	0.3193247709878879	0.15739407823660612	0.22768562296569422
0.23581379877507203	0.05969152448369497	0.31928733760816624	0.15739682524998985	0.2278105138830767
0.2358412164960816	0.0596158563234791	0.3193371603477135	0.1574213904354061	0.22778437639731952
0.2357338352644059	0.05959388287972664	0.31934763089403784	0.1574290369132943	0.22789561404853506
0.2358328149281874	0.05988446319155383	0.31933636151695527	0.1574027599322713	0.22754360043103194
0.23584702357401155	0.05951541803470917	0.3193914643411609	0.1574231382725313	0.22782295577758682
0.23591626717670972	0.059804444424348374	0.3193742661099521	0.1574152226645333	0.22748979962445617
0.23573529319664743	0.05982292431668662	0.3193222815371798	0.15738766869597864	0.2277318322535073
0.235869069226399	0.05979131998165427	0.3193850672522991	0.1573887522950552	0.22756579124459214
0.23591562919208	0.05936868604152107	0.3193533206429223	0.15743135053246674	0.22793101359100962
0.23589241990025467	0.05966817758090193	0.31933687282217244	0.15740481155698932	0.22769771813968137
0.23573874871550796	0.059700809658459614	0.3193849660723148	0.15740629403507125	0.2277691815186461
0.23572591700762702	0.05973942313106401	0.3193646433447059	0.15741419498779607	0.22775582152880675
0.23581084636276	0.05984639384188151	0.3194305811555503	0.1574287749385945	0.22748340370121342
0.2358907502461054	0.0596746465591422	0.31937252521641274	0.15738987304059537	0.2276722049377441
0.23583172362047577	0.0598444684655641	0.3193227812135904	0.1573927187276245	0.22760830797274495
0.23580829053391245	0.05965653173212643	0.3194238961441995	0.15740091431074618	0.22771036727901517
0.23579576632962523	0.05995708474577793	0.31930059099915725	0.15742346446166902	0.2275230934637703
0.23590895804710696	0.0596372359764952	0.3193236989296119	0.15742042798582656	0.22770967906095912
0.23593732013158147	0.05959499934219353	0.3192971472621883	0.15739476383034026	0.22777576943369615
0.23581138784934405	0.059477293010520405	0.31938172309357743	0.15739240988567274	0.22793718616088515
0.2358290001241163	0.05951042037889079	0.31939702705764095	0.1574298893420583	0.22783366309729342
0.23589013204604123	0.05975723455807097	0.3193462038923188	0.15743048103789298	0.2275759484656758
0.2357809426504789	0.059897045171627666	0.3193411164804028	0.15739138276487427	0.2275895129326161
0.2359102460337621	0.059502474056086496	0.3194376268185705	0.1574122603192562	0.22773739277232444
0.2358680185513008	0.05944410078465645	0.3193935999603693	0.15740948510008168	0.2278847956035916
0.23576487013568262	0.05974509534100392	0.3193735899006162	0.15741557614776686	0.2277008684749302
0.23583002151747262	0.05964064492653673	0.31936306512030066	0.15740862420873614	0.22775764422695358
0.23573083706370623	0.05986960383582646	0.31939968149163406	0.15740239834426095	0.22759747926457208
0.23589055092248837	0.05954399641883312	0.3194132773459782	0.15741895868483352	0.22773321662786658
0.23578506858648604	0.05980503920153052	0.3193658845404652	0.15738849669453941	0.22765551097697853
0.23580834463917788	0.0598847264341171	0.31936729041832923	0.15742118539726743	0.22751845311110813
0.2358140545550777	0.05989463686974056	0.31936912240506476	0.15739863396267217	0.22752355220744452
0.23582610988079147	0.05998832126851139	0.3192981583705145	0.15739134381048753	0.22749606666969482
0.23575056961187338	0.059796518836014695	0.31940292894242495	0.15739565963301128	0.22765432297667546
0.23593014580173682	0.059741155215703695	0.31930705860779784	0.15738823791341647	0.227633402461345
0.23583367305087263	0.05951247215128197	0.3193796089225396	0.15742867334938754	0.22784557252591808
0.23587309596184297	0.05987248937510933	0.3193801363961966	0.15741766621252626	0.22745661205432452
0.2357435743564876	0.05970017878445169	0.319373725525383	0.1574169422971033	0.2277655790365742
0.23577143536924303	0.05988147159775062	0.3194307613637215	0.15739898688406445	0.22751734478522018
0.23581358539896793	0.059788019425423444	0.31933758114124045	0.1574287303158949	0.22763208371847307
0.23576600649601254	0.059460992319376765	0.3194379609002094	0.15741896579223547	0.22791607449216564
0.23590746702799667	0.05952982541325305	0.3193077117933731	0.15742107497482183	0.22783392079055514
0.23578895312975023	0.05986757006241056	0.31941327398607133	0.15742472731411203	0.22750547550765565
0.23581740976453383	0.05997871827564788	0.31929585562719764	0.15741513669721072	0.22749287963540965
0.23573583806531448	0.06001717969139572	0.3192779484546101	0.15742368732417472	0.2275453464645047
0.23578443928037165	0.05993294495890203	0.3193373567574414	0.15740823706025303	0.22753702194303163
0.2357936512771568	0.059789344068568395	0.3193513698112562	0.15742623722602778	0.22763939761699054
0.23593529864463164	0.0595736080128004	0.3193955276039269	0.1574273995613775	0.2276681661772633
0.23581618780823466	0.05956687251965198	0.31930975183373567	0.15740372208821915	0.2279034657501583
0.2357513072999057	0.05981035687365177	0.31937541160070687	0.15739011265256392	0.22767281157317146
0.23585976678489837	0.05966135097224215	0.3193477961172493	0.1574178408320696	0.22771324529354034
0.23574916293689435	0.05979379508007948	0.31928019437365485	0.15740774180504757	0.22776910580432352
0.2359406516208977	0.059545293942402294	0.319444916068828	0.15742812798478317	0.22764101038308857
0.2358208953296782	0.059421403242945564	0.3194304616385519	0.15739233064560998	0.22793490914321413
0.23590220599042455	0.059691019054874256	0.31937958909805314	0.15741596150678552	0.22761122434986228
0.2357406849098618	0.05971585876993907	0.31934318296491676	0.15739831481464206	0.22780195854064006
0.23581246844362025	0.05988360159582576	0.3193928881694645	0.15742883729602455	0.22748220449506473
0.23592373320588322	0.05963543003297833	0.3193973096466078	0.15738669667399907	0.22765683044053134
0.2358176789515855	0.059621158415842285	0.3194293737615101	0.15742691335583037	0.2277048755152315
0.23588311892891173	0.05966696760798962	0.31940278379841225	0.1574014910040332	0.22764563866065293
0.23593977636103014	0.059734160069173925	0.31942467205806824	0.15740244141605597	0.2274989500956715
0.23575181131478917	0.059602650788377926	0.31935119058730094	0.15741162112773266	0.22788272618179906
0.23585448619947408	0.059636513311774275	0.3192915690987935	0.15740735224013003	0.22781007914982782
0.23582965360790784	0.059612209601188904	0.3193592081936838	0.15743097183140092	0.2277679567658183
0.23586214912965717	0.059659082121232304	0.3193594577676062	0.15739359641314804	0.22772571456835602
0.23572491908396703	0.05978114190874875	0.3192975805820896	0.15739059112611564	0.22780576729907864
0.2357293150021426	0.059687293345018794	0.31938006510361744	0.1574253076112167	0.2277780189380042
0.23572037044602515	0.05971742192400881	0.31928745423350796	0.15740890972468496	0.22786584367177293
0.23591832492289128	0.05941130214776624	0.3194036005947218	0.1573937879704243	0.22787298436419612
0.23587449107756203	0.0595992129216355	0.31934751841352393	0.15742408839362984	0.22775468919364844
0.23574297147685225	0.059909020829774146	0.31930564803201833	0.1574297160080428	0.2276126436533122
0.23585480190224567	0.059763833807742583	0.319293715474624	0.15743055641198134	0.22765709240340617
0.2358096812183807	0.060021909315302324	0.3193262153195433	0.15738642734415334	0.22745576680262009
0.23591387688500903	0.05977827592924492	0.3193313210543219	0.15741216595981317	0.22756436017161075
0.23590768919620697	0.0597117524091586	0.3193619460023588	0.1574011328843665	0.2276174795079089
0.2357892309099512	0.059881641045305856	0.3194040418902261	0.1574133283211301	0.2275117578333865
0.23586183021036206	0.05964425742040219	0.31928825493440743	0.1573968144695176	0.2278088429653105
0.2359220412375652	0.05984840058229968	0.31937355789110133	0.1573924271866487	0.22746357310238485
0.23576554604361155	0.059791962428476425	0.3193792004114053	0.15742844048233418	0.22763485063417233
0.23574601880601137	0.0600226825682324	0.3193056385984629	0.15742685981545865	0.22749880021183444
0.23578789239857315	0.060029043398811516	0.3193074692822314	0.1574026185053354	0.2274729764150482
0.235809096048127	0.05968437700762513	0.31938331553432026	0.15740758338917926	0.22771562802074807
0.23590159177394696	0.05958114755651098	0.31938208571200144	0.15738705239730913	0.22774812256023125
0.23576065066342633	0.05989725177965763	0.3194239478672038	0.15740661650520377	0.2275115331845082
0.23588894575614638	0.059796032186258896	0.3193165872058836	0.1574296100208851	0.22756882483082574
0.23572170934666292	0.05981465652955817	0.31930618154881585	0.1574169706831841	0.2277404818917787
0.23584858516525176	0.0594818306355788	0.319347169051295	0.15740424474871467	0.22791817039915951
0.23591472526082843	0.05948190999402109	0.3193614275474147	0.15741264319226098	0.22782929400547455
0.23588498003663638	0.05952535643399598	0.3194032552171082	0.15740769051847395	0.22777871779378528
0.23581916353531923	0.059522748005231996	0.3193215315580652	0.1574062010550243	0.227930355846359
0.23585565650577967	0.05970985143197627	0.3194162513007758	0.1573917291813372	0.22762651158013084
0.2357400860738075	0.059657088439402484	0.3194202052647844	0.15742206104305473	0.2277605591789507
0.23585254296272973	0.05960297660887334	0.3192856408645227	0.15740944199755194	0.22784939756632205
0.23591538604889195	0.05978778833908188	0.3193287653827751	0.15738641921880447	0.2275816410104464
0.23592131048623435	0.05938287517888441	0.3193903007835866	0.1574032123694346	0.22790230118185983
0.235822432529959	0.05953238557009566	0.3193421266286557	0.15741704628406655	0.22788600898722292
0.23571209611101476	0.059749035582268545	0.31942060339515027	0.1574107868766454	0.22770747803492078
0.23584196711672634	0.059775617719873525	0.31931043690599975	0.157418716119757	0.22765326213764314
0.2359211495749704	0.05966130325104299	0.31943997427658205	0.15742361774937705	0.2275539551480273
0.2358189731335154	0.05967639205921485	0.3193999121663061	0.15740158299313065	0.22770313964783276
0.2358730832218434	0.059385819061244044	0.3193870258395385	0.1574246408166917	0.22792943106068211
0.23571297484040296	0.05967045385484829	0.31928404970608226	0.15742060583373857	0.22791191576492761
0.23575371994654765	0.05978179308582743	0.31936571833662825	0.15741983619149197	0.22767893243950446
0.23593518330130564	0.05940124272778202	0.31934808017264954	0.15740883331945205	0.2279066604788105
0.23573621073288598	0.05950415041186061	0.31938003043148844	0.15743020337322267	0.22794940505054206
0.23589788455462943	0.05935082395444366	0.3194244476486533	0.1574284482517726	0.2278983955905008
0.23593996943067094	0.059357732816703423	0.31936224349688624	0.15742073828325448	0.2279193159724847
0.2359053191806014	0.0593317077026409	0.3194112138787353	0.15743141211525832	0.22792034712276385
0.23573263055237512	0.059596703711243676	0.31935479900789804	0.1574299530704082	0.22788591365807473
0.23571326563623235	0.05952308630894468	0.31943583915488194	0.15742241718432515	0.22790539171561564
0.23594023909873008	0.059419504670474826	0.31928622115389127	0.15742354236330217	0.22793049271360138
0.2359399949816849	0.05942050854228262	0.3193592434082613	0.15740627466857554	0.22787397839919543
0.235726829754321	0.059749970264049795	0.31935064527376983	0.15742575092298622	0.22774680378487297
0.23590603552448083	0.059724830760434305	0.3194060986086518	0.1573953252843554	0.22756770982207739
0.23576010789615076	0.05992878933908502	0.319304151493191	0.15739324224673618	0.2276137090248368
0.23584274146677858	0.05953752017249264	0.31933516186837496	0.15742067564859358	0.22786390084376004
0.2357217631696816	0.05953922873692477	0.31943444157445244	0.15738700957646778	0.22791755694247312
0.23579704331453177	0.059528523161760855	0.3193934756466109	0.1574145463678752	0.22786641150922096
0.23587094539793368	0.059383204794644345	0.31943555764434717	0.15742405582743116	0.2278862363356434
0.2358997380202087	0.05960651196618835	0.3194284881914044	0.15741776101766325	0.22764750080453505
0.23582769938725695	0.059666455279629105	0.31938584776236556	0.15742010382348576	0.22769989374726243
0.23584231192391278	0.059651893338029255	0.31931637561967713	0.15741276357047906	0.22777665554790152
0.23584116298722216	0.05992861164099339	0.319353257503452	0.15741735089374023	0.22745961697459202
0.23594122262013778	0.059683150748202934	0.31930044476634245	0.15741125214877544	0.22766392971654115
0.23592114949811954	0.05937310041401073	0.3194127216052218	0.1574135711656984	0.22787945731694928
0.23589132720744013	0.05961313469344803	0.3193054764063058	0.15740334284113955	0.22778671885166618
0.23587682798625903	0.059777854770428324	0.3193509374870067	0.15742315923162686	0.22757122052467874
0.23586987850514107	0.059791767623786435	0.3193480827472956	0.1573978117439701	0.22759245937980652
0.23577951544246714	0.05995383230133494	0.3193277408289472	0.157417224536141	0.22752168689110952
0.23582066785764766	0.0597086961000548	0.31930774942880374	0.15740610988259982	0.22775677673089373
0.23575734207697396	0.05978088192338249	0.3193514399895959	0.1574045915693581	0.2277057444406893
0.23572752087274362	0.05960449560871359	0.31943144761127773	0.15741431185348959	0.22782222405377525
0.23588107137701755	0.059464976728675595	0.3193068223466528	0.15742132737893477	0.22792580216871905
0.2359088161792653	0.059582741518715066	0.3192915763887151	0.15742242044532473	0.22779444546797958
0.23571796318544905	0.059832207923587954	0.31932564912627176	0.15739009044815644	0.2277340893165346
0.23572119466321143	0.05991185114201694	0.31929051954891396	0.15739987076728706	0.2276765638785703
0.23586193020809076	0.05976541156517484	0.31933025865868647	0.15741911469996026	0.22762328486808744
0.235767004985462	0.059949463066791414	0.3194001862950949	0.1574289474762574	0.22745439817639404
0.23575346921461818	0.05967638367752945	0.3193200136256699	0.1574099291467606	0.2278402043354216
0.23571530005865654	0.059979042745972155	0.3194271958602968	0.15741214722541852	0.2274663141096558
0.2359232766748171	0.05950751773166338	0.31939122558685334	0.1574071568504783	0.22777082315618763
0.23588938038715343	0.05944334363113518	0.3193517217454306	0.15742791237408685	0.22788764186219373
0.235720455639715	0.059740345356437546	0.31939248835604517	0.15740980594269	0.22773690470511207
0.23578788890582222	0.05951121900545067	0.3193326171068952	0.15742036854697739	0.22794790643485424
0.23579315761787023	0.05946675636772947	0.31939737736359586	0.15738923543860397	0.22795347321220022
0.23584817837047634	0.05952455977383572	0.3194002373848908	0.1574027608458347	0.22782426362496222
0.2357738899372874	0.059510372145604146	0.31937208838456965	0.1574227040368953	0.2279209454956433
0.23583857712087508	0.05947221600960775	0.31941930790737016	0.1573860303878879	0.2278838685742589
0.23593411569551404	0.059377777645913205	0.3194336120458928	0.15742460306193037	0.22782989155074934
0.2358438900245023	0.05939058031640196	0.3194327791767523	0.15740847155245863	0.22792427892988457
0.23592015476139716	0.059306043080437826	0.3194371323391221	0.15739047293615527	0.22794619688288742
0.23581339998856654	0.059576938538674795	0.31930883670117527	0.15740933773146765	0.22789148704011553
0.23575524982189583	0.05959966505769032	0.3193591848446672	0.15739529488472834	0.2278906053910181
0.23593426295968042	0.059544816511486826	0.3192911621736811	0.15742075526942695	0.22780900308572452
0.2359019051043128	0.05943073159353218	0.3193141982078646	0.1574033206404812	0.22794984445380895
0.23585423516370196	0.059541792977681474	0.31937160064992876	0.15743184657525083	0.22780052463343672
0.23575827262862067	0.059557248173366995	0.31942688036419986	0.15742465754800453	0.2278329412858077
0.23579067689957753	0.05976890231200305	0.3192800692217382	0.1574192432840885	0.22774110828259247
0.23590542581226487	0.05967621630789238	0.3193465535621147	0.15742582622589074	0.22764597809183704
0.23580245982564996	0.059927019305932056	0.3194059212353571	0.15739658539622475	0.2274680142368359
0.23588980809312804	0.05979656627622873	0.31928481736386105	0.15742889982812486	0.22759990843865707
0.23592105744996866	0.059714989259299606	0.31941751549501424	0.15739127793758234	0.22755515985813496
0.2357312332247869	0.06007547749362377	0.3193466215787214	0.15739101953914603	0.22745564816372166
0.23581339874590057	0.05983004779443413	0.31940182183522337	0.15740304142272074	0.22755169020172097
0.23588924721058932	0.05949636855702392	0.31933944556692306	0.1573901008034736	0.2278848378619898
0.23572177994239998	0.059875883469238916	0.31931420603448635	0.15739662893922585	0.22769150161464866
0.23588534086284066	0.059766902871627586	0.31931788623474483	0.1573864908090446	0.22764337922174205
0.23590365422435905	0.05966669650495837	0.3193461992511853	0.15738651861018568	0.22769693140931135
0.23590504379150837	0.05960884010106893	0.3193849648004373	0.1574083779525044	0.22769277335448077
0.23589798824282981	0.05980720346331281	0.3193179382294682	0.157431823819896	0.22754504624449295
0.23586816099401592	0.05985822559660453	0.31929023915994903	0.15740995596516857	0.22757341828426172
0.23580470384747268	0.059762825265207375	0.31942827817065444	0.15740522959611797	0.22759896312054728
0.2358120101709772	0.059621980899758176	0.31932863383993715	0.157431858929606	0.22780551615972122
0.2358107216352992	0.059624726837461534	0.3193008879737073	0.15740929503407092	0.22785436851946073
0.2359388624645623	0.059649413709902815	0.31940013689205926	0.15742640415939907	0.22758518277407624
0.23587601419866686	0.05943085069998613	0.3194251246271185	0.1574080517556396	0.22785995871858866
0.2358820019078512	0.05960676459187772	0.31934317798487444	0.15739184831356096	0.2277762072018354
0.23578304023124536	0.05955656513713087	0.3194371328001644	0.15740018937467262	0.2278230724567865
0.23583704907165282	0.05959363688228386	0.3193707643159842	0.1574266812291882	0.22777186850089065
0.23587169546696568	0.059529527070001004	0.31940423118851224	0.15740109576574013	0.22779345050878066
0.23592051518745585	0.05957574160839868	0.31931209027525026	0.15739946616587422	0.22779218676302077
0.23586321891230322	0.05960414354580465	0.3193617058407282	0.15739482887642947	0.22777610282473423
0.23592208439063986	0.059819383236641044	0.31931107638727196	0.15738757246514784	0.22755988352029907
0.23589976370785964	0.059785322330186824	0.31941799928432196	0.1573874321762406	0.2275094825013907
0.2357739026720514	0.059845773709680083	0.31930385171333353	0.15740597932651698	0.2276704925784177
0.23587229335730187	0.05957796691310105	0.3193657414725498	0.1574037492133154	0.22778024904373162
0.23589786309579155	0.05966587046063296	0.3193876784744031	0.15741438671047076	0.22763420125870137
0.2358412564216579	0.0598474208793843	0.31943507242491614	0.15740086460923886	0.2274753856648025
0.23593829840828145	0.059849947428478656	0.31932313664619216	0.15738697139676017	0.22750164612028725
0.23583116216037422	0.059869898514825076	0.3192903285550996	0.15741968256287142	0.22758892820682944
0.23582669696186426	0.05967511818421878	0.31929954139538685	0.1574122906480731	0.2277863528104568
0.23589162207380424	0.05956280879740225	0.31934393669865396	0.15742942536609997	0.2277722070640393
0.23572540421400862	0.05974053940775795	0.31943586611924113	0.15740637642407107	0.22769181383492101
0.23575197721990676	0.05981180326170368	0.3193943090723092	0.15739374623913763	0.2276481642069425
0.23591339040285392	0.05977627015465767	0.31940715409385584	0.15740645604283032	0.227496729305802
0.2358266688794921	0.059739144560695956	0.3192900353726432	0.15742145724468085	0.22772269394248765
0.2358306701545101	0.05964068085783236	0.31935875895937704	0.15739943030601034	0.22777045972226986
0.23577037051956073	0.05981838566105491	0.3193451234153916	0.15738868041962695	0.22767743998436552
0.23581792335019244	0.059589469830106184	0.3194176389141603	0.1574186266437292	0.2277563412618116
0.23572457968461763	0.060035020569740305	0.31930529970072696	0.1574119236816629	0.227523176363252
0.23576675329407076	0.059753618110593903	0.31935678181474814	0.15739977034696478	0.22772307643362216
0.2358874720005395	0.05963209440928882	0.3193210867849662	0.15742569908752083	0.22773364771768442
0.23574035239109536	0.059671986743576655	0.3193785436080241	0.1573953136524629	0.2278138036048407
0.2359132926833718	0.059790385439950855	0.3193054126488536	0.15738632692033744	0.227604582307486
0.23590235442042956	0.05949974971972574	0.31943862220769975	0.1574254441698068	0.2277338294823379
0.235868075732855	0.059683839544840495	0.3194164672861977	0.15742335828329404	0.22760825915281252
0.2358928785034991	0.059650732064023326	0.31932232783232206	0.15740326433719282	0.22773079726296247
0.23572181062890915	0.0596411023485611	0.31942821110288216	0.15741870613689113	0.22779016978275618
0.23578997023527754	0.05965180502571446	0.31934228202526743	0.15741938851834564	0.22779655419539468
0.23572724433315737	0.059481057319523606	0.31942875199171733	0.15742950089409183	0.2279334454615096
0.23578397168024262	0.05962536942712118	0.31932642817602513	0.15741750765870968	0.22784672305790116
0.23575607093093132	0.05975208947341615	0.3193573893481726	0.15742414212953032	0.22771030811794937
0.23593660756991036	0.05948624205157163	0.3194331813312815	0.1573889517455089	0.2277550173017273
0.2358634548759955	0.05961931497849679	0.31942569639152124	0.1574162342759041	0.2276752994780821
0.23582423389221363	0.05942620898380488	0.3194252244044994	0.1574097395966384	0.2279145931228435
0.23573912277539816	0.05963847420369647	0.3193560123647294	0.15741116351993473	0.22785522713624107
0.2357412988456713	0.05970736514853622	0.3193435156794981	0.15739381476637343	0.2278140055599207
0.235777911081951	0.05992352336865425	0.31935877203449736	0.1574245111589419	0.2275152823559552
0.23593718208597397	0.05977710377891868	0.3194047047869385	0.15740414405417402	0.22747686529399463
0.23579436795245112	0.059828152405660695	0.3193524993968521	0.15738689082362378	0.227638089421412
0.2359221579957034	0.059590126014000044	0.31932760243842606	0.15739805751973002	0.2277620560321402
0.23593671163153052	0.05952621786269269	0.31939849500071504	0.157388431888989	0.2277501436160726
0.2358406427118332	0.059554941032157416	0.3194440755227165	0.15739194685084987	0.22776839388244277
0.2358955792011264	0.0598764115851414	0.3193668010916981	0.15740069789587158	0.2274605102261622
0.23576811126081756	0.05990174305723997	0.3193702200460526	0.15741343208344724	0.22754649355244236
0.23583798567493636	0.059452857924162245	0.3194323478215125	0.15739165808025918	0.2278851504991295
0.23591235998212573	0.05946288447787332	0.31928872269006514	0.15738936044055107	0.2279466724093845
0.23586958542282963	0.05965832135701851	0.31932053426624685	0.1574151753241927	0.22773638362971205
0.23574849977168108	0.059644670677072714	0.31944276336186905	0.15739124259572607	0.2277728235936509
0.23587773842108412	0.05971924056118516	0.3193319300999969	0.15738601783398845	0.22768507308374517
0.23588920261088003	0.05940874703372945	0.3194113741055759	0.15739724177354958	0.2278934344762648
0.2359374329967266	0.05968366601551803	0.31933934630808486	0.15742015075356225	0.22761940392610808
0.23581551186733474	0.05989841487844308	0.3193568303726525	0.15740972785144566	0.22751951503012383
0.2358469015213027	0.05977005390689699	0.3193581796664636	0.15742069399552722	0.22760417090980922
0.23572629914254878	0.06003148782227977	0.3192918071564749	0.15742472440174426	0.227525681476952
0.23577694512855857	0.060071448108177494	0.319286510236389	0.15739792436149902	0.2274671721653756
0.2358424022965178	0.05963547644042838	0.3194075699770643	0.157414380476635	0.22770017080935429
0.23591191800801797	0.059578791718781055	0.31933104023584735	0.15740361679711393	0.22777463324023942
0.2359265602548834	0.05988236967190863	0.31930752344104846	0.15739404128194648	0.22748950535021278
0.2358722506940491	0.0597642655615192	0.31931858212412734	0.1573873223955931	0.22765757922471103
0.23587354411587713	0.05981319259344331	0.3193468306479227	0.15742634062226601	0.2275400920204906
0.23577478111620037	0.05988219625511931	0.31927965894267984	0.15742334972076227	0.22764001396523798
0.23588788847143183	0.059822796995633726	0.31935684929508196	0.15739253710241843	0.2275399281354338
0.23577028573074676	0.059958177686249836	0.31937572341118425	0.15743148597729137	0.22746432719452758
0.2357882811689354	0.0598637393771034	0.3194293074327914	0.1574047635803386	0.22751390844083091
0.23585724537063224	0.05974318342057902	0.3193108389342243	0.15741353527063817	0.22767519700392602
0.2357418377323503	0.06009643467176509	0.3192945969252565	0.15740955378335708	0.22745757688727072
0.23587087316028993	0.059509098767837915	0.31940051736548614	0.1574208026878049	0.22779870801858088
0.23575636212096462	0.059676514040371165	0.31934160333427414	0.15741410931721891	0.22781141118717094
0.23587708036018787	0.05974776272923554	0.3192852750472611	0.15741032090986454	0.22767956095345074
0.23593391766875815	0.05962089764036588	0.3193883929171833	0.15739506334029552	0.2276617284333969
0.23593426029426356	0.05964216345094775	0.31940436916125675	0.1574082587375818	0.22761094835594992
0.23575458224438245	0.059698678392650195	0.319391633101315	0.15740497872536638	0.22775012753628568
0.23575893076483617	0.05972412697762028	0.3193404794437887	0.15740015530166146	0.2277763075120932
0.2359427751934508	0.05965097707781242	0.3194177243117882	0.15739004025313694	0.2275984831638114
0.2359166554714784	0.05982517426395484	0.31933764968318956	0.1574060558740658	0.22751446470731115
0.2358654090785525	0.05965376936362918	0.319328142372019	0.15742511252010782	0.22772756666569122
0.23593529151224096	0.059472417206887035	0.3192973586391873	0.15741371236300294	0.22788122027868152
0.2357485419663518	0.059698054383324956	0.31934051622264426	0.15739902613377338	0.2278138612939054
0.23584294909945597	0.05942293120509423	0.31942586793942646	0.15740628915671895	0.22790196259930418
0.23584767712334392	0.059954078551106293	0.3193082020911098	0.15740787741797263	0.22748216481646713
0.23572288433041821	0.059779646533138414	0.319374810364226	0.15743152601532895	0.22769113275688818
0.23583055460803964	0.05967041799011233	0.3192850335450354	0.15742135262909399	0.22779264122771842
0.235728193105408	0.059527022247665706	0.3194006866675549	0.15741452789063448	0.22792957008873668
0.23587129971907733	0.059416138576750516	0.31943438257420764	0.15740426583146028	0.22787391329850398
0.23587012117273723	0.05981648436156933	0.31927799518769917	0.15739217384445417	0.22764322543353985
0.23582134584194003	0.059679674355013895	0.3193639941770475	0.15740741975953776	0.22772756586646054
0.2357517936756008	0.05955067805074918	0.31944419331101725	0.15742776369365474	0.2278255712689777
0.23594400185755748	0.059719787146802844	0.319303623006053	0.15741707504826866	0.22761551294131777
0.23584750129180865	0.05971177866943603	0.3194439430093893	0.15738848489703225	0.22760829213233355
