0.6476591623372016	0.3523408376627981
0.6482123152946937	0.35178768470530597
0.6484236584116533	0.3515763415883464
0.6457415223342666	0.35425847766573304
0.6461393632085222	0.3538606367914775
0.6473483537306545	0.3526516462693452
0.648052826311876	0.35194717368812367
0.6457246444807224	0.35427535551927725
0.6478485959463636	0.3521514040536361
0.6463581760516652	0.3536418239483345
0.6490587184362618	0.35094128156373783
0.6465844048513771	0.35341559514862253
0.6488371788607445	0.3511628211392551
0.6480745064884947	0.3519254935115049
0.6467581641453466	0.3532418358546531
0.6469750617216199	0.3530249382783798
0.64760763591484	0.3523923640851596
0.6461906737817377	0.353809326218262
0.6482042245582486	0.3517957754417511
0.6459239862219557	0.354076013778044
0.6480813358179338	0.3519186641820659
0.6478211472543023	0.35217885274569743
0.6462272600273992	0.3537727399726005
0.6459210972536739	0.3540789027463258
0.6455215791504354	0.3544784208495642
0.6465129691046586	0.35348703089534106
0.6484861786743875	0.35151382132561215
0.647578883472481	0.3524211165275186
0.6467998472689176	0.3532001527310821
0.6466625047309535	0.3533374952690462
0.6489779817748722	0.3510220182251275
0.6485693301651563	0.35143066983484345
0.6461371373829096	0.3538628626170901
0.6457264456826285	0.3542735543173712
0.6485347083826947	0.35146529161730505
0.6479165972852917	0.35208340271470795
0.646419724204327	0.3535802757956727
0.6489776106690596	0.3510223893309401
0.6458034358482754	0.35419656415172424
0.6491743763700013	0.35082562362999836
0.6453481842507721	0.35465181574922755
0.6485260105556863	0.3514739894443134
0.6490146142902709	0.35098538570972887
0.6488046744368448	0.35119532556315486
0.6473773575266756	0.3526226424733241
0.6464887660533736	0.35351123394662604
0.6478119123705134	0.3521880876294863
0.6481102492969386	0.35188975070306105
0.6475916323075674	0.35240836769243217
0.6490443255493892	0.3509556744506105
0.649124294108316	0.35087570589168376
0.645460077933981	0.35453992206601864
0.6454312463612173	0.3545687536387824
0.6472336817828056	0.35276631821719406
0.6463275572825863	0.3536724427174134
0.6453268494534296	0.3546731505465701
0.6466702193926283	0.3533297806073714
0.648825165687697	0.3511748343123027
0.6476587432601568	0.3523412567398429
0.6467559086912966	0.35324409130870305
0.6483683976550345	0.3516316023449651
0.6484271774063307	0.35157282259366895
0.6480482893837196	0.35195171061628
0.6457393184632529	0.35426068153674667
0.6462709465199492	0.35372905348005046
0.6478014570543216	0.3521985429456781
0.6460898516413662	0.3539101483586334
0.6458773220847837	0.354122677915216
0.6469831859146231	0.35301681408537655
0.6472196623001034	0.3527803376998962
0.6454130552309689	0.35458694476903074
0.6474386660311005	0.35256133396889916
0.6458849561351573	0.3541150438648424
0.6491154512970314	0.35088454870296826
0.6473558532285713	0.35264414677142847
0.6488691470432846	0.35113085295671514
0.646455172711477	0.35354482728852266
0.6489237522822666	0.3510762477177331
0.6479929489293357	0.352007051070664
0.6453750525532337	0.354624947446766
0.6478136133831238	0.35218638661687585
0.6474286268776654	0.3525713731223342
0.6473759550719624	0.35262404492803723
0.6466061779524528	0.35339382204754693
0.6456482135111267	0.354351786488873
0.6469509472366146	0.353049052763385
0.6460096989865475	0.3539903010134522
0.6464328770250576	0.3535671229749421
0.6470031832846673	0.35299681671533234
0.6473276317059307	0.352672368294069
0.6454779191884412	0.3545220808115584
0.6483874180272863	0.3516125819727134
0.6489462882140168	0.3510537117859829
0.6488879933977576	0.35111200660224207
0.6457381050497453	0.35426189495025434
0.6467220713805212	0.3532779286194785
0.6463975506778474	0.35360244932215223
0.6491268930724405	0.35087310692755913
0.6490829821809949	0.35091701781900475
0.6474064729138607	0.35259352708613895
0.6477168701892017	0.352283129810798
0.6476850647169683	0.35231493528303137
0.64629280869566	0.3537071913043397
0.6479224983827564	0.35207750161724327
0.6461129902078561	0.3538870097921436
0.6484162969584201	0.3515837030415796
0.6467167196918974	0.3532832803081023
0.6487749306793856	0.35122506932061404
0.6464688519083153	0.35353114809168446
0.6464692819885327	0.35353071801146696
0.6472666320279516	0.3527333679720481
0.6456642696271165	0.35433573037288313
0.6471378356847031	0.35286216431529654
0.6483131845372209	0.3516868154627788
0.6458068756470764	0.35419312435292327
0.6453881489191302	0.35461185108086946
0.6467954038996747	0.35320459610032495
0.6457064215008671	0.35429357849913257
0.6481347509949331	0.35186524900506655
0.6457865270524301	0.35421347294756955
0.6486740149761894	0.35132598502381024
0.6455431819960076	0.3544568180039921
0.6471949361162841	0.3528050638837156
0.646957224656111	0.35304277534388856
0.6459627939532367	0.3540372060467629
0.646358775223286	0.35364122477671367
0.6457281463843404	0.35427185361565927
0.6471587276627867	0.35284127233721296
0.649107122259236	0.3508928777407637
0.648812647211461	0.35118735278853863
0.6489249207472778	0.35107507925272186
0.6457857049085284	0.3542142950914713
0.646691246174299	0.3533087538257007
0.6462547405432002	0.3537452594567995
0.649135202643601	0.35086479735639864
0.6467882949557715	0.3532117050442281
0.6469282058754092	0.35307179412459044
0.6479165074640418	0.3520834925359579
0.6458766289838583	0.35412337101614133
0.6478440739734129	0.35215592602658674
0.6489564741282371	0.3510435258717626
0.6476656959202678	0.3523343040797319
0.6455715436341791	0.3544284563658206
0.6485891720537417	0.351410827946258
0.6491369403035104	0.35086305969648923
0.6457669742514793	0.35423302574852034
0.6457601037614855	0.35423989623851415
0.6455974639395262	0.35440253606047345
0.6454912233432823	0.3545087766567174
0.6478706388079736	0.3521293611920261
0.6492813543737559	0.3507186456262438
0.6486243895107815	0.3513756104892182
0.6467372415059467	0.353262758494053
0.6473022040680578	0.35269779593194184
0.648744857595345	0.3512551424046547
0.6464154711114762	0.35358452888852343
0.64885452898656	0.3511454710134396
0.6460381137284645	0.3539618862715352
0.6475806058457494	0.3524193941542502
0.6485880437533966	0.35141195624660304
0.6473944661149771	0.3526055338850226
0.6486898335326994	0.35131016646730023
0.6485986270539992	0.3514013729460005
0.6468074589441715	0.3531925410558282
0.6473369566270661	0.3526630433729335
0.648687957216548	0.35131204278345163
0.6481527256170303	0.35184727438296937
0.6464404069279932	0.35355959307200646
0.6492584463811646	0.35074155361883513
0.6470243052601781	0.3529756947398216
0.6492513935012463	0.3507486064987534
0.6470469019289586	0.352953098071041
0.6462494518419983	0.35375054815800133
0.6479270562792865	0.35207294372071324
0.6465711851233467	0.353428814876653
0.6473098445986452	0.3526901554013545
0.6476005633858533	0.3523994366141464
0.6486497264805242	0.35135027351947545
0.6453081033567594	0.35469189664324036
0.6460222452716999	0.35397775472829973
0.647164920656367	0.35283507934363273
0.6457503639734461	0.35424963602655357
0.6458551381611574	0.3541448618388423
0.6481870476264292	0.35181295237357046
0.6458949233407945	0.3541050766592052
0.6467857200440382	0.35321427995596144
0.6478521508278154	0.3521478491721843
0.6489598382573577	0.35104016174264197
0.6464786655459659	0.3535213344540338
0.6454958910064091	0.3545041089935905
0.6471949321919382	0.3528050678080614
0.6483590269963095	0.3516409730036902
0.645893338132761	0.3541066618672387
0.6463755671405156	0.3536244328594841
0.6492273319334222	0.3507726680665775
0.6490526537920402	0.3509473462079594
0.6476122031915839	0.35238779680841575
0.6487461949796486	0.3512538050203511
0.647756273192452	0.3522437268075477
0.6472235443369092	0.3527764556630905
0.6483700550225557	0.35162994497744393
0.6486645115209202	0.35133548847907947
0.6466861537326487	0.3533138462673509
0.6473961056966421	0.3526038943033576
0.6488834844700746	0.3511165155299251
0.648632865674148	0.3513671343258517
0.6470755086130507	0.3529244913869489
0.6465460279440587	0.353453972055941
0.648542062452877	0.3514579375471227
0.6465239028004333	0.35347609719956635
0.6470660035532019	0.35293399644679774
0.6483347921495124	0.35166520785048727
0.6459174233374401	0.3540825766625596
0.6469176146578561	0.35308238534214353
0.648781436273732	0.3512185637262677
0.6454739019829063	0.35452609801709334
0.646400881591614	0.35359911840838565
0.6491938120285612	0.3508061879714385
0.648110155123848	0.3518898448761517
0.6453634231162317	0.35463657688376793
0.6467706676521956	0.353229332347804
0.6460361734305458	0.3539638265694539
0.6469895890135486	0.35301041098645103
0.6490899458252328	0.35091005417476684
0.6468707746732612	0.3531292253267385
0.6463418225026036	0.35365817749739603
0.646257207290385	0.3537427927096146
0.6482195146268626	0.35178048537313705
0.646465255070426	0.35353474492957365
0.6477517572496106	0.352248242750389
0.6483621522897438	0.35163784771025586
0.6461908388002776	0.35380916119972206
0.6456283549777717	0.3543716450222279
0.6474404073730418	0.35255959262695796
0.6453433312104269	0.3546566687895728
0.6459808681987514	0.3540191318012482
0.6465203915395087	0.353479608460491
0.6485450417402474	0.3514549582597522
0.6461080110367057	0.353891988963294
0.646093890520629	0.3539061094793706
0.6487880889912871	0.3512119110087125
0.6455849511831042	0.35441504881689545
0.6456102723554226	0.3543897276445771
0.649167128784139	0.35083287121586076
0.6459312420850972	0.35406875791490244
0.6460363843405011	0.3539636156594985
0.6473390572606638	0.3526609427393359
0.6486338492530919	0.3513661507469078
0.6454345093311555	0.3545654906688441
0.647544376153868	0.3524556238461317
0.6453218490951003	0.35467815090489946
0.646533800354931	0.3534661996450686
0.6466135791334079	0.3533864208665918
0.6490352969280953	0.35096470307190447
0.6480611886250495	0.3519388113749502
0.6463169576952703	0.35368304230472936
0.6470861714351808	0.3529138285648189
0.6488441574332404	0.35115584256675925
0.6478023452319894	0.35219765476801024
0.6465836819303177	0.353416318069682
0.647540131450918	0.3524598685490816
0.6484765960950921	0.35152340390490755
0.6490840860372947	0.35091591396270494
0.6454641849187795	0.3545358150812201
0.6457864858428776	0.3542135141571221
0.6471979121504421	0.3528020878495576
0.6472595491198737	0.35274045088012596
0.64772103913022	0.3522789608697796
0.6469431087348341	0.3530568912651656
0.6458213244765104	0.35417867552348925
0.6463641041739212	0.3536358958260785
0.6455319146716718	0.35446808532832785
0.649072075178394	0.3509279248216056
0.6455194225231442	0.35448057747685546
0.6454467148998537	0.35455328510014594
0.6485925920752615	0.35140740792473807
0.648939278452663	0.3510607215473367
0.6462870439023038	0.3537129560976958
0.6471190103667273	0.3528809896332724
0.6486714520073046	0.3513285479926951
0.6471179941139824	0.35288200588601726
0.6482230245041448	0.35177697549585485
0.6485348507183049	0.35146514928169476
0.6482692514044286	0.35173074859557113
0.6458700777484587	0.35412992225154094
0.6484295556480678	0.35157044435193185
0.645316510868164	0.3546834891318356
0.646712586239097	0.35328741376090267
0.6456641559964967	0.35433584400350293
0.6458810795765467	0.35411892042345294
0.6486799743999125	0.3513200256000872
0.6480937492490343	0.3519062507509654
0.6492602155788285	0.35073978442117115
0.6489511789313349	0.35104882106866475
0.6476043127268512	0.3523956872731485
0.6485414751055443	0.35145852489445534
0.6490138682347297	0.35098613176527
0.6465004969829823	0.3534995030170174
0.646846666076862	0.35315333392313764
0.6482023957930211	0.3517976042069786
0.6490769085208772	0.35092309147912243
0.647430288040342	0.35256971195965764
0.6474984556255308	0.3525015443744689
0.6476664729251713	0.35233352707482835
0.6461006961999756	0.3538993038000241
0.6481578400859476	0.3518421599140521
0.6491636831575869	0.3508363168424128
0.6464402638057857	0.353559736194214
0.6476502446427462	0.35234975535725344
0.6456772031947715	0.35432279680522816
0.6478851260490001	0.3521148739509996
0.646160662885161	0.3538393371148386
0.6455585276345797	0.35444147236541995
0.647161917560711	0.3528380824392887
0.6486606710294514	0.3513393289705483
0.6488765606012722	0.3511234393987275
0.6479368920524416	0.352063107947558
0.6486457181906866	0.35135428180931305
0.6466041067545328	0.35339589324546683
0.6468516874628458	0.3531483125371538
0.6467359197890523	0.35326408021094735
0.6477674803767108	0.35223251962328883
0.6459550266415751	0.35404497335842455
0.6457685606405248	0.3542314393594748
0.6465828799527854	0.35341712004721426
0.6470612490199593	0.35293875098004035
0.6460826846690135	0.3539173153309861
0.6473743640506491	0.3526256359493506
0.6465728430962507	0.3534271569037489
0.6461629082635474	0.3538370917364522
0.6470109535082267	0.352989046491773
0.6478249208202075	0.3521750791797922
0.6480838839486471	0.35191611605135253
0.6463254268014018	0.35367457319859785
0.6483676509417108	0.3516323490582889
0.6477903949368933	0.35220960506310633
0.6469275536150854	0.35307244638491425
0.6481569598160875	0.3518430401839122
0.6472921226737893	0.3527078773262103
0.645488825420894	0.35451117457910564
0.648535246507148	0.35146475349285167
0.6471741521476276	0.35282584785237203
0.647377033831177	0.3526229661688227
0.6472452588443458	0.3527547411556538
0.6471435953250687	0.35285640467493096
0.649201866225806	0.35079813377419367
0.6470663488368389	0.3529336511631608
0.647434715496027	0.3525652845039726
0.6483112453000597	0.35168875469993993
0.6481933914921549	0.3518066085078447
0.6478033309429776	0.35219666905702207
0.6487866679183036	0.3512133320816961
0.6463760337345157	0.353623966265484
0.6486696350121126	0.35133036498788706
0.6467410955922562	0.35325890440774343
0.6483077514976419	0.35169224850235786
0.6473551585741038	0.35264484142589597
0.6475897727486176	0.35241022725138205
0.6457009362919995	0.35429906370800013
0.6474665928915776	0.35253340710842207
0.6459365265211574	0.35406347347884226
0.6461184866848583	0.3538815133151414
0.6454109802174345	0.3545890197825652
0.6470046991707612	0.3529953008292385
0.6484552398231449	0.35154476017685476
0.6457847364289097	0.35421526357109
0.6473824185520711	0.35261758144792854
0.6466635262371989	0.35333647376280075
0.6459049046337418	0.35409509536625783
0.6472941052576823	0.3527058947423174
0.6485407158119678	0.35145928418803185
0.6479050441252364	0.35209495587476325
0.6484088601705762	0.3515911398294234
0.6483076471893443	0.35169235281065536
0.6457095181877325	0.3542904818122672
0.6468361904022996	0.3531638095977001
0.6465532682325457	0.353446731767454
0.6481598779639733	0.3518401220360263
0.6474758880876702	0.35252411191232946
0.6473634405507338	0.3526365594492658
0.6460983705881913	0.35390162941180836
0.6454154055690389	0.3545845944309608
0.6466319140296756	0.3533680859703241
0.6484061061779332	0.3515938938220665
0.6474022193811506	0.35259778061884905
0.6467179996289603	0.3532820003710394
0.6483347752482266	0.3516652247517731
0.6470303256984689	0.3529696743015308
0.6472790335313395	0.35272096646866014
0.6459566422331222	0.3540433577668775
0.6484865213985886	0.351513478601411
0.647890865350683	0.3521091346493167
0.6453279294908263	0.3546720705091734
0.6475965586878965	0.35240344131210327
0.6469828170744832	0.3530171829255164
0.6485224703455329	0.35147752965446677
0.6458381613957274	0.35416183860427225
0.6492079942697022	0.35079200573029745
0.6490355172650295	0.3509644827349701
0.6481280750938527	0.3518719249061469
0.6467804771482564	0.35321952285174335
0.6474303336541567	0.352569666345843
0.6464863771570643	0.3535136228429354
0.6459675138185749	0.3540324861814248
0.6453275784401498	0.35467242155984985
0.6492706657946838	0.3507293342053158
0.6458334716153181	0.35416652838468154
0.6492579573939602	0.3507420426060395
0.6472839722190542	0.35271602778094546
0.6455141016813594	0.3544858983186403
0.6460358229382271	0.3539641770617725
0.647824913136826	0.35217508686317367
0.6468598677547943	0.3531401322452054
0.6467681311282221	0.3532318688717776
0.6464559225182204	0.3535440774817793
0.64781684029577	0.35218315970422964
0.6457946458611404	0.35420535413885923
0.6459422203634186	0.35405777963658097
0.6478749740026822	0.35212502599731743
0.6472068486144561	0.35279315138554357
0.6485605281964827	0.351439471803517
0.648583813209396	0.35141618679060366
0.6478574186778562	0.3521425813221435
0.6492647267431915	0.35073527325680814
0.6470202378311005	0.35297976216889915
0.6479026453058749	0.35209735469412473
0.6462945973770782	0.35370540262292155
0.6489889977390244	0.3510110022609752
0.6472294859713164	0.35277051402868326
0.6491582288266768	0.3508417711733228
0.6492248562571032	0.3507751437428965
0.6478156294604115	0.3521843705395882
0.64794462083325	0.35205537916674967
0.6486449565096544	0.3513550434903453
0.6487166518095504	0.35128334819044926
0.6479715298458717	0.352028470154128
0.6457636016733566	0.3542363983266431
0.6467172997606292	0.3532827002393705
0.6486422635599203	0.35135773644007934
0.645822489284021	0.3541775107159787
0.6460890830744989	0.3539109169255008
0.6471265682844374	0.35287343171556224
0.6480217849654059	0.3519782150345938
0.6468879613034643	0.3531120386965354
0.6491210002694827	0.35087899973051695
0.6486847861895688	0.3513152138104309
0.6488642548261427	0.35113574517385693
0.6492671904204619	0.35073280957953773
0.648276859899449	0.3517231401005506
0.6474625532707156	0.3525374467292841
0.6458028988318799	0.35419710116811975
0.6487439882934039	0.3512560117065958
0.6476226566314458	0.35237734336855386
0.6470686141699173	0.35293138583008227
0.6491701547251596	0.35082984527484007
0.6475686448996779	0.35243135510032175
0.6455512203344631	0.35444877966553656
0.6460223585709821	0.3539776414290176
0.6481446694454347	0.35185533055456497
0.6492366639968894	0.35076333600311027
0.6456153648759447	0.35438463512405494
0.646115098241441	0.35388490175855875
0.6481453184064663	0.35185468159353345
0.6470375933141499	0.35296240668584977
0.6453372564892238	0.35466274351077587
0.6472811989592111	0.3527188010407886
0.6487962242001583	0.3512037757998414
0.6473461964270105	0.35265380357298914
0.6470325360590763	0.3529674639409234
0.6483449622969524	0.35165503770304735
0.6470836004650742	0.35291639953492554
0.6480542606915134	0.35194573930848627
0.6473585004480431	0.35264149955195656
0.6489347582714748	0.3510652417285249
0.6465686582587676	0.35343134174123203
0.6464336903618884	0.3535663096381113
0.6485650086416271	0.35143499135837253
0.6474604062423156	0.35253959375768407
0.6478832852591938	0.3521167147408058
0.6475064403644819	0.35249355963551776
0.6489162402580138	0.3510837597419859
0.646329680235578	0.35367031976442165
0.6489937925335058	0.3510062074664939
0.6463062475544771	0.3536937524455226
0.6461710383597264	0.3538289616402732
0.645400313190811	0.3545996868091886
0.648678949321583	0.3513210506784166
0.6466581067527656	0.3533418932472341
0.6492193985756792	0.35078060142432044
0.648322309349724	0.35167769065027565
0.6465795653816233	0.35342043461837636
0.6472372509540673	0.3527627490459324
0.6492744741167202	0.3507255258832795
0.6479594388053586	0.3520405611946411
0.6461627666132368	0.3538372333867629
0.6487070498536254	0.35129295014637435
0.6453570438622944	0.35464295613770525
0.6462437525888192	0.35375624741118045
0.648843466889129	0.3511565331108707
0.6467494463397417	0.3532505536602579
0.6455997521203254	0.3544002478796743
0.648512271037895	0.3514877289621046
0.6471558706896875	0.35284412931031217
0.6462455173685578	0.3537544826314418
0.6466831221106298	0.35331687788936983
0.6454714526106464	0.3545285473893533
0.6478510494412495	0.3521489505587502
0.6458127914522356	0.3541872085477641
0.646418209194872	0.3535817908051277
0.648791915318929	0.3512080846810706
0.6482191364110561	0.35178086358894356
0.6463610055992484	0.3536389944007513
0.6475945088085774	0.3524054911914223
0.6466791825789759	0.3533208174210237
0.6464948270990816	0.3535051729009181
0.6488705798298653	0.3511294201701344
0.645975871482249	0.3540241285177506
0.6457039829163511	0.3542960170836485
0.6463794572390672	0.35362054276093247
0.6475926027718661	0.3524073972281335
0.6479777823235646	0.352022217676435
0.6473588617216038	0.3526411382783958
0.6491616045097739	0.3508383954902257
0.6477853294493628	0.3522146705506368
0.6469849939903786	0.3530150060096211
0.6455124600414843	0.35448753995851534
0.648649138160163	0.35135086183983666
0.6490432482665023	0.3509567517334974
0.6459422777991581	0.3540577222008415
0.648410433508422	0.3515895664915777
0.6481068801560078	0.35189311984399185
0.6463455210532596	0.35365447894674007
0.6488080175671354	0.3511919824328643
0.6465750114133499	0.3534249885866498
0.6470413209568591	0.35295867904314066
0.6476480326697338	0.35235196733026586
0.6462716511939939	0.3537283488060058
0.6477560737879446	0.35224392621205497
0.6489615409383047	0.35103845906169495
0.6459889809514459	0.35401101904855387
0.6488744795546382	0.35112552044536155
0.6482788001444664	0.3517211998555333
0.6466471773470512	0.35335282265294843
0.6462528932130435	0.3537471067869562
0.6480164463693	0.35198355363069966
0.645707946492187	0.3542920535078127
0.6483983317725917	0.351601668227408
0.6491321666696487	0.350867833330351
0.6456417382748879	0.35435826172511176
0.6456760843948809	0.3543239156051188
0.6489357054157039	0.3510642945842957
0.6466002472493035	0.35339975275069613
0.6469371776246342	0.35306282237536546
0.6456013494049303	0.35439865059506936
0.6466086869924587	0.353391313007541
0.6453742749344045	0.35462572506559525
0.6487728078075362	0.35122719219246346
0.6486370925906293	0.3513629074093704
0.6455155334591189	0.3544844665408807
0.6488998649549256	0.35110013504507404
0.6486159069371947	0.35138409306280494
0.6483273129614444	0.35167268703855525
0.6490933584738413	0.35090664152615836
0.646473366002059	0.3535266339979407
0.6475147984001758	0.3524852015998239
0.6461190894313358	0.35388091056866394
0.6489866233536711	0.3510133766463286
0.6465714546919132	0.35342854530808643
0.6478429051923772	0.3521570948076225
0.6467909929802966	0.35320900701970304
0.6478770872516109	0.35212291274838886
0.6483731889902205	0.3516268110097792
0.6457699331242179	0.35423006687578174
0.6457586389528202	0.3542413610471795
0.6480780873334182	0.3519219126665815
0.6458722232279828	0.3541277767720169
0.6468773299790623	0.35312267002093733
0.6464176510811748	0.35358234891882484
0.6476198820313863	0.35238011796861335
0.6482694953296413	0.3517305046703584
0.6462880310037175	0.3537119689962822
0.6466288224551497	0.35337117754484987
0.6469181626615945	0.35308183733840515
0.6470734733745592	0.35292652662544044
0.6478865979956915	0.3521134020043082
0.6485510208498686	0.351448979150131
0.6462437465761572	0.3537562534238424
0.6473647895054917	0.3526352104945079
0.6478298551360475	0.3521701448639522
0.6477468909310968	0.35225310906890284
0.6454100847232906	0.354589915276709
0.6462635597692067	0.353736440230793
0.6492247710644825	0.35077522893551716
0.6475750207542184	0.3524249792457813
0.6487710565603638	0.35122894343963584
0.6465689404652748	0.3534310595347248
0.6478500257673788	0.35214997423262084
0.646892193457696	0.35310780654230367
0.6464581601530474	0.3535418398469523
0.647936815830552	0.3520631841694477
0.6484598068867495	0.35154019311325013
0.6472248001661818	0.3527751998338179
0.6485271021867431	0.3514728978132566
0.646837859131046	0.3531621408689537
0.6473771718780976	0.352622828121902
0.6457147582518927	0.354285241748107
0.6466918345404129	0.35330816545958676
0.6488894753358154	0.35111052466418424
0.6488807319585261	0.35111926804147353
0.6491901099648414	0.35080989003515833
0.6464569420104148	0.35354305798958485
0.6461473358077497	0.3538526641922499
0.6464194860416571	0.35358051395834256
0.6486933204262328	0.3513066795737668
0.6472091828022607	0.35279081719773897
0.646087854674449	0.3539121453255507
0.648650442756789	0.35134955724321065
0.6467295852464785	0.3532704147535211
0.6485238201225283	0.35147617987747143
0.6460421684697163	0.3539578315302834
0.6489224942335926	0.35107750576640706
0.6485070419421473	0.35149295805785247
0.649123400254085	0.3508765997459147
0.647042317139323	0.35295768286067664
0.6468612665571883	0.3531387334428113
0.6458551542506679	0.3541448457493318
0.6491456421559842	0.3508543578440154
0.6471712240734372	0.3528287759265625
0.6467525486190128	0.3532474513809869
0.6483899000934036	0.3516100999065961
0.6480494202073579	0.3519505797926418
0.6491697213967416	0.35083027860325816
0.6453632697126963	0.3546367302873033
0.6475105802503797	0.35248941974962
0.6456115074228259	0.3543884925771738
0.6486006918054072	0.35139930819459236
0.6475437498701414	0.35245625012985826
0.6486545683182977	0.35134543168170196
0.6482352441726811	0.3517647558273186
0.6478593401323306	0.35214065986766907
0.6476971869860222	0.3523028130139775
0.6491974664685667	0.35080253353143304
0.6470623486859355	0.3529376513140642
0.6484685046441204	0.35153149535587924
0.6475677730377805	0.3524322269622192
0.6487529595855052	0.3512470404144945
0.645439626258308	0.3545603737416917
0.6490643977539514	0.35093560224604825
0.6455527184031135	0.3544472815968862
0.6474149074675615	0.35258509253243814
0.6491753130368162	0.3508246869631835
0.6491333821262694	0.3508666178737303
0.6477181977417388	0.3522818022582609
0.6474404879761108	0.3525595120238889
0.6475547451055382	0.35244525489446143
0.6458839067995995	0.35411609320040016
0.6491724336795498	0.35082756632044987
0.647392379482048	0.3526076205179517
0.6455383845958484	0.3544616154041513
0.645601526616671	0.35439847338332864
0.6457598788926715	0.3542401211073282
0.6485552710503355	0.35144472894966416
0.6456409002030051	0.35435909979699454
0.6481267151498034	0.3518732848501963
0.6473711284791185	0.3526288715208812
0.6485719088335828	0.3514280911664168
0.647436724397545	0.35256327560245476
0.6491415085413015	0.3508584914586982
0.6460769018298875	0.3539230981701122
0.646286338670256	0.35371366132974374
0.647873834518565	0.3521261654814347
0.646863755282541	0.35313624471745864
0.6481309931717028	0.3518690068282969
0.6465042067105141	0.35349579328948555
0.6471456703806708	0.35285432961932883
0.6492459118861109	0.35075408811388875
0.6465977622732534	0.3534022377267463
0.6489072157419221	0.35109278425807755
0.6480937215871367	0.3519062784128629
0.6467006754199909	0.3532993245800088
0.6464555452659339	0.3535444547340658
0.6463261006290744	0.3536738993709253
0.6484589843459183	0.35154101565408136
0.6476682435915634	0.3523317564084363
0.6470717927516012	0.3529282072483984
0.6489369197707042	0.3510630802292954
0.6456015303644771	0.3543984696355226
0.645376979012645	0.35462302098735465
0.6456741565543147	0.35432584344568496
0.6475560167610807	0.352443983238919
0.6484116457359558	0.3515883542640439
0.647997216318214	0.3520027836817856
0.6454002594928794	0.35459974050712023
0.6480482994560228	0.3519517005439769
0.6484345403308216	0.35156545966917807
0.6490703891106838	0.35092961088931585
0.6467563387695804	0.3532436612304193
0.6456763287751119	0.3543236712248877
0.6491992882755967	0.35080071172440297
0.6492035150958844	0.3507964849041153
0.6484764086606616	0.351523591339338
0.6454806811711552	0.35451931882884447
0.647465197901826	0.3525348020981736
0.6468139670713826	0.35318603292861706
0.6484291137075194	0.35157088629248023
0.6469104358374307	0.35308956416256904
0.6471411898534403	0.3528588101465594
0.6483453453871175	0.35165465461288214
0.647568747248034	0.35243125275196563
0.6453108181505575	0.3546891818494422
0.6458606748950353	0.3541393251049644
0.6474602854551004	0.35253971454489935
0.64567258547564	0.3543274145243596
0.648552201225637	0.3514477987743627
0.6489074233392905	0.35109257666070914
0.648726502238596	0.3512734977614037
0.6474393320908691	0.3525606679091306
0.6454979229592521	0.35450207704074754
0.6469738385643162	0.35302616143568344
0.6473952346511263	0.3526047653488734
0.6490692991373177	0.35093070086268197
0.6470279846986342	0.3529720153013655
0.6469901408700504	0.3530098591299493
0.6464911454448273	0.35350885455517234
0.6471274408757326	0.352872559124267
0.646366880483053	0.35363311951694665
0.6457788736335678	0.3542211263664319
0.6474510542705173	0.35254894572948237
0.6462707071670548	0.3537292928329448
0.6457375716433984	0.3542624283566013
0.6459410267230273	0.35405897327697233
0.6470606643124752	0.3529393356875244
0.6478273122534676	0.3521726877465321
0.646389257725739	0.3536107422742607
0.6488652845550115	0.3511347154449882
0.6453114386587202	0.35468856134127946
0.6461134860197763	0.3538865139802234
0.6470595944481486	0.352940405551851
0.648299285651798	0.3517007143482017
0.6466060650406795	0.35339393495932014
0.6491845943231422	0.3508154056768574
0.6485126696307341	0.3514873303692656
0.6484098824191753	0.3515901175808243
0.64838538318296	0.35161461681703965
0.6454618635758858	0.3545381364241139
0.6481259283331263	0.35187407166687334
0.6470187757881498	0.3529812242118499
0.6474988643752555	0.3525011356247441
0.6456632841756746	0.354336715824325
0.6487857160102901	0.3512142839897096
0.6472301974976352	0.35276980250236445
0.6482557448022389	0.35174425519776076
0.6491020663292555	0.3508979336707442
0.6482139605439359	0.3517860394560638
0.6453784977397123	0.3546215022602873
0.6480611562556406	0.3519388437443591
0.6467873201394743	0.35321267986052535
0.646176665823269	0.3538233341767306
0.6456302217571992	0.3543697782428005
0.6466521778083855	0.3533478221916142
0.6466535702899607	0.35334642971003893
0.6461107140411133	0.3538892859588863
0.6480339052548467	0.35196609474515295
0.6455860212377877	0.3544139787622119
0.6469070039860103	0.35309299601398936
0.6489590069217983	0.35104099307820136
0.6467591565822207	0.35324084341777895
0.6491196281723058	0.3508803718276938
0.648908273148729	0.3510917268512707
0.6482729127857726	0.3517270872142271
0.6467613980345938	0.3532386019654059
0.6463843763396798	0.35361562366031984
0.6457433542555782	0.3542566457444215
0.6470185015203294	0.3529814984796703
0.6458422276816402	0.3541577723183595
0.6462736901230841	0.35372630987691556
0.6484461641571708	0.35155383584282884
0.6463953099821387	0.353604690017861
0.6474565756175229	0.35254342438247677
0.6483432809348236	0.35165671906517604
0.6461822663524226	0.35381773364757707
0.6464648907091258	0.35353510929087384
0.6457493072638707	0.35425069273612897
0.6474491483175417	0.3525508516824579
0.6490434615975135	0.3509565384024862
0.6456376868516169	0.3543623131483827
0.6476958541124915	0.35230414588750814
0.6474987960280628	0.35250120397193685
0.6467670111555176	0.35323298884448207
0.649103817850008	0.35089618214999163
0.6465847502747981	0.3534152497252016
0.6458211807649004	0.3541788192350993
0.6474277989150335	0.3525722010849661
0.6489098011139323	0.3510901988860674
0.6464884675888576	0.3535115324111421
0.6457026359615887	0.35429736403841094
0.646730772006114	0.35326922799388577
0.6474276952812907	0.3525723047187089
0.6468906805884475	0.3531093194115522
0.6478879425814226	0.3521120574185771
0.6462989903116699	0.35370100968832974
0.6482054107825039	0.35179458921749573
0.6466813699710042	0.35331863002899544
0.6477221126939371	0.3522778873060626
0.6490056320966126	0.3509943679033871
0.6478717020995832	0.35212829790041644
0.6461931845478498	0.35380681545214987
0.6457737074063297	0.35422629259367
0.6484367600404982	0.35156323995950145
0.6475475539353955	0.35245244606460413
0.64684813392717	0.35315186607282967
0.6489446268848063	0.3510553731151934
0.648738693606922	0.3512613063930776
0.6467991533430567	0.35320084665694296
0.6490781542431973	0.3509218457568024
0.6492396418484749	0.3507603581515248
0.6470678187355245	0.35293218126447506
0.647441776207757	0.35255822379224266
0.6476445253252321	0.3523554746747676
0.6488317991558026	0.3511682008441971
0.6477354479395512	0.3522645520604485
0.6474633804131991	0.3525366195868006
0.6454630555878419	0.3545369444121578
0.6461508048973758	0.3538491951026239
0.6489325819474391	0.3510674180525606
0.6477408724930827	0.352259127506917
0.6485540283620889	0.3514459716379108
0.6454035050193044	0.35459649498069523
0.6480744244841019	0.3519255755158978
0.6491350984114047	0.35086490158859496
0.6457294648909044	0.3542705351090952
0.6459076246473646	0.35409237535263505
0.6459597603112114	0.3540402396887883
0.6484086000363151	0.3515913999636846
0.6488065318767612	0.3511934681232385
0.6491183783697704	0.3508816216302293
0.648835809029237	0.3511641909707627
0.64634110789681	0.35365889210318974
0.6484876516164808	0.3515123483835188
0.6460274242501283	0.3539725757498714
0.646547517952006	0.3534524820479936
0.6475530375131018	0.3524469624868979
0.6459975713908712	0.35400242860912845
0.6482473506818238	0.3517526493181759
0.6462818176054312	0.35371818239456837
0.6492566391030317	0.350743360896968
0.6486178600094192	0.35138213999058043
0.6467648653375471	0.35323513466245254
0.647035097369179	0.3529649026308207
0.6468622177348461	0.3531377822651536
0.6472385861661061	0.3527614138338936
0.6457523814159462	0.3542476185840535
0.6471794597606337	0.35282054023936593
0.6483116879067868	0.35168831209321283
0.6477016386881743	0.35229836131182535
0.6457398797504761	0.3542601202495236
0.6479271562160183	0.35207284378398135
0.6454333091564666	0.3545666908435331
0.6479614194549146	0.35203858054508513
0.6476410523111124	0.3523589476888873
0.6473165889951611	0.35268341100483863
0.6459783684107467	0.354021631589253
0.6481071698215818	0.3518928301784179
0.6475048433228412	0.3524951566771585
0.6477292942788182	0.3522707057211815
0.6467177109767559	0.3532822890232438
0.6468710501919971	0.3531289498080026
0.6478730591481123	0.35212694085188734
0.6491173254472582	0.35088267455274147
0.6486528393767251	0.35134716062327453
0.6490349496701484	0.3509650503298512
0.6472289995509938	0.3527710004490059
0.6492297400549946	0.3507702599450051
0.6468009203416596	0.35319907965834013
0.6485815937668319	0.3514184062331678
0.6482834337296137	0.3517165662703859
0.6472756718786046	0.3527243281213951
0.6486616919774832	0.3513383080225164
0.6471789636416031	0.35282103635839657
0.6486947770038698	0.3513052229961298
0.6486802431377212	0.3513197568622784
0.6467547895592811	0.35324521044071855
0.647779917746067	0.3522200822539327
0.6459265565971168	0.3540734434028829
0.6461593220633381	0.3538406779366615
0.6480161910108362	0.3519838089891635
0.6454561608647494	0.3545438391352502
0.6473090836299831	0.35269091637001665
0.6470462109695896	0.3529537890304101
0.648851583963528	0.3511484160364716
0.6483336863756226	0.35166631362437706
0.6465742888344328	0.35342571116556687
0.6483775715947979	0.35162242840520175
0.6470626396349568	0.35293736036504286
0.6476640937845682	0.3523359062154314
0.6456115069943836	0.35438849300561603
0.6471708589161214	0.3528291410838783
0.6476553376596885	0.35234466234031114
0.6456456695687869	0.3543543304312127
0.6471212912083105	0.35287870879168914
0.6456364653904998	0.3543635346094999
0.6464669929927862	0.3535330070072135
0.6485641346208143	0.35143586537918536
0.6477702685820173	0.35222973141798236
0.6465204029044009	0.3534795970955987
0.6486917482568656	0.35130825174313407
0.6476243750352871	0.35237562496471253
0.646487559351192	0.3535124406488077
0.6473498810491334	0.35265011895086623
0.6472210958563661	0.35277890414363355
0.6487326220834675	0.3512673779165322
0.6477306506831959	0.3522693493168037
0.6462519995572753	0.3537480004427244
0.6488410056204951	0.3511589943795046
0.6467476238259249	0.35325237617407484
0.645785076687943	0.3542149233120566
0.646778249016706	0.35322175098329367
0.6489794520209679	0.3510205479790318
0.6481835802811939	0.35181641971880573
0.6458849176361439	0.3541150823638558
0.6479962991892422	0.3520037008107575
0.6464418638965506	0.35355813610344916
0.6476769271374091	0.35232307286259057
0.6492273988533832	0.35077260114661646
0.6457969219254386	0.3542030780745611
0.6476257140586085	0.3523742859413912
0.6456537212015259	0.3543462787984738
0.6464780428651765	0.35352195713482315
0.6472757039461713	0.3527242960538284
0.6485822252242961	0.3514177747757036
0.6466801230781396	0.3533198769218601
0.6487590509254275	0.35124094907457215
0.6471825034830283	0.35281749651697136
0.6477676268615624	0.35223237313843725
0.6483825266262999	0.35161747337369975
0.6455215890232253	0.35447841097677435
0.6476656459730628	0.3523343540269369
0.6486495806069071	0.35135041939309253
0.6460317277191485	0.35396827228085115
0.6469579845323996	0.3530420154676
0.6480587916985887	0.351941208301411
0.6456095042980861	0.3543904957019136
0.6470271468420029	0.35297285315799676
0.64782759854964	0.35217240145035966
0.6455117353532086	0.35448826464679106
0.6469591011141242	0.3530408988858755
0.6473488925909298	0.3526511074090699
0.6477362497109832	0.35226375028901646
0.6464125819730067	0.353587418026993
0.6461195297942849	0.3538804702057148
0.6457941084836718	0.3542058915163278
0.6479518849089557	0.35204811509104394
0.6457700427345879	0.35422995726541173
0.6455800391259983	0.3544199608740014
0.6490663806885716	0.3509336193114281
0.6482113929157424	0.3517886070842573
0.6480897611525873	0.3519102388474123
0.6481864351190052	0.3518135648809944
0.648264219282995	0.3517357807170046
0.6480030908828611	0.3519969091171386
0.6469236330474205	0.35307636695257916
0.647101199684197	0.3528988003158027
0.6492123866501426	0.3507876133498571
0.6483755183177035	0.3516244816822962
0.6472830303954702	0.3527169696045295
0.6480659148158564	0.35193408518414326
0.6459151998894277	0.3540848001105719
0.6482425510106201	0.35175744898937955
0.6480627741156164	0.35193722588438325
0.6481713570542534	0.35182864294574623
0.6485046211136083	0.35149537888639143
0.646362552467685	0.35363744753231463
0.6465890791056608	0.35341092089433895
0.6466906430205133	0.35330935697948646
0.6469600732134514	0.3530399267865483
0.6491136060994943	0.35088639390050536
0.6459212882650418	0.3540787117349579
0.6473515876136581	0.3526484123863416
0.6454433442469624	0.3545566557530373
0.6480793465062082	0.3519206534937914
0.6485885113309944	0.35141148866900523
0.6454898950955328	0.35451010490446694
0.6464791525672872	0.3535208474327125
0.6455867531849436	0.35441324681505604
0.6478496531897541	0.3521503468102456
0.64681034600563	0.35318965399436963
0.6467189897329593	0.35328101026704045
0.6462220969297923	0.3537779030702074
0.6484086211745801	0.3515913788254196
0.6478390939385035	0.35216090606149614
0.6483401077454911	0.35165989225450855
0.6491210754933884	0.3508789245066113
0.6462133047668778	0.3537866952331219
0.6472772546390855	0.3527227453609142
0.6472206278590775	0.3527793721409222
0.6466340448683408	0.3533659551316589
0.6459920291671895	0.3540079708328102
0.6460164458109309	0.3539835541890688
0.6454742589297497	0.3545257410702499
0.6457609448070512	0.35423905519294846
