0.24128273913403553	0.20676012542533997	0.10333486731312647	0.2759467087968616	0.17267555933063616
0.24136195316452475	0.20689924023136685	0.10341366680591706	0.27584762091202875	0.17247751888616233
0.24144850065560314	0.20680292034581824	0.10345702212290192	0.27586637242294404	0.17242518445273242
0.24136209982879564	0.20692558393793772	0.10340472184847539	0.2758076109317294	0.17249998345306158
0.24130106759576325	0.20684129929396888	0.103492818859197	0.275796507859619	0.17256830639145163
0.24145547108112997	0.20684967361138187	0.10336299533747133	0.27591844722885717	0.17241341274115937
0.2414418580343192	0.20677677096799546	0.10331388088662417	0.27589781429963445	0.17256967581142646
0.24123323290155474	0.20692490756152998	0.10348335460040296	0.27581338861786336	0.17254511631864866
0.24135840357120308	0.20684349592606255	0.10341274112630237	0.2759521908593478	0.17243316851708396
0.24130850809784088	0.20682885657833713	0.10348173716901764	0.27585439157190894	0.1725265065828951
0.2413585046166674	0.20690225125901987	0.10341349724817557	0.2758535746055349	0.17247217227060205
0.24131801618423387	0.2067815368406468	0.10345103501835688	0.27592181867273535	0.1725275932840268
0.2413172843278364	0.20678834273024962	0.10344859866551044	0.27594222154348425	0.17250355273291906
0.24137957312568498	0.20676338158015167	0.1033724553009377	0.2757933775050597	0.1726912124881657
0.2413273377967688	0.206889328741801	0.10343065647855007	0.2758608521104363	0.1724918248724436
0.24136366958650401	0.20686022605074575	0.10331960895961645	0.2759303181392192	0.1725261772639143
0.24129804289498946	0.2068987710849519	0.10339582297891377	0.2758572292461626	0.17255013379498202
0.24126940970250133	0.2067854857275766	0.10340556896927386	0.2759626084539436	0.17257692714670433
0.24146879994145004	0.20679778196306853	0.10336404215294236	0.2758603264890232	0.17250904945351564
0.2413506943540324	0.2068471902627413	0.10330920005925016	0.2758364687444245	0.1726564465795514
0.24128279950671017	0.2068451808462831	0.10333968652223213	0.27583404856527877	0.1726982845594956
0.24142004361007857	0.20694063768486604	0.10330801667698243	0.2758276014325006	0.17250370059557207
0.24145737171964576	0.20681983002062	0.1034556983785393	0.27584267412860053	0.17242442575259415
0.24123153875172929	0.20688538973922496	0.10342388265446945	0.2759417397742286	0.1725174490803475
0.2413524106273291	0.2069014516814323	0.10344080317878249	0.27587906952146424	0.17242626499099156
0.24140816787726743	0.20689482948563112	0.1033824423483834	0.2758278399731119	0.17248672031560594
0.24142358726983038	0.2067569070587132	0.10349679167935279	0.2758985886489871	0.1724241253431163
0.24138217979993154	0.2068955768514056	0.10334674520780593	0.2758742125332242	0.1725012856076325
0.24134934471202346	0.20688109687602182	0.10335322592419403	0.27591012481827504	0.17250620766948543
0.24134603315552658	0.2067828361782368	0.10335754539523372	0.27588443694284726	0.17262914832815537
0.2413873684170039	0.20684951248116132	0.10341182237021344	0.2758414710768178	0.17250982565480333
0.24133886236922578	0.2068994086065138	0.10349243235761081	0.2758105391919473	0.17245875747470205
0.24136034231515252	0.20688955892620084	0.10331470816708986	0.2759610081364958	0.17247438245506064
0.24133767044906895	0.2068403770137221	0.10342776954993169	0.2758345374147102	0.17255964557256676
0.24136215250596238	0.2067836933772206	0.10346760400691592	0.27586222036086083	0.17252432974904003
0.24128337051694998	0.2068591336120511	0.10346624815760269	0.2758820095028249	0.17250923821057113
0.2413888871293026	0.2068847791887979	0.1033568060935047	0.27579346374947245	0.17257606383892216
0.24131862461105663	0.20683753803166907	0.10344814506484118	0.2758591046847909	0.17253658760764193
0.2414319206610403	0.2068028202850043	0.10338439254388063	0.27586472251956773	0.1725161439905068
0.241354853028318	0.2067775103524191	0.10348379334555417	0.2759586399464116	0.17242520332729688
0.24132333697243363	0.2068223400743677	0.10342747170536835	0.2759621094706606	0.17246474177716947
0.24129244914601172	0.20685872998460078	0.10345637561561197	0.2758980733461266	0.17249437190764866
0.2413646666377423	0.2069097898289602	0.10345196952108268	0.27584698781418104	0.17242658619803353
0.2412352652105968	0.2067858134313905	0.1034704081100309	0.2758753551911791	0.17263315805680243
0.2412680697768852	0.20689260613557758	0.10349194400150896	0.2758116288593197	0.17253575122670828
0.24132224807147806	0.20684439755460093	0.10342197197393174	0.27587750462477867	0.17253387777521034
0.241310083446731	0.206799339010825	0.10342268938567753	0.2759336341923203	0.1725342539644459
0.2413081095976174	0.20689939358016618	0.10347921082428803	0.27586330349748284	0.17244998250044533
0.2414407288511396	0.20685726952785574	0.10336717633701592	0.2758101456196586	0.17252467966432988
0.2413767069995768	0.20677524023437774	0.10339743857129924	0.27582952113094655	0.1726210930637994
0.2414668430550388	0.2067942812486594	0.10339381028221124	0.27588116696075554	0.1724638984533348
0.24131611417904852	0.20687401380090725	0.10335910004407803	0.27585591612840793	0.172594855847558
0.24136276787429403	0.2068395100167096	0.10338536119039585	0.2759552343791749	0.17245712653942535
0.24143708905634892	0.206903140700814	0.10337992957451435	0.27586872850938604	0.17241111215893642
0.2414229394072175	0.2068220706099881	0.10337631017125404	0.2757962195952406	0.17258246021629947
0.24124829869403897	0.2068645365744429	0.10341523696483682	0.27585847406441033	0.17261345370227077
0.2412577346240935	0.20677437552261863	0.10336711869680743	0.27594538682549224	0.17265538433098795
0.2413881595104313	0.20685124702002244	0.10339995252243615	0.27593291042035795	0.17242773052675195
0.24126973921768918	0.20675625383617555	0.10342487923463886	0.2759074355991479	0.17264169211234828
0.24126038901928576	0.2069360492020054	0.10338777671927474	0.2758948545734428	0.17252093048599104
0.24137521696749542	0.20680558472690622	0.10331309697528067	0.27583150875311613	0.17267459257720136
0.24131125763911357	0.20690098801143117	0.10341754840879261	0.2758631411309426	0.1725070648097198
0.2413351391848466	0.20679150377653552	0.10345790175659493	0.2759175363597062	0.17249791892231653
0.24139009836473535	0.2069153881561656	0.10340371783134251	0.2758489436801072	0.17244185196764905
0.24122688008563875	0.20693784210951346	0.1034602336350144	0.2759229333755272	0.1724521107943059
0.24135105686527375	0.20691338270548867	0.10345066867481624	0.2758260860579933	0.17245880569642777
0.24136754144914538	0.20687962416169	0.10342355627275417	0.27579387380829573	0.17253540430811445
0.24139553601996547	0.20677618238779713	0.10331643179726231	0.2759208758215587	0.17259097397341613
0.2413215611728598	0.2068080301358251	0.10343812781078997	0.2758942457658865	0.1725380351146384
0.2413502969716651	0.20690564067405687	0.10339752338564608	0.27592945133854546	0.17241708763008623
0.24139475405230712	0.2068290488705028	0.1034768026354178	0.2758924232652987	0.17240697117647324
0.24124077618109196	0.20680628199346857	0.10340987065401827	0.2759333646579207	0.17260970651350033
0.24139073301210678	0.20678503875167986	0.10342742312412886	0.27580449349532177	0.17259231161676253
0.24129826693904513	0.20680748965086204	0.10333263250850912	0.27595293229217965	0.17260867860940385
0.24136428080026845	0.20685597173960993	0.10339335546796674	0.2759069424103976	0.17247944958175704
0.24130276201759276	0.20678676127503642	0.10332515629817732	0.27588218757819194	0.17270313283100133
0.24128804408462828	0.20693091063819163	0.10337657771775416	0.27586942292776395	0.17253504463166172
0.24139848170598022	0.20684781855015985	0.10337460468045076	0.27585994758013915	0.1725191474832698
0.24130569481261915	0.20689167170248665	0.10342082305826605	0.2758075290154294	0.17257428141119852
0.24141571875403658	0.2067987081855619	0.10335650206886725	0.27582472358825866	0.17260434740327535
0.2414429253153977	0.20685731494381318	0.10347937339964824	0.27580029860664307	0.17242008773449757
0.24139579300965533	0.20687415467223758	0.10338886644265734	0.2758293316079252	0.17251185426752425
0.24137911116285332	0.20683998463082515	0.10335181348821063	0.27590015662723144	0.17252893409087922
0.24127405730021848	0.20682893209708922	0.1034581124976419	0.27591187027624053	0.17252702782880963
0.24133622124290105	0.20685253340690749	0.10338309634409498	0.275940230441043	0.17248791856505327
0.24133167062457134	0.20688488028285731	0.10342845013896484	0.2758827916547941	0.17247220729881216
0.24132395260019002	0.20689971367087154	0.10342681747512085	0.2758517893207438	0.17249772693307355
0.24142532124290006	0.20686904004584983	0.10339285274008994	0.2758382266590332	0.1724745593121267
0.24125901604677422	0.2069303727195929	0.1034122866662181	0.27582934231636225	0.1725689822510523
0.24136148696386678	0.20685857873101507	0.1034238608531303	0.2758652281267331	0.1724908453252545
0.24141079849841363	0.20682448187277944	0.10338031246504167	0.2758711004917651	0.1725133066719999
0.24130549929764022	0.20675641198139402	0.10342538747032032	0.27592921083446975	0.1725834904161755
0.24138324793447546	0.2068630900572209	0.1034167106866099	0.27584415747223323	0.17249279384946023
0.24126155427945095	0.20681907595997698	0.1034958111847243	0.27580576879628976	0.17261778977955777
0.24128184086630133	0.20685979869688267	0.10336574445083312	0.2758393105149936	0.172653305470989
0.24134274083346147	0.20686376760614716	0.10343161675016896	0.27595058248627385	0.17241129232394828
0.24140679908232882	0.20684033352836068	0.10337507573038864	0.27594253316098105	0.17243525849794059
0.24123023420244022	0.20675619919739668	0.10343681403258284	0.2758913158177769	0.17268543674980308
0.24124641672628444	0.20684224749361305	0.10331402760390865	0.2759155243616927	0.17268178381450094
0.24122768723682872	0.20683894856510415	0.10341509431917315	0.2759360458422978	0.17258222403659593
0.24130658415870115	0.2068427483455876	0.10339136587137888	0.2758405985484827	0.1726187030758494
0.24126560757983706	0.2068069027720747	0.10339589006103687	0.2759388132291212	0.17259278635792988
0.24136034099910994	0.20688940295710462	0.10336468313898227	0.27591287683592824	0.1724726960688747
0.2413174463710042	0.20683270324855546	0.10339077243564668	0.27580178313371845	0.172657294811075
0.24128377163765558	0.20693750689625348	0.10332230512190765	0.2758813916274501	0.17257502471673294
0.24126269476885465	0.20689017364640255	0.10338822911984545	0.27581463815199225	0.17264426431290483
0.24140629146352482	0.20686270179327415	0.10331106850189975	0.27582667059603727	0.17259326764526373
0.24146760672926093	0.2068405217251048	0.10331902044208083	0.275937556192377	0.1724352949111762
0.24128372069165957	0.20685148817401158	0.10345180916363224	0.27589503919201214	0.1725179427786842
0.24140648142598217	0.20677971333606326	0.10339844977520697	0.27581950555502965	0.17259584990771765
0.2412353411379859	0.20682828649858379	0.10349308832777811	0.27584963634318505	0.17259364769246693
0.24123037725478966	0.2069302970266642	0.10344677912993702	0.27587481396062774	0.17251773262798117
0.2413378835055941	0.2068000601783883	0.10342754408789875	0.27590669028199827	0.17252782194612032
0.2414686467435641	0.20679899857280176	0.10337066239311814	0.2758636184563429	0.17249807383417287
0.24132545025810798	0.2068866250954932	0.103439908863992	0.2759032807282356	0.17244473505417096
0.24123761681322012	0.20684609697861234	0.10335515806852173	0.27594248309486374	0.17261864504478183
0.2412305237726624	0.2069127999125623	0.1033647956787457	0.2758438522887396	0.17264802834728976
0.24123545877767166	0.20686350952836688	0.10334503132964931	0.27589918892755694	0.17265681143675496
0.2412600070657005	0.20689424426623673	0.1034607948831754	0.2759353377874892	0.17244961599739797
0.24128182689453087	0.20684469994751228	0.1034918001009046	0.2758713907056475	0.17251028235140453
0.24129959474494772	0.2069048177735064	0.10333242969829767	0.2759361511725604	0.1725270066106876
0.2412465584668782	0.20687020970553074	0.10345448746213567	0.27583818070833943	0.1725905636571157
0.24137100135871237	0.20686323594694792	0.10339535923996375	0.275845586595976	0.17252481685839965
0.24127213921839713	0.20681131649982562	0.10346409800970302	0.2758507689983709	0.17260167727370307
0.24139761354839084	0.206901307702166	0.10338484678580849	0.27579531767298315	0.17252091429065125
0.24140815872315408	0.20691297721984522	0.10334297909445575	0.2758520806681959	0.17248380429434884
0.24135890854452713	0.20684798844875826	0.10334814672985995	0.27593014585888737	0.17251481041796704
0.24131543490659071	0.2068897598644072	0.10344041278715413	0.2759080855977321	0.1724463068441156
0.24139936185818112	0.2069041420199325	0.10333255405403471	0.2758660754120213	0.17249786665583008
0.24128296164621776	0.20685980598153425	0.10342494944969682	0.2758205107048395	0.17261177221771146
0.24140363489003422	0.20681559695234272	0.10332478234805195	0.275835944800519	0.17262004100905187
0.24123508466340768	0.20678290752375653	0.10349603085221627	0.2759154179063778	0.17257055905424148
0.24132374868437842	0.2068582026122287	0.10333991175277918	0.27579394977181015	0.1726841871788033
0.24125114298233086	0.20685422884960483	0.10337763534135917	0.27590773304652905	0.17260925978017583
0.24130362062279667	0.2068484372871712	0.103460249535138	0.27591918356262746	0.17246850899226643
0.24133706039080116	0.2069027425752487	0.10331727024491912	0.2759535197262138	0.17248940706281699
0.2412775718243497	0.20683873790611224	0.1033565357233369	0.27583851128780223	0.17268864325839867
0.2412613675394267	0.20688169701818043	0.10343532668817763	0.2759020473779385	0.1725195613762765
0.24130771911996082	0.20692635369496876	0.10330770066701675	0.2759151635130937	0.17254306300495975
0.24147634722822414	0.20677153070040932	0.10343255831990467	0.27589685550703835	0.17242270824442324
0.24140570591931146	0.2068208421792148	0.10335123475539144	0.2758497157339378	0.17257250141214425
0.24136707284890468	0.20691444501964865	0.1033309104499692	0.2759325772619709	0.17245499441950635
0.24143482548338394	0.20682028553180992	0.1034493277622631	0.2758077859195541	0.1724877753029887
0.24128967759523062	0.20680761522894722	0.10339671652957695	0.2758579013826363	0.17264808926360867
0.24128641921508814	0.2067918674295512	0.10333773886153744	0.27591406628826887	0.17266990820555417
0.24141862563846814	0.20678358356205775	0.10331985059807425	0.2758997272265701	0.17257821297482953
0.24125292341680685	0.20683405754613948	0.1034161759156023	0.27589139534075185	0.17260544778069928
0.24122797520457562	0.2069407333613244	0.10347700054450737	0.27583884051952484	0.17251545037006755
0.24133603217749255	0.206857066558278	0.10336482838951142	0.2759505786563188	0.172491494218399
0.24125085551013548	0.2068800426181247	0.1034951826687355	0.27581567957330433	0.17255823962969974
0.2414375607667689	0.20681129618325933	0.10334261478762119	0.27585408521807053	0.17255444304427978
0.2413552890602209	0.20682515929630296	0.10340004331821831	0.27595802166383554	0.17246148666142203
0.24144741685294474	0.206777922884967	0.10347003850681843	0.2758417759653633	0.1724628457899063
0.24137026221744473	0.20691363125034465	0.10343354990674625	0.27585566817218615	0.17242688845327792
0.24144880183844336	0.2067745100827882	0.10341926914520043	0.2758597180809653	0.17249770085260244
0.24139252672203332	0.2068422414321843	0.10333047691972283	0.27592060097499027	0.17251415395106906
0.2412370672493563	0.20689722851467962	0.10338902447559237	0.2758185989581549	0.17265808080221656
0.24132187242589276	0.20677411097041795	0.10346988213574068	0.27593110167166257	0.1725030327962858
0.24123812952728607	0.20692401252427123	0.10345028357204938	0.2758939282316676	0.17249364614472548
0.24125271157224648	0.20682636020373157	0.10346516681458667	0.2758849757754298	0.1725707856340052
0.24124177831839877	0.2069163368558509	0.10332683917455253	0.2758676628889635	0.17264738276223404
0.2414127795002575	0.20680249139757498	0.10349343880525473	0.275858169542499	0.17243312075441358
0.24135396148643723	0.20684346501951079	0.1033644165148967	0.27587821312731486	0.1725599438518402
0.24128064450627668	0.20678783727832659	0.10335579773488304	0.27596386737893464	0.17261185310157884
0.2412315058902745	0.20680398993993362	0.1033615054714182	0.2759604430917041	0.17264255560666933
0.24138312687993752	0.20678725893934352	0.10348355131262907	0.27582652723837975	0.1725195356297099
0.24124193612003658	0.20688292864250624	0.10341779464426729	0.275893226157095	0.17256411443609465
0.24125360791736794	0.20693355008502848	0.10346908795424732	0.27590074874559123	0.17244300529776482
0.24125386797138032	0.20694510430732713	0.10338507857599373	0.27583516998204927	0.17258077916324926
0.24134274367308398	0.2067866760803788	0.10335331225449398	0.2759593187742666	0.17255794921777642
0.24125345875682802	0.20679849409674944	0.10345585341113664	0.2758157776480693	0.17267641608721637
0.24135181137103418	0.20680608100066775	0.10346066163778267	0.2759050935382601	0.17247635245225504
0.24125834318534994	0.20688559886386965	0.10336309388315676	0.2759609792161577	0.1725319848514657
0.24145496673481606	0.2068535147650183	0.10343074638591128	0.2758001636199026	0.17246060849435146
0.24124402920504184	0.20675949125462875	0.10334791556336094	0.2759468924830594	0.17270167149390883
0.241297665870776	0.20683802129934636	0.10331498521255714	0.27596383613662134	0.17258549148069888
0.24127787449568067	0.2068181913861008	0.10340243564039571	0.275896825243911	0.17260467323391152
0.2413763260839891	0.20687168194273647	0.10334261407151671	0.27591610104398506	0.1724932768577724
0.24139163618754128	0.2068594080122011	0.1034171967522977	0.2758087219158649	0.17252303713209474
0.24146836975287533	0.20678649047709105	0.10339383723213329	0.2758376446054972	0.17251365793240286
0.241271542203976	0.2068979862555055	0.10346504504345233	0.2759306979140713	0.17243472858299458
0.24135621766254278	0.20682812421045543	0.10334354458739554	0.27589328649970984	0.17257882703989613
0.2412383557380341	0.20694573470786412	0.1033153749201959	0.27584633481137716	0.1726541998225285
0.2413898207285932	0.20692470989671954	0.10342919637090975	0.2758330908188974	0.17242318218487987
0.24131265694850787	0.20684720858642078	0.10349513463570512	0.27587140947711797	0.17247359035224802
0.24145990322484884	0.20684196330299562	0.10347799980274258	0.2757938659445214	0.17242626772489134
0.24139804055213054	0.20681484807625	0.10337247335125786	0.2759465342573546	0.17246810376300675
0.24128402238263896	0.20689509277678622	0.10345429591263736	0.2759531583522394	0.17241343057569786
0.24133087800535763	0.20676617574640835	0.1034808401797197	0.275940394740614	0.17248171132790005
0.2413631983621428	0.20693830393961318	0.1033952547846701	0.2758691033509826	0.17243413956259113
0.24131110226682986	0.20676773669981036	0.10349365050553935	0.2759593677559368	0.17246814277188338
0.24131819677723837	0.20683719400046385	0.10331747209143767	0.27588200900181553	0.1726451281290443
0.24133367208891077	0.2067907546627249	0.10342000831970527	0.27592642290799596	0.17252914202066283
0.24136634931201434	0.20693945019597357	0.10345571034297223	0.27580384931171903	0.1724346408373206
0.2414098751580081	0.20681000676953867	0.10331197081724186	0.275889680428164	0.1725784668270472
0.2413480780855335	0.20686763030236488	0.10344109343097464	0.2758109275372279	0.1725322706438988
0.24134362840476656	0.20682394717292651	0.10335746391996362	0.27582974562039375	0.1726452148819493
0.24140421221878616	0.20677684233588878	0.10347423141194531	0.275805982194845	0.17253873183853452
0.24140561278940262	0.20685795582487773	0.10347099673722107	0.27584971147394566	0.17241572317455267
0.24128781073511385	0.20691742003162233	0.1033695119912353	0.2759111506864364	0.17251410655559188
0.24146630597492835	0.2069010631940917	0.10335850674516199	0.2758589896645573	0.1724151344212604
0.24139180714091923	0.2068243196143788	0.10346888655561699	0.27584119785426225	0.17247378883482248
0.24145125712456375	0.20685573820288056	0.10333876301482052	0.27590452862799253	0.17244971302974244
0.24123562973292106	0.20689035687171514	0.10344995687718879	0.2758422277091764	0.17258182880899836
0.24139576146656255	0.20676972114299397	0.10334743071674377	0.2758458149565242	0.17264127171717525
0.2412396342452985	0.20684860715144043	0.10333983851393487	0.27590691007089563	0.17266501001843026
0.24140765915710788	0.20687337400525913	0.10334750085021205	0.2758017152692598	0.17256975071816094
0.24126824647762576	0.2067747901320186	0.10347643692567524	0.27584249613323797	0.1726380303314422
0.2413190136021275	0.20679312939847327	0.10340488213474046	0.2758210667588332	0.17266190810582527
0.24131293757694805	0.20678056193829145	0.10347599355745486	0.2759639935627076	0.1724665133645977
0.24141858803358623	0.20689999609057702	0.1033236271787966	0.2759072948693211	0.17245049382771882
0.2413047876190126	0.20687907063475874	0.1034420432712965	0.2759288850350007	0.1724452134399312
0.24124557569117444	0.20688464209256566	0.10340897281126284	0.27581498832643103	0.1726458210785658
0.24132377345632555	0.20676030168423748	0.10330797839347665	0.2759104637893636	0.17269748267659643
0.2412339676553849	0.20690377404669846	0.10337156960455839	0.275908548676421	0.172582140016937
0.24147668284260548	0.2067982616629732	0.10332651273820555	0.27595719483380443	0.17244134792241111
0.24131342937131067	0.20690112582447606	0.10341260561562561	0.27585689878759634	0.17251594040099105
0.24146621370844198	0.20684439270075008	0.10333310328607272	0.27589909467381624	0.17245719563091877
0.24141292414981153	0.20675826179830822	0.10332783421697905	0.27589263561576327	0.17260834421913773
0.24136804362985612	0.20692618228004614	0.10333909856783843	0.27589883571734225	0.1724678398049168
0.24129166887553774	0.20679645600910135	0.10336494206998822	0.27594843555318654	0.17259849749218592
0.24128941534872014	0.20689429170990564	0.10336580400513437	0.275843819536924	0.1726066693993156
0.2412834828584388	0.20690412854590107	0.10339078740808429	0.27585531896643045	0.17256628222114517
0.24129613643364378	0.20688024578271105	0.10347307743067376	0.2758899874145957	0.17246055293837548
0.24126005981663043	0.2069365821619947	0.1034023809122822	0.2758888102391867	0.17251216686990567
0.24138044291307093	0.20685293130301904	0.10336647227981073	0.2759551678946034	0.17244498560949564
0.24130251365491542	0.20688488336269417	0.10349074744119778	0.2758454574523854	0.17247639808880696
0.24135359278038995	0.20675649880809058	0.10333207553608476	0.2759169592167681	0.17264087365866632
0.241347523602946	0.20684511966928207	0.1033580880827316	0.27591318258195274	0.17253608606308737
0.24139478615416424	0.20678924238159932	0.10338888827348984	0.2758420483791754	0.17258503481157092
0.2414098396042606	0.2069094382429235	0.10331905718593497	0.2757969228345549	0.17256474213232578
0.2414112565521968	0.206927444099272	0.10335166948628721	0.2758899653508361	0.17241966451140764
0.2412783646490873	0.20682273198555373	0.10333437647318441	0.27591459773284976	0.17264992915932456
0.2412793046006596	0.2068968249188455	0.1033844940962182	0.27579999751240836	0.1726393788718681
0.2413261255416934	0.20683411708462993	0.10336473270581897	0.27583214293428077	0.17264288173357667
0.24122245874613846	0.2068846764087975	0.10331301272953824	0.27592515584484495	0.17265469627068059
0.24133724368599227	0.20678166331726333	0.10344029438640188	0.2758571905808907	0.1725836080294516
0.24128158767404795	0.20683797684381275	0.10337804717502194	0.2759605052657928	0.1725418830413243
0.24133154964671188	0.2069019648390732	0.1033896049045197	0.27593615008181127	0.17244073052788372
0.24125291851948671	0.20679052493522362	0.10337421107225755	0.2758810549018359	0.17270129057119596
0.24125784302812814	0.20691550469565884	0.10347506019621511	0.2758974541789597	0.17245413790103792
0.241322165869073	0.20677790878675192	0.10345614973653376	0.2759123544932253	0.17253142111441572
0.24124819039525228	0.20690647443757107	0.1034023376567346	0.27587538287701513	0.17256761463342665
0.24127295321404807	0.20689952675977152	0.10330984109474703	0.275839811503529	0.17267786742790414
0.24137367960413503	0.20687053898536228	0.10330752988973498	0.2758245099957208	0.1726237415250467
0.2413877184217822	0.2068042251259617	0.10331560869053082	0.27586846777746976	0.17262397998425527
0.24131512008203204	0.20688743357375336	0.10341432483042678	0.27579234468179065	0.17259077683199692
0.2412738425302667	0.2067759486214085	0.10344716496843279	0.27582958887724657	0.1726734550026452
0.24127237370752214	0.20684298060052486	0.10336697749437923	0.2758781149147533	0.17263955328282027
0.2412656169745365	0.20684561816634214	0.10340154126370055	0.2758653547515416	0.17262186884387892
0.2413834608369872	0.20676838590939378	0.10336451103802001	0.27590981784544016	0.1725738243701586
0.24125640635128567	0.20684574254814544	0.10342515559807144	0.2758583454922724	0.1726143500102248
0.24137008964943968	0.2068236971405774	0.10330363912655709	0.2758253093242202	0.1726772647592053
0.24143881709718312	0.20685721848953997	0.10341629203879832	0.2758562935021037	0.17243137887237464
0.24133165297812165	0.20684292024402204	0.10348222423072131	0.275905349886715	0.17243785266041975
0.24132736515868322	0.20680985429873328	0.10333392193535446	0.2758915960390853	0.1726372625681435
0.24126545880207106	0.20692425170989923	0.10331645330014509	0.2759558897349271	0.17253794645295728
0.24129236838185658	0.20685258266657353	0.10330370891070162	0.27594504914271123	0.17260629089815682
0.24139798322873052	0.206811599929172	0.10345531627019078	0.275882880989058	0.17245221958284845
0.2412382498428142	0.20689282068629952	0.10331911583227867	0.27587456807667565	0.17267524556193173
0.24135501589101882	0.20685935014608064	0.10339510192126544	0.27579458716968386	0.172595944871951
0.2414431425778933	0.20679354731702798	0.10347744355684425	0.2758403224870275	0.1724455440612067
0.24137245140628727	0.2068565167358825	0.10331070627935177	0.27580932264593816	0.17265100293254
0.2414456991030187	0.20689835715339508	0.10334422824030792	0.2759025958084904	0.17240911969478767
0.24141622244347427	0.2068678413696139	0.103345004968834	0.2758393627492402	0.17253156846883738
0.24143079981729165	0.206881762148895	0.10336467514019414	0.27584807721504584	0.1724746856785731
0.24142207996106818	0.20687542508054754	0.10331046812807809	0.2759632085168433	0.1724288183134626
0.2412280120784126	0.20686105374442618	0.10342857508224285	0.2759441520927153	0.17253820700220285
0.24128465726953496	0.20693252156222616	0.1033408443816072	0.27592588758813125	0.17251608919850017
0.24125852958672578	0.206939235687465	0.10330205438279196	0.2759522015635457	0.17254797877947128
0.24135597935168085	0.20688439779221104	0.10343276989455853	0.27589095810950237	0.17243589485204697
0.24128264338718933	0.2069036132651658	0.10334299981208502	0.2758775005741813	0.17259324296137832
0.24123013195559032	0.2068511879430193	0.10330953259839357	0.27594104093997873	0.17266810656301784
0.24140527378998455	0.20679193968426718	0.10340555951964925	0.27580717133357846	0.17259005567252034
0.24130835414317653	0.2068226439808655	0.10344867378602261	0.27596197319698	0.1724583548929551
0.24126644908899975	0.2067862286103794	0.10342679874905228	0.2759298158375575	0.1725907077140108
0.241316341506079	0.20677409711455172	0.10335169810588837	0.27587980410294544	0.17267805917053514
0.24135365031294578	0.20684926344212837	0.10344464549683845	0.2759122519411443	0.17244018880694284
0.24138196365029413	0.20690869058734307	0.10342824557549746	0.2758530236842964	0.17242807650256875
0.24143683697740853	0.2068196629984051	0.10338731993398045	0.2758755778505583	0.1724806022396474
0.241280497294463	0.20685358280436658	0.10341917675674231	0.2758664133894967	0.17258032975493115
0.2413581367657502	0.20686499988639376	0.10345439349939244	0.27579924348846174	0.17252322636000159
0.24125721706040815	0.20688289606749216	0.1033878352290685	0.2758596060935554	0.17261244554947555
0.24125397836194257	0.20680417007156607	0.1033916943056357	0.2758608452020188	0.1726893120588366
0.2413290404488022	0.2068629136793345	0.10332605121357277	0.2759135068056006	0.17256848785268963
0.2413591392733877	0.20686663698481111	0.10334596440769295	0.2758613475882093	0.1725669117458987
0.24135059090694755	0.20681117993832393	0.10348833059918007	0.27579820019688256	0.17255169835866566
0.24134664040056802	0.2067593770625794	0.10346766378195296	0.2759462810951733	0.17248003765972608
0.2413837250897164	0.20690991844191364	0.10330522457892942	0.27595026181886634	0.17245087007057397
0.2414515176317799	0.20678101478036395	0.10334623372211896	0.27595263989594565	0.17246859396979133
0.24130239442502013	0.20685111841131873	0.10345664365822065	0.2759316181300078	0.17245822537543243
0.24144396172560445	0.20690281946266495	0.10338158270893713	0.2758315695117175	0.17244006659107575
0.2412903994457509	0.20683942752890427	0.10344378559124955	0.2758805993470931	0.17254578808700197
0.24131005889619472	0.20683289799143914	0.10332564724303443	0.2759517410493146	0.17257965482001686
0.24127197040136011	0.20682617613974758	0.10340004606982532	0.27587003494618045	0.1726317724428863
0.2412687868828633	0.20690385688390397	0.10341096735017857	0.27583268999204424	0.17258369889100963
0.24145487951374212	0.2068904686408832	0.1033454056385186	0.2758751297883063	0.17243411641854953
0.24145024438468146	0.20685298876663977	0.10330862006743126	0.2759614120515702	0.172426734729677
0.2412282378770074	0.20691850149243943	0.10348142600173245	0.2758308964963607	0.17254093813245974
0.24145862549660982	0.20692737838216066	0.10330631440760166	0.2758686215729568	0.17243906014067087
0.24130925891901495	0.20682131046813873	0.1033651214334453	0.27584949558236	0.17265481359704077
0.2412520707886892	0.20688435617116477	0.1034975317639648	0.27588044298805703	0.17248559828812396
0.24140090034082007	0.20688843594888343	0.10342768970053774	0.2758598534744803	0.1724231205352782
0.24130876293195178	0.2069363875965108	0.10344398292851195	0.27585375851896327	0.17245710802406192
0.24127246014289394	0.20680545485728127	0.1034610559884589	0.2758098272546299	0.17265120175673576
0.24142250847603558	0.2067663849055441	0.10331361344990266	0.275856227075682	0.17264126609283534
0.2412774484821234	0.20676667237301477	0.10340332502655362	0.2759557507203563	0.1725968033979517
0.2412520325306428	0.20689716844171452	0.1034421272550619	0.27579944341209756	0.17260922836048295
0.24140605149666808	0.20692110264574462	0.10337173706428283	0.27587926894431114	0.1724218398489931
0.24127483450059134	0.2068818879389944	0.10334755038176391	0.2759346308509123	0.17256109632773775
0.24135042744306567	0.20687627929024383	0.10332569636483684	0.27585498782683593	0.17259260907501753
0.2412323003615765	0.2069244399567367	0.10344771572036987	0.2758617211503135	0.17253382281100318
0.24139082048331573	0.2069054924830339	0.10337698974212425	0.2758411621387396	0.17248553515278628
0.2413438508163844	0.20691850075108933	0.10340388164505565	0.2758387089545594	0.17249505783291094
0.24125534274568383	0.2068408165849831	0.1033827663167306	0.27593298308018316	0.1725880912724191
0.24132272363684848	0.20686366147428217	0.10343939721433243	0.2758874008441027	0.172486816830434
0.24142229003794413	0.2068578422787469	0.10332686433866443	0.2759365927853279	0.17245641055931635
0.24135713146579302	0.20679733723902563	0.10336326572925053	0.27589941047512606	0.17258285509080445
0.2414402669838628	0.20679390886139926	0.1034469930262402	0.27581278624788197	0.17250604488061552
0.24136993246964575	0.20678807303995195	0.10339527421406608	0.275880521625201	0.17256619865113496
0.24125886163054094	0.20679922693650818	0.10341419260823391	0.27584752323829065	0.17268019558642606
0.24140569454997385	0.2069361418884907	0.10332653832920527	0.2758857365093141	0.1724458887230159
0.24139619917564376	0.20676336205869542	0.10338525311061399	0.275952994135614	0.17250219151943255
0.2412651189100486	0.20680077972484728	0.10347153790906641	0.2759160062846554	0.17254655717138206
0.24135490293988204	0.20679195885681803	0.10338485020012429	0.2758362642569031	0.17263202374627232
0.24139590732138233	0.20688651903112626	0.10331383027287695	0.27591439895820513	0.17248934441640906
0.2413343650294524	0.2068310409482716	0.10338619351161309	0.27591071759066044	0.1725376829200022
0.24128470761186765	0.20684615050805646	0.10340973173930532	0.27595926295576656	0.17250014718500378
0.24135077056865323	0.20680616893731388	0.10331055752766204	0.27595804742685254	0.17257445553951806
0.24139070631537252	0.20684717441938452	0.1034946812518916	0.27579298432521654	0.17247445368813458
0.24143296408121756	0.2068162349478661	0.10334912470805195	0.27584347536124515	0.172558200901619
0.24132377761989712	0.20680591500493628	0.10346185741403155	0.2759023996475557	0.1725060503135791
0.24122290398874818	0.2068734259504559	0.10335454329734503	0.27589514861646053	0.1726539781469901
0.24124302820482493	0.2068484333367365	0.10334713015738173	0.2758817784771086	0.17267962982394802
0.24138301251079924	0.20689903609372806	0.10332882175463973	0.2759387731302219	0.1724503565106108
0.2413668590221048	0.20688012062485625	0.10334077492551622	0.2758063920213929	0.17260585340612955
0.24128193215404947	0.20689432505327027	0.1033362706531008	0.27593152189524117	0.17255595024433804
0.24129488064283083	0.2068685182770564	0.10338071813145645	0.2758162512746051	0.17263963167405097
0.24132651969925595	0.20682248214427484	0.10348780411044703	0.2757989185752874	0.17256427547073455
0.24144579474979072	0.20681974152622165	0.10339430007322065	0.2758651236303532	0.17247504002041353
0.24145578626898234	0.20678362977484901	0.1033704714011835	0.2758744541896933	0.17251565836529162
0.24141079896788237	0.20680858913868005	0.10338366296727043	0.27594399188674135	0.17245295703942554
0.24141225132724586	0.2068354994494038	0.10344589937436316	0.27589555904733615	0.17241079080165078
0.2412365951500947	0.20692393469670725	0.10333860064903798	0.2758576541536983	0.1726432153504615
0.2412646957832379	0.20685447126911571	0.10341322083439236	0.275855984767906	0.1726116273453478
0.2413579924096676	0.20679797600714478	0.10340995633825804	0.2758634909815336	0.17257058426339572
0.24133290113412903	0.2068059798383446	0.10340597775383836	0.275805429382961	0.1726497118907268
0.24134222173785264	0.2068739428883896	0.1033640393261923	0.27589700195739997	0.17252279409016527
0.24135273991141	0.2068919494245066	0.10342886801999032	0.27584923070913325	0.17247721193495957
0.24122697346599598	0.2068048907910895	0.10335368287053635	0.2759154916437379	0.17269896122864
0.24141072127049903	0.20680020662378637	0.10332063358483354	0.27583464455780404	0.17263379396307676
0.2414666770268904	0.2068450545194846	0.10337461963616354	0.2758426826263164	0.17247096619114483
0.24128534589910158	0.20691472169168548	0.10342861631984272	0.27589197148520683	0.17247934460416312
0.24141399060117708	0.20686432457972445	0.10340823712084332	0.27584951349947423	0.17246393419878064
0.24128240420082236	0.20687663780743876	0.10342323071287468	0.275934639032808	0.1724830882460559
0.24125622853964124	0.20693962693074958	0.10343401507932742	0.275812309736268	0.17255781971401352
0.24124560475864607	0.20683349008919097	0.10339910139706349	0.27583500484458606	0.1726867989105132
0.24135383543409272	0.20688262689079126	0.10338240243000606	0.27594444617246316	0.1724366890726465
0.2414701101915548	0.2068406058433552	0.1033889317495673	0.27583473244515816	0.17246561977036431
0.2414258776496444	0.2067771291301669	0.10342807026351862	0.275865081566321	0.1725038413903488
0.24142525402400217	0.20680624677900522	0.10335061346980283	0.27594473635628036	0.1724731493709092
0.24131161460859957	0.20692136482827542	0.1034371680172981	0.27581620612752394	0.17251364641830272
0.2413887725229176	0.20683123627450858	0.10347060346465121	0.2758816450243103	0.17242774271361203
0.2412867006168904	0.20682390739656675	0.10340606355741844	0.27591159947192795	0.17257172895719625
0.24130255914224552	0.20677526347782527	0.10332490137192027	0.2758971085004065	0.17270016750760223
0.2414303337458455	0.20684497073931515	0.10333868849726688	0.2759241984727765	0.17246180854479573
0.24145348084914262	0.2068805135548327	0.1033876734366544	0.2758452568249523	0.1724330753344177
0.24124499199487898	0.2067963775270898	0.10338117741681117	0.27593791656831634	0.17263953649290345
0.24126827207841345	0.20690836664488238	0.10343287482432457	0.27591340580369805	0.1724770806486813
0.24142428072499605	0.2067956983792888	0.1033832207924007	0.27582429286824744	0.17257250723506676
0.24134973863747394	0.20684938260659502	0.10345776804608992	0.2758986492769959	0.17244446143284492
0.2412263775243735	0.20684020676649645	0.10348882409326086	0.27581187666455215	0.17263271495131682
0.24128526021473112	0.20689352393955113	0.1034926901304442	0.27580216037812	0.1725263653371533
0.24140594242736269	0.20679884564657103	0.10337668536515497	0.2759215205748434	0.1724970059860676
0.24126791463326475	0.20688004989748493	0.10339137534647659	0.2757927981302877	0.17266786199248582
0.24143165343679426	0.2068215883779037	0.10341419590258412	0.2758668686188469	0.1724656936638708
0.24147394984338683	0.20677847459946258	0.10333475005204108	0.27592274100808256	0.17249008449702669
0.24124820533777414	0.20687536584125246	0.10347683213811479	0.2759023736162175	0.17249722306664086
0.24143490223265088	0.20679233396657107	0.10332974196477918	0.27592938353133345	0.1725136383046652
0.24143795642310922	0.2068039551591333	0.10335402895012483	0.27585971713928864	0.17254434232834376
0.24142961008005687	0.20686213973956183	0.10346479935217077	0.2758259268179672	0.1724175240102431
0.24147439067145865	0.20676838168790104	0.10331284808606761	0.2758190354341065	0.17262534412046587
0.24140604924734982	0.20684328043162348	0.10331850342034708	0.27580304693068364	0.17262911996999575
0.24132555214053888	0.2069011398369638	0.10339738539252558	0.27584488628090953	0.17253103634906197
0.24126512604197567	0.20687745968254703	0.1034002623958782	0.2758425880455915	0.1726145638340074
0.24135884427991325	0.20677968986107878	0.10341814959923538	0.27595311335634176	0.1724902029034306
0.24142538870127356	0.2068484279017874	0.10337874315706849	0.27591558948813033	0.17243185075173995
0.24146432087780026	0.20680855832331949	0.10331452575341127	0.2759158648625997	0.17249673018286898
0.2413325310430069	0.20681950372554134	0.10343489791651589	0.27586115110768866	0.17255191620724697
0.24142538655298795	0.20682352938355833	0.1033268464307066	0.27591074910628194	0.17251348852646492
0.24135935566609662	0.20686007097022502	0.10331109832983118	0.2759200686327302	0.1725494064011167
0.241391193477263	0.20688210127495815	0.10330476263019932	0.27579843091265654	0.17262351170492274
0.24123376479140496	0.2069001210900071	0.10345191447426395	0.27590936096616653	0.1725048386781572
0.24138934931096317	0.20682634879049427	0.10348167091451944	0.2758284765365866	0.17247415444743627
0.2414240824427179	0.20683406939700394	0.10342007097911154	0.2758465319283899	0.17247524525277647
0.24128357481009854	0.20681476306010077	0.10345849629527179	0.2758281425211282	0.1726150233134005
0.24127891573460158	0.20693267495688808	0.10335104363081316	0.27594573212860535	0.17249163354909158
0.2412736986810355	0.20681533833944132	0.10330483083344064	0.27592496118979765	0.17268117095628469
0.2412495915207275	0.20677090879080576	0.10342177964174588	0.2758991421279575	0.1726585779187631
0.24135495059422166	0.2069402719868117	0.10341165220840298	0.2758227131807026	0.1724704120298608
0.24124492203111725	0.20690271182558884	0.10335630888440069	0.2757944705449028	0.17270158671399016
0.24122365482930802	0.20691326415868763	0.10343233549085694	0.2758422192992628	0.17258852622188436
0.2414169038513226	0.2068806210187168	0.10338426907661928	0.2758525946884541	0.17246561136488697
0.24128532782662743	0.20692482948645263	0.10333713835277668	0.27596574509272986	0.17248695924141316
0.24136449642791566	0.20681565375729616	0.10330644311721747	0.2758923917516741	0.1726210149458964
0.2413828815280554	0.20689264711977923	0.10339133070570514	0.27590196185976	0.17243117878670003
0.2413030147501834	0.2068941324434981	0.10341978620856924	0.2758094914063232	0.1725735751914258
0.2413703693230205	0.20684833549947163	0.10339517800327253	0.27589304722265284	0.17249306995158226
0.24136029156278999	0.20676054908614824	0.10348495553906606	0.2758702082493031	0.17252399556269235
0.24142093600485326	0.20687358161150116	0.10342608385284059	0.2758443051310889	0.17243509339971583
0.2413592118020157	0.2069328435574032	0.10330555498165446	0.27592344363911786	0.1724789460198085
0.2412292090076263	0.20689634161515041	0.1033725927741086	0.2758628492183986	0.17263900738471585
0.24143148476505172	0.2067607634874016	0.10330495678636664	0.275899648198172	0.17260314676300775
0.24130019200663433	0.20694079077045796	0.10334499144719801	0.275814868102911	0.17259915767279846
0.2412436918961393	0.2069437426332316	0.10342428933856751	0.2758677964823911	0.1725204796496702
0.24137257729173542	0.20690395740731565	0.10346339382502744	0.27583022828658055	0.17242984318934065
0.24127402994427993	0.20690932612113824	0.10345580740171334	0.27584089003522705	0.1725199464976412
0.24133017576671212	0.20692146467283642	0.1033698684400953	0.27589626130711054	0.17248222981324537
0.24135176988141835	0.20680304249283024	0.10347856935760978	0.27582857174809117	0.17253804652005025
0.2412392528511349	0.20685955310529816	0.10345100908472912	0.2758589689924954	0.1725912159663422
0.24124697399801198	0.20676674956736008	0.10345197978382456	0.2758419917446243	0.17269230490617887
0.24125291028152268	0.20693798866828092	0.10349554569153963	0.27589915241423857	0.17241440294441793
0.24128488335133624	0.20693948228819514	0.10347441085655117	0.2758681170755228	0.17243310642839443
0.24128773794947328	0.2068958271425974	0.10349387479572135	0.2758015873004419	0.17252097281176582
0.24123839399745067	0.2068072074459317	0.1033445606704921	0.2759598680645597	0.1726499698215656
0.24140161696651974	0.20692944432747093	0.1034224808430313	0.27584059641980546	0.17240586144317233
0.2413678896422275	0.20686581294887532	0.10334505413585976	0.27589723100639185	0.17252401226664535
0.2412958346587738	0.20693535422282036	0.10331741390884487	0.27580962594321756	0.17264177126634322
0.24127237831074647	0.2068474748537273	0.10349023358538686	0.27589872117598446	0.17249119207415464
0.24145016416738024	0.2067853563566395	0.10343045208571243	0.2758456930806007	0.17248833430966692
0.2412775232552815	0.2069413764844307	0.10334468419216725	0.275899929865134	0.1725364862029863
0.24125112221923273	0.20690752026050163	0.10340562832222372	0.2758705740331723	0.1725651551648694
0.24143010855528826	0.20678965364816917	0.10340983661034026	0.275847103692979	0.1725232974932231
0.24135375709859466	0.20688289779124006	0.10343124218487985	0.2758522196737394	0.17247988325154573
0.2413207478085611	0.2068225577707836	0.1034300583521862	0.2759624614881556	0.17246417458031324
0.24134924581301542	0.2068344204705482	0.10347960294603425	0.27580851211078194	0.17252821865961993
0.24140354849663426	0.20684583331035855	0.10343108027995566	0.2758952384555518	0.17242429945749946
0.2413261899586616	0.20689616190676532	0.10341798441139823	0.2758266411896594	0.1725330225335152
0.24143671970664282	0.20688017484991325	0.10332954547117372	0.27582122400429426	0.1725323359679757
0.24140700063876874	0.20685247955703281	0.10346147491329535	0.27584251144801347	0.17243653344288934
0.24146226036691165	0.20675697461811623	0.1033147865861994	0.27580862547731105	0.1726573529514614
0.24124660941134796	0.20687987688963158	0.10349171862141195	0.2757953201052037	0.17258647497240454
0.24129808254917176	0.2068290005655154	0.10340947746323606	0.27581468369345086	0.17264875572862565
0.24142791838987118	0.20683076109930124	0.10344232672167518	0.2758234234691911	0.17247557031996108
0.2414582349527568	0.20680182800061991	0.10346700125614317	0.27579866097410577	0.17247427481637406
0.24123327102438594	0.20688574518403977	0.10348517572771869	0.27587373142425653	0.17252207663959884
0.24124259683083651	0.20678438239673072	0.10346495495618556	0.2758511925513814	0.1726568732648655
0.24146130608656807	0.2068137221129424	0.10332499577089173	0.2759641903396316	0.17243578568996593
0.24142447297403036	0.20680609756779816	0.1034477115803646	0.2757957091284391	0.1725260087493675
0.24126200092045433	0.2069002873005953	0.10342623423414789	0.27584475487763316	0.17256672266716905
0.24128616457801183	0.20686253153632161	0.10335527686965287	0.27582906757166037	0.1726669594443531
0.241269944828794	0.20688868966337515	0.10346334053853012	0.27595306840955486	0.1724249565597456
0.2413769785329532	0.2068515304031927	0.10349795640223831	0.2758054270110263	0.1724681076505893
0.2412277813112715	0.20692195403110913	0.10331284074889507	0.27593551190114285	0.17260191200758118
0.24146149975331488	0.20676012211021888	0.10332585020715652	0.2758833534732456	0.17256917445606385
0.24129200088189795	0.20683292833905365	0.1034273187141986	0.2758718720871772	0.17257587997767238
0.24126227388680185	0.20679683171068497	0.10349304429300658	0.27593396859890673	0.17251388151059963
0.24133783013365545	0.20692396571389965	0.10338036685531077	0.2758638030196432	0.17249403427749072
0.24134703803842839	0.20687933813554943	0.10339245205754971	0.2758433895918929	0.17253778217657928
0.24124017719599	0.2067938148146215	0.10343064507549099	0.2759607738884097	0.17257458902548756
0.24123086039148023	0.2068290268259313	0.10336134616023931	0.2759609883467097	0.1726177782756392
0.24143592564437838	0.20680048961083744	0.10330477818728552	0.2758778714557115	0.17258093510178685
0.24142106976768357	0.2068094108057019	0.10343495117961779	0.27580732672062397	0.1725272415263725
0.24131686477697314	0.20677937887117176	0.10347388599039424	0.27585808153073105	0.17257178883072957
0.24143818933844605	0.20682876607062012	0.10347746473198638	0.2758441646068287	0.1724114152521185
0.24129670655108912	0.2068003199618052	0.10346851614877	0.2758802400346126	0.17255421730372283
0.24136467890967842	0.20688711343533692	0.10333654343713122	0.27582589437775185	0.17258576984010135
0.24132223603873607	0.20678428876457985	0.10346108783014983	0.27595981922008644	0.17247256814644757
0.2412644805116813	0.20690697092826466	0.10338779947048654	0.27593491652372654	0.1725058325658407
0.24142535764337877	0.2068699159233499	0.10334934853541856	0.27594023509856963	0.17241514279928288
0.2413504756302863	0.20680969249575817	0.10349220339594749	0.2758256736509864	0.17252195482702135
0.24143443218897628	0.2067961925437011	0.10330968107577887	0.27594278985892384	0.17251690433261962
0.24124330995899998	0.20690066192909845	0.10345256261551589	0.27583422657273615	0.1725692389236493
0.2413135211363161	0.206813572196688	0.10338763048602234	0.2759499900863707	0.17253528609460259
0.2412983406778394	0.20689756170041998	0.10330411908268516	0.27589367121952546	0.17260630731952972
0.24139189898931923	0.20680702812195986	0.10348392427193014	0.27589406151545337	0.17242308710133714
0.24128382102621768	0.20682982828932248	0.10347270139766855	0.27581709830211576	0.17259655098467527
0.24131347587739455	0.20683679908732708	0.103342910634458	0.27589838757388263	0.17260842682693753
0.24146649688195962	0.20682970167980957	0.10340816387976716	0.2758540255452615	0.17244161201320188
0.24136459622483808	0.2068503904727788	0.1034217477006759	0.27591971083122147	0.1724435547704855
0.241433426840637	0.20681214562575556	0.10331429313600203	0.27595926041122115	0.172480873986384
0.2412646935886098	0.20678275996593992	0.10333110166722748	0.27594807200982496	0.17267337276839761
0.24133451419062946	0.2068321909410541	0.10337124757746706	0.2758698336177262	0.17259221367312297
0.24134411282810375	0.20675752183555116	0.10337158035748867	0.27584483346748334	0.17268195151137283
0.2412582640348373	0.20692217269598612	0.103326766909021	0.2759409057344826	0.17255189062567275
0.24140602795700383	0.2068499372423603	0.10333063063980662	0.27590235325979967	0.17251105090102933
0.24130088190931315	0.20681126263420743	0.10346230873125066	0.27591637686823484	0.17250916985699366
0.24133901654167145	0.2069151225478284	0.10337455687810612	0.27595282380671504	0.1724184802256788
0.24135417173323911	0.20681429424019496	0.10331473540407547	0.2758702173390093	0.17264658128348093
0.24124108138501407	0.2068655427673916	0.10337403534144267	0.2758611922311642	0.17265814827498724
0.24126172242085422	0.20694153313119856	0.10340099750247152	0.27589667762114517	0.1724990693243303
0.241428433822932	0.2067839025745368	0.1033042712103417	0.27596582030894734	0.17251757208324195
0.24126244085152862	0.20677972512735354	0.10348504359028776	0.2759042300381382	0.1725685603926916
0.24136828001885707	0.20682271461126103	0.10332280704680075	0.2758034173762707	0.17268278094681022
0.24145511494527955	0.2068609703448784	0.10343376175734029	0.27582196345718263	0.17242818949531888
0.24145406198894767	0.20677166988418405	0.1033754145976238	0.27593948101946797	0.17245937250977625
0.24129074604308037	0.20676439840932626	0.10333882819162732	0.27594287495907843	0.17266315239688743
0.24147764452565784	0.20684518100214014	0.10335897826960085	0.27581914692607523	0.1724990492765257
0.24141418690687222	0.2067948003135436	0.10339865852727663	0.2759271029541445	0.1724652512981628
0.24131389086253788	0.20691519210464637	0.10333884342417606	0.2759067506392947	0.17252532296934472
0.24133290808577823	0.20684303735942122	0.10349297358974352	0.27590705946180943	0.17242402150324732
0.24142252500413014	0.20676511130394598	0.10345715431446954	0.2758161060761397	0.17253910330131433
0.24129286042611897	0.20679982748969822	0.10343233544747255	0.275922603333032	0.172552373303678
0.24142383212728777	0.20681089034932412	0.1033112290113687	0.275814768360116	0.17263928015190322
0.24128497006161043	0.206757630831364	0.1034661275579236	0.27580310038175193	0.17268817116734977
0.24135705726574277	0.20690631891701905	0.10341559331232501	0.27590731435042276	0.1724137161544902
0.24145203106910024	0.20685573358131015	0.10344831583756825	0.2758087625457615	0.17243515696625963
0.24139859627042085	0.20681046770242822	0.10349690713542903	0.2757924347066337	0.17250159418508798
0.2413527555182929	0.20693121057357808	0.1033722941385874	0.2759100288251111	0.17243371094443025
0.24129121820649604	0.2068635986542323	0.10331761641147104	0.2759656837420443	0.1725618829857561
0.24127854823886585	0.20678994369080697	0.10342881221788075	0.2758317409280031	0.1726709549244431
0.24146227199086634	0.2068355250378264	0.1033133146034454	0.27591490145031217	0.1724739869175494
0.24131155244381547	0.2068550284963708	0.10341147448906873	0.2758045053735014	0.17261743919724334
0.24136490456098053	0.20683744890320965	0.10339112605824978	0.2759215189760524	0.1724850015015074
0.2413045675281944	0.20694193101060318	0.10345440123332947	0.27584832267192555	0.17245077755594718
0.24147323131138612	0.20684342682452414	0.10331054708166239	0.27593245146525397	0.1724403433171731
0.24134946129334173	0.20682935771170818	0.10340732049179559	0.2759404544803398	0.17247340602281439
0.24123898678642694	0.20680046320964499	0.10339844188630846	0.2759196444475715	0.17264246367004787
0.24135966558429936	0.2068464327557466	0.10337999751244252	0.27582564334352405	0.17258826080398723
0.24139506098181707	0.2067696218059567	0.10337411367708826	0.2758190545279235	0.1726421490072142
0.24129841439976543	0.2068240428424038	0.10346778531701474	0.2758148876790341	0.17259486976178165
0.24124653850013505	0.20687990746143192	0.1034847054598161	0.275877863323518	0.17251098525509867
0.24124088199836408	0.20689148700138787	0.10346228399018999	0.2759027757145457	0.17250257129551214
0.24146892586482277	0.20684427973918124	0.10330386882154653	0.27593934126362796	0.17244358431082127
0.24144285104577284	0.2067685425808179	0.1033421132848746	0.27582983216603574	0.17261666092249872
0.2412224553876092	0.20682385793078345	0.10336463870236427	0.27596503272900996	0.17262401525023285
0.24138023622983662	0.2068665616429051	0.10339810622275811	0.27587842866139767	0.1724766672431023
0.24124127329573358	0.20684987429371082	0.10330579031276442	0.27590278121304423	0.17270028088474665
0.24147257068470585	0.2068475771995114	0.10337201218253177	0.2758134025566702	0.1724944373765805
0.2413948183328407	0.20687212157759316	0.10337151368138557	0.2758296204185621	0.1725319259896182
0.2412923739661753	0.20692055767875225	0.10343074098664087	0.2759143546263793	0.17244197274205203
0.24131028729156664	0.2068841061102071	0.10348916990477261	0.27588297690989166	0.1724334597835617
0.24128649294248106	0.20684685802581942	0.10332698810454526	0.2759629399169541	0.17257672101019997
0.24123372157026376	0.20679298215179737	0.1034873470995348	0.2758855140067167	0.17260043517168716
0.2413154265664886	0.20678124162101563	0.10342669833826583	0.27595361852559935	0.17252301494863032
0.24127106074948396	0.20686520118278184	0.1033729144526576	0.27589289596882727	0.17259792764624907
0.24137019945102756	0.20683708006417054	0.10339360749514075	0.2758991761295507	0.1724999368601102
0.2412361143971941	0.20677668035611085	0.10341803590566528	0.2759541048975266	0.17261506444350289
0.24141106453553096	0.20681593940238796	0.10332431871203286	0.2759254941866583	0.1725231831633897
0.24127635035054662	0.20693348628911123	0.10349055849302789	0.2758342832356284	0.1724653216316856
0.24133516590741524	0.2067646440252328	0.10335002648449311	0.2759591889840804	0.1725909745987782
0.2413546535251321	0.20690770921030757	0.10343665593801403	0.2758750941506002	0.1724258871759459
0.2414749760835235	0.20685891263726838	0.10332770210302847	0.27580830481480445	0.17253010436137492
0.2413940501818972	0.20676649784412007	0.1034742977417227	0.2757985999438812	0.17256655428837858
0.24133097066197476	0.20680522395385542	0.10344784387122466	0.27580567579601756	0.17261028571692733
0.24122840425967212	0.20683706738778027	0.10348520658671628	0.2758806230211345	0.1725686987446966
0.24143599644702857	0.20685303841169542	0.10340754390413187	0.27583483117892316	0.17246859005822077
0.24126336194198325	0.2067736455472734	0.10340875571521073	0.275865727204096	0.17268850959143636
0.24132930568587938	0.20675649680511773	0.10340457779007722	0.2758470227204268	0.17266259699849862
0.2413859492909322	0.2068793587453965	0.10339336220044996	0.275869826721282	0.1724715030419391
0.2413420994545407	0.20682767961797058	0.10331661846448237	0.27591461385981564	0.17259898860319053
0.2413426791245326	0.2067709289483366	0.10349520108279578	0.2758017453163348	0.172589445528
0.2414142506705711	0.20688856720251564	0.10337167681551261	0.275795121455664	0.17253038385573644
0.2413882804145945	0.2068871913538381	0.1033509477905378	0.2759479945879851	0.17242558585304427
0.24139082723164254	0.2069013161219393	0.10330682952934592	0.2759258517606693	0.17247517535640272
0.24144499715537837	0.20677811217829878	0.10344157334612307	0.2758095922624199	0.17252572505777958
0.24143419607768185	0.20683196911683735	0.10338736833651584	0.27586022365352286	0.17248624281544184
0.2412903384582989	0.20688065537551312	0.10331840808590997	0.2758364393459747	0.17267415873430306
0.24124991532310974	0.20685779340377886	0.1034384468138464	0.2759348619153031	0.17251898254396167
0.24132317196287778	0.2068282458290196	0.10332927905404757	0.27586553850594475	0.17265376464811005
0.24130075927439923	0.20688468994751175	0.10334354598950367	0.2759268323715515	0.17254417241703357
0.24131044642737987	0.2067704596128226	0.1034748536114208	0.27586682348455926	0.1725774168638172
0.24126955759251595	0.20677629807481498	0.10343830421996618	0.27594739323886075	0.17256844687384182
0.24139107900394197	0.20679974192583808	0.10335880527511437	0.27595357041209156	0.17249680338301376
0.2413843970188334	0.20694073100484234	0.10331915751842555	0.2759284791338622	0.17242723532403625
0.241407444228989	0.20682185376666082	0.10332971826867485	0.27585925522619414	0.17258172850948092
0.24136080742638183	0.20677986168391085	0.10346339430401055	0.27587839780858975	0.17251753877710682
0.24134455262453203	0.20676610518514063	0.10335873096448933	0.275893941520891	0.17263666970494684
0.24135851835168448	0.20682596429843592	0.1034436719634156	0.2758194190017606	0.1725524263847032
0.24146537388136075	0.20675640899579198	0.10345465996613247	0.27584537106884705	0.17247818608786752
0.241297230025501	0.20692943611610545	0.10338127222901117	0.2758472464629043	0.1725448151664778
0.24142398395073653	0.20684849928943144	0.10338432618105887	0.27592292736167157	0.17242026321710138
0.24135564733744586	0.20691580386041764	0.10336546237735351	0.2758545516268756	0.17250853479790715
0.24125328695354728	0.20691490777101904	0.10339222914031924	0.2759465148821769	0.1724930612529373
0.24136308768886533	0.20681372217573463	0.10337293010776119	0.27585732832869253	0.17259293169894604
0.24123278320086203	0.20681325767824013	0.10335650745970519	0.27595978099605994	0.17263767066513247
0.2413787869177876	0.20687302807856245	0.10331519978459838	0.27588878212227713	0.1725442030967742
0.241232988535703	0.20693824459865823	0.10332960803080843	0.27589897846322553	0.17260018037160463
0.24125875666183988	0.20681456527062525	0.10338591109986964	0.27595587578412833	0.17258489118353668
0.24130244954729013	0.20678345858123473	0.10340325802585087	0.275833654297125	0.17267717954849904
0.24134870655812254	0.20693909024400603	0.10336965009589796	0.2758352426094166	0.17250731049255658
0.2412456584220667	0.20692340897323513	0.10332599746135715	0.2758189704521914	0.17268596469114939
0.24123874390953817	0.2067724676051632	0.10347516155718613	0.27592921202495563	0.17258441490315662
0.24133736103266307	0.20680068127564288	0.10333804389357758	0.2759189527177097	0.1726049610804065
0.2413255921484882	0.20680972603962733	0.10347636510307359	0.27594757309381984	0.1724407436149908
0.24141519300922692	0.20687871097550714	0.10331316973978197	0.27592812853067683	0.17246479774480689
0.2413882522282852	0.20676188628946818	0.10333781630753418	0.27581680527071206	0.17269523990400015
0.24123610141726676	0.2068876616387735	0.10339138074107251	0.27590912005295387	0.17257573614993313
0.24141840307742207	0.2068447386507704	0.10343665216006442	0.2758369174993669	0.17246328861237592
0.24132905090962678	0.20676892650240422	0.10336867108164571	0.27587761967815855	0.17265573182816446
0.24136693861513572	0.20689495801541966	0.10330861243815635	0.2759472705590108	0.17248222037227723
0.2413440432958786	0.20684892021979942	0.10345312688890654	0.27586599880253226	0.17248791079288298
0.2413293538762392	0.2068455295837707	0.10339726221328159	0.27582004125333875	0.1726078130733695
0.24129209143713837	0.20677821348324693	0.10340660340103847	0.2759000599342568	0.17262303174431912
0.24142567800721593	0.20684155056986236	0.1033980985660188	0.27588303803870207	0.1724516348182006
0.24145899432368895	0.20676798601159968	0.10342215173700937	0.27588216068880456	0.17246870723889723
0.24147112445145716	0.20688527033407136	0.1033803803192272	0.2757929404953282	0.17247028439991582
0.24125057517565263	0.20685558599590434	0.10332788670822879	0.27595331240186893	0.17261263971834506
0.2413336186009699	0.20678646998897926	0.10349034101486607	0.2758301765053316	0.17255939388985295
0.24130280431859738	0.20680776553063138	0.10347289199610601	0.27580966263858364	0.17260687551608137
0.24144469687810613	0.20683288318748463	0.10332955644660695	0.2759511222085092	0.17244174127929282
0.2414497851466921	0.20689119348720306	0.10333550593171117	0.2758614421518072	0.17246207328258625
0.2413512785668998	0.2068818681514713	0.10347364110388678	0.27581620466133316	0.17247700751640876
0.24128079016906812	0.2069154300140789	0.10340113726760944	0.2758744676486411	0.17252817490060224
0.2413417151937136	0.2069410553188786	0.1033541430005897	0.2758967896413961	0.17246629684542175
0.24136283074365733	0.20693530292731693	0.10330615002043306	0.27585476616422133	0.1725409501443711
0.24137854642272924	0.2068781201404358	0.10340414333218471	0.2757996989709792	0.17253949113367076
0.241249199677188	0.20688254034231196	0.10341262191057479	0.27592045182589686	0.1725351862440281
0.24139008748491922	0.2068305011050961	0.10344762157427731	0.2758298870243485	0.17250190281135858
0.24126863525203518	0.20684318674640834	0.10347845504309253	0.2759452309177549	0.1724644920407088
0.24126112211167938	0.20679383780557195	0.10342933749849498	0.2758509464001627	0.17266475618409072
0.24122693259433753	0.20693348634103237	0.10340758618201241	0.27582539277034324	0.1726066021122742
0.24141613342409762	0.206783259399858	0.1034100753115853	0.2757949536367859	0.1725955782276729
0.2413851825861949	0.2067617116341969	0.10334231225190484	0.27583120900742414	0.17267958452027898
0.24123445259875717	0.20689308224192612	0.10349591709498134	0.2759505609410522	0.17242598712328294
0.2413020424135005	0.20691570141006335	0.10334377411701703	0.27585150034436623	0.17258698171505266
0.24127768557875173	0.20689215213073392	0.10343031973298747	0.27588111203695587	0.17251873052057076
0.2414563982086349	0.20678749558747903	0.10341521345882153	0.2758351979048444	0.1725056948402199
0.24132666248483314	0.20689312598005177	0.10346068368392304	0.2758687966745854	0.1724507311766064
0.24128183130260278	0.20680953188841858	0.10333324189129636	0.2758729806013096	0.17270241431637243
0.24128636385536012	0.2069351768811997	0.10341019816037479	0.2759424600502016	0.17242580105286354
0.2413507557676039	0.20690225563451814	0.10347650001299959	0.2758052818647258	0.17246520672015234
0.24122280320747758	0.20682944778151294	0.10348267017944823	0.27588332187967335	0.17258175695188765
0.24134582452146208	0.20693009857978314	0.10339605258924468	0.27589872593285925	0.1724292983766506
0.24124551360291968	0.2069260142454835	0.10338172932147047	0.2759589767110867	0.17248776611903938
0.2413184151516312	0.20693795519791433	0.10338385329361122	0.27588815300016867	0.17247162335667438
0.24139989733187942	0.20692460300228332	0.10343085300018073	0.27580246560897803	0.17244218105667825
0.24131578850187968	0.2068000141482357	0.10335000589201493	0.27596035901997384	0.1725738324378956
0.2414066062026387	0.20677948867671483	0.10345046467790817	0.27588641679782105	0.17247702364491702
0.2414490650977005	0.2068747318148142	0.10334871612833402	0.2758039016191284	0.17252358534002268
0.24134579025912425	0.20687502263938945	0.10337551148500139	0.2758144173453296	0.17258925827115507
0.24135456742568673	0.20677835495746053	0.10341106793012238	0.2759438729923445	0.17251213669438561
0.24128646107151025	0.20689531491230095	0.10348299336274046	0.27586115935280153	0.1724740713006466
0.2413324607574926	0.20688313006911366	0.10341679230157663	0.27595920900709103	0.17240840786472583
0.24130499705984293	0.20689759956031245	0.10347634057104091	0.27588882354002786	0.17243223926877563
0.2414546243769643	0.20688605093836593	0.10336840764708341	0.27587351348728373	0.17241740355030238
0.24134759461363953	0.20679886890985863	0.10333012519811183	0.27594634107201044	0.17257707020637933
0.241345880398401	0.20693150431386478	0.1033416732229984	0.2758401460824658	0.1725407959822698
0.24141598562479344	0.20680095989375963	0.10344035733723073	0.2758791095534911	0.17246358759072483
0.2413414099522263	0.20693302370206407	0.10330766476053937	0.27591187732425826	0.17250602426091172
0.2412820153471109	0.2068759867561283	0.10332233650609325	0.2758901494002604	0.17262951199040685
0.2412416628153909	0.20687643121594937	0.10338125364336188	0.27582562060568283	0.1726750317196148
0.24142480582873496	0.20688118978585857	0.10340870802905577	0.27581362924512276	0.17247166711122766
0.2413017099537743	0.2068867610002531	0.10342163467806571	0.27590790747875504	0.1724819868891516
0.24133760662872167	0.20682487958270604	0.10338002300060194	0.275860840264684	0.17259665052328607
0.24139849681402764	0.20675795410739414	0.10330710005738802	0.27594866814634117	0.17258778087484877
0.241254278117282	0.2068879416006008	0.10342812020242029	0.2758291546060335	0.17260050547366312
0.2413035988647958	0.20688572356596058	0.10346195451488258	0.2758594875190302	0.17248923553533058
0.2412287062979547	0.206886455559446	0.10339756591534807	0.2759516174075334	0.1725356548197176
0.24137992069465752	0.20679994431300097	0.10347977955193141	0.2759314641787294	0.1724088912616805
0.2412903562570555	0.20676790107520504	0.10342202081614836	0.27588779135692576	0.17263193049466513
0.24138925546756496	0.2068540525564332	0.10336565610627381	0.27583682916717733	0.17255420670255042
0.24132010706702872	0.20684421690191473	0.10344418741690932	0.27580899212334054	0.17258249649080637
0.2414250239056822	0.20677083018478484	0.10331290582796865	0.27594533921732883	0.17254590086423524
0.24125699255167665	0.20686724978533882	0.10341849803160938	0.2758992201114841	0.1725580395198908
0.2413146473979692	0.2068134004022441	0.10339547990399417	0.27591494314940446	0.17256152914638778
0.24131728771117622	0.2068544805211499	0.10340942319250432	0.2759251533474164	0.1724936552277529
0.2413642887088131	0.20693972485802567	0.10342229181484355	0.2758674448958411	0.17240624972247637
0.24142741647759683	0.20676793540445743	0.10336685749332034	0.27587344635026867	0.17256434427435646
0.2412867431528353	0.20686299255031473	0.10337648321159332	0.27591226835674165	0.17256151272851472
0.2414075524524034	0.2067853967833648	0.10345096615417024	0.27592021985249404	0.1724358647575673
0.24125859256147328	0.20692163905060482	0.10334808473310993	0.27579724782226345	0.1726744358325483
0.24146243149172797	0.2068484376421805	0.10344321241839136	0.27582479080205624	0.17242112764564366
0.24147381435570725	0.2068007238500813	0.10331659524658274	0.2759147428524483	0.17249412369518016
0.2414500789154447	0.20679253316017582	0.10346600407885012	0.2758558425098767	0.17243554133565236
0.2413009599346626	0.20677560437576245	0.10333752848783295	0.27591234996524827	0.17267355723649347
0.24128575561050664	0.20684289037368184	0.10345340042024787	0.27583762578583315	0.1725803278097302
0.24131328273699193	0.2068271886276655	0.10339592093273413	0.2757964357858783	0.17266717191672987
0.24124986609123653	0.20692804614231006	0.10331449292755035	0.2759286986886408	0.172578896150262
0.2413520255835722	0.20688435523503007	0.10331590273657522	0.27582253096486486	0.17262518547995745
0.24125904790415081	0.20686367972276126	0.10344515721666772	0.2758686137041442	0.17256350145227572
0.24124681236064144	0.2069305744632456	0.10331910974219635	0.27581889920867175	0.17268460422524456
0.24139069670215252	0.2068950680150067	0.10344543448515353	0.2758059382901107	0.17246286250757636
0.2412784911725106	0.20683790863995	0.10336609514252418	0.2758324091578479	0.17268509588716707
0.2412943262379014	0.2069213213357678	0.10343800549384415	0.27590051853881076	0.17244582839367567
0.24134574102079986	0.20675840911599844	0.10345651518850886	0.27580922601911306	0.1726301086555795
0.24122714365341427	0.20691857268654748	0.10335029609509726	0.27593297932270544	0.1725710082422353
0.24135940194112082	0.2068532990353972	0.1034308317882429	0.2758554956780285	0.17250097155721034
0.24128356062291684	0.20691899141085723	0.10334664315320115	0.2759385727043131	0.17251223210871142
0.24142270883147557	0.206820909903214	0.10338465303196631	0.2758148773099883	0.17255685092335554
0.24144734480748337	0.20677506369791843	0.10331104247919029	0.2759158515171489	0.17255069749825877
0.24126964909117457	0.2069248805800657	0.10349662771483886	0.2757925508773976	0.172516291736523
0.2414126251228948	0.20676977358269125	0.10336447372863654	0.2758629855353272	0.17259014203044992
0.2413154330205043	0.20677702073350523	0.1033808800120175	0.27585528336293874	0.172671382871034
0.24131234739741333	0.2068404612655311	0.10338843703522554	0.2758629204315168	0.17259583387031302
0.24130250752666904	0.20683718822812336	0.10348365777329412	0.27580204690844934	0.1725745995634639
0.2413743399245122	0.20687713156331916	0.10331386335925904	0.2759627292091802	0.17247193594372912
0.24128653796090513	0.2067699590299829	0.10342893160613836	0.2759091443688162	0.1726054270341571
0.24135591312145274	0.20690928134146547	0.10336257787746195	0.27596309583654854	0.1724091318230711
0.24131153468694327	0.2067728097718131	0.1033664532761945	0.2759522201939524	0.1725969820710965
0.2412995745458672	0.2068883944346434	0.10344147395845148	0.27582619422403865	0.172544362836999
0.2412785211937784	0.20690033853876053	0.10346891300106494	0.27591572561283695	0.17243650165355895
0.2412718236652748	0.20683473357348164	0.10349455449276007	0.2759253607465848	0.1724735275218984
0.24146160528312843	0.20676237156526533	0.10345016893892205	0.2759151834375829	0.172410670775101
0.24134503084308254	0.2068101503392313	0.1033315704374089	0.2759383980398029	0.17257485034047404
0.24128314974709714	0.20684205177508053	0.10347833990844382	0.2758797019392517	0.17251675663012656
0.2412825740476881	0.20676593498696383	0.10348071393901054	0.27589409999484116	0.1725766770314961
0.24138603116555743	0.20681920074724625	0.10334436942630572	0.2758025370634588	0.17264786159743153
0.2413364110569777	0.20676886461570365	0.10339590316378894	0.2758229780900078	0.17267584307352174
0.24122938118043202	0.20693148347668003	0.10346313585930074	0.27579480037681553	0.17258119910677142
0.24126153198417719	0.20690073933641975	0.1034784806798592	0.27591350207427046	0.17244574592527315
0.24123120031454637	0.20684009450789767	0.10349515654959272	0.2758853158924487	0.17254823273551434
0.24126257252665598	0.2069410076350093	0.10342237167429369	0.2759140113030437	0.17246003686099703
0.2413575526585241	0.20682052956893876	0.10333846161157513	0.27582272542787656	0.1726607307330852
0.2413309870254959	0.20684660705057256	0.10345493497238736	0.2758795566360405	0.1724879143155034
0.24125400288554222	0.20683393545663967	0.10335247103432087	0.27589911879952533	0.17266047182397168
0.24139302416287634	0.20684460138332889	0.10330314946327934	0.2758659013941464	0.17259332359636875
0.2414188642116218	0.2067675102492825	0.10344762871929455	0.27588119575525194	0.17248480106454897
0.24130639764447365	0.2068548216995051	0.10334657458855355	0.27589406107504694	0.17259814499242054
0.24141880929583756	0.20681101221610287	0.10333385944278058	0.2758916773388004	0.17254464170647837
0.2413136618791087	0.20693113262720142	0.10335684852951879	0.27586305337113315	0.1725353035930377
0.24147620323307134	0.2069036091652802	0.10330645975693414	0.2758590398548784	0.17245468798983568
0.24140678050052033	0.20678593886318528	0.10346488532661328	0.2758793490641843	0.17246304624549652
0.24135869255145942	0.20680275725184152	0.10347525739360618	0.2757925832536801	0.1725707095494125
0.2413521239366668	0.2069353153787426	0.103390928719855	0.27586777430530784	0.1724538576594275
0.24142759625033477	0.2068680952092853	0.10333483076307948	0.27580317511950825	0.1725663026577919
0.24143523319972965	0.20693001928766988	0.10330757497911686	0.27589239224027723	0.17243478029320614
0.24135809651807966	0.2069136577564252	0.10345930764106762	0.2758442788899742	0.1724246591944531
0.241366198718938	0.20681627591081556	0.10331054882180268	0.2759402750775751	0.17256670147086836
0.24144255005273332	0.20677795549184114	0.10345892370118914	0.2758427359615403	0.17247783479269585
0.24134980579266185	0.2068875505294603	0.10344390260827761	0.2758849182976534	0.1724338227719466
0.24138808788515514	0.2069155492181787	0.10335325450266426	0.2758511219382172	0.17249198645578442
0.24132169336136033	0.20687578696959502	0.10341204464426317	0.27586156494264824	0.17252891008213297
0.24134253812573814	0.20680250150571658	0.1034780874037752	0.2758630154492819	0.17251385751548798
0.2414043130086536	0.20678892979204938	0.10344425966413977	0.27594837419542856	0.17241412333972844
0.24146939385494046	0.20685820591487897	0.1033644103930451	0.275831667791094	0.1724763220460412
0.2413213905339516	0.20685874211558994	0.10347485813005766	0.27591436848863604	0.17243064073176453
0.24144027933768286	0.20677684426429208	0.10348599538773189	0.27584785333265394	0.172449027677639
0.2413948240680706	0.2068647394618914	0.10341615279811153	0.2758902637379907	0.1724340199339355
0.24128999351025368	0.206897636436956	0.10343612808252597	0.27585856557553445	0.17251767639472967
0.24139973048071062	0.2069320966674918	0.1033632913677107	0.2758598657287491	0.17244501575533758
0.24122972247616994	0.20681454319429168	0.10333455145687472	0.27595176483262956	0.17266941804003383
0.24123033800176047	0.20683926220102086	0.10349732680074199	0.2758074629138335	0.17262561008264293
0.24140805529135717	0.20685876340888548	0.10336314064238754	0.2759459292116948	0.17242411144567477
0.24137284840214535	0.20688658973405896	0.10332058244029016	0.27588625400390465	0.1725337254196007
0.24146013925612353	0.206783594843527	0.10332339236193291	0.2758925139432941	0.1725403595951222
0.24138207657468522	0.20687286313140194	0.10339515534751735	0.2758180418509759	0.17253186309541937
0.24137954050665372	0.20688137246857785	0.10345758470371537	0.2757996729629088	0.172481829358144
0.24139592939191765	0.2067866174353822	0.10330228132235483	0.2758414970773437	0.17267367477300138
0.24128016230777347	0.20692401824392548	0.10336257942843541	0.2759517715477031	0.17248146847216225
0.24133082269022205	0.20678502820209405	0.10344527393247205	0.2758511456179995	0.17258772955721208
0.24131835476290298	0.20694501933550583	0.10344551814063481	0.2758258692031753	0.17246523855778081
0.24126176182196735	0.2068603284531107	0.10335945902524507	0.2758844899221304	0.17263396077754625
0.24145362118641325	0.2068408732056015	0.10338542174136886	0.2758672599781107	0.17245282388850544
0.24133458597369617	0.2068051841339067	0.10346535573981641	0.27592535903862025	0.17246951511396022
0.2413980303122675	0.20687263319646812	0.1034699284266605	0.27579477121846185	0.17246463684614177
0.24124699065979033	0.20692732062901614	0.1034113425170322	0.2759292602116806	0.1724850859824804
0.24123251713542718	0.2068784703419421	0.10331005228718877	0.27594643562455773	0.17263252461088402
0.24130711377299682	0.20687404162222112	0.10335066864953084	0.27589360443615535	0.17257457151909564
0.24125402718310535	0.20693286075639103	0.10330386674802051	0.2759203628391464	0.1725888824733365
0.24144665746085167	0.20677374747992952	0.10336133994935452	0.275914272519387	0.172503982590477
0.24141688772612788	0.20676646909728075	0.10340904529843582	0.2759173055068697	0.1724902923712856
0.24147727511237158	0.2067774483932391	0.10335405950782811	0.2759153648110503	0.17247585217551067
0.24132202348410448	0.2068825918061691	0.10335210141106739	0.27582696683888686	0.17261631645977188
0.24138219233520541	0.20689386191568782	0.10334701896482518	0.27595175516442483	0.17242517161985657
0.2412961744348055	0.20683958615484432	0.10338109818491274	0.2759143921700777	0.1725687490553595
0.24135251909578825	0.20678757509263018	0.1034356843841919	0.27594570543271946	0.17247851599466996
0.24133283714818612	0.20683334171368473	0.10334237424976281	0.2759616987160644	0.17252974817230168
0.2413998029194171	0.20685815222062576	0.10344260414345816	0.2757986318104346	0.17250080890606412
0.24144364963751236	0.20683965842097832	0.10342448608714316	0.27579738771033524	0.1724948181440307
0.24145837540146572	0.2068123297537782	0.10334605680490914	0.2758412682565028	0.17254196978334388
0.24125640503370485	0.20691524766346006	0.10339707715106168	0.2758541481956941	0.17257712195607902
0.24141996599500973	0.2068249489746416	0.10339721077213614	0.2758146943454113	0.172543179912801
0.241473803473269	0.20679295421481578	0.1034004576155796	0.27583449670311483	0.17249828799322053
0.24143712019860783	0.2068432008149564	0.10335276699480345	0.27584030057374453	0.17252661141788755
0.24131630659805353	0.20687265072449165	0.10342394554204482	0.27588645290110314	0.17250064423430658
0.2412786159350324	0.20691048684531116	0.10343710180238122	0.2759123087737966	0.1724614866434784
0.2412298081540219	0.20683932532818836	0.10348711055725626	0.2758755980663975	0.17256815789413577
0.24124426798229867	0.20688210257842304	0.10347316846569626	0.27590573610450203	0.17249472486907974
0.2413141128189609	0.206822561800418	0.10348978609030089	0.2759055251215371	0.17246801416878282
0.24141083197201338	0.20675866062716117	0.10335661391640254	0.2757942546614046	0.17267963882301807
0.24140267137457255	0.2068208671213273	0.10342152292673845	0.27582455630543373	0.17253038227192768
0.24146615374469674	0.20686951154892053	0.10332186109457296	0.27588411154011655	0.17245836207169296
0.24129538427776	0.2068098531213576	0.10341202191312693	0.27586981469043076	0.17261292599732447
0.24129396506777173	0.2069093307725077	0.10348174769864	0.2758939429183937	0.17242101354268663
0.24129368869843082	0.20680662532022814	0.10348273258622499	0.27583007914384633	0.17258687425126948
0.24131197744640204	0.20679223511982678	0.1034229527009928	0.2758924860895944	0.1725803486431837
0.241428175336264	0.20677167881447486	0.10334761797277373	0.2758841040565398	0.17256842381994736
0.24131196381322864	0.20679401281106974	0.10339885685206765	0.2759062254601096	0.17258894106352407
0.2413758756797146	0.2068010390480985	0.10347353695277305	0.27588802852245664	0.172461519796957
0.2413417991148882	0.20680455833125336	0.10349197883729086	0.2759095376783086	0.17245212603825874
0.24132992937921263	0.20683767436045086	0.10345979894582955	0.2758429702162971	0.17252962709820963
0.24131921814692825	0.20682520905009336	0.10331483574909779	0.27595365707900205	0.1725870799748783
0.24131132820837575	0.20679317333067154	0.10333302096696752	0.2758736623045284	0.17268881518945653
0.2413906078722703	0.20679349255120724	0.10339192891442442	0.27579362360899473	0.1726303470531031
0.2412224614210911	0.2068494458870901	0.10346423640432202	0.2758145396690591	0.1726493166184375
0.2412910027043138	0.20679812565780123	0.10346257051062896	0.2759243988168617	0.17252390231039408
0.24127605859919193	0.20676078777458784	0.10342498826941386	0.2758581261588643	0.1726800391979418
0.24139606764266897	0.2068190964948495	0.10335674678994056	0.2758537230838247	0.172574365988716
0.2413849852141	0.20682658345975022	0.10337784557152892	0.2758501187356872	0.17256046701893343
0.2412231834827222	0.20678984514592247	0.10349180450312576	0.27591473825568963	0.17258042861253972
0.2413034476098443	0.20686455923188457	0.10341013558564655	0.2759068905276964	0.17251496704492797
0.24142740915320007	0.20688943443432653	0.10334896339991025	0.27591685966009916	0.17241733335246373
0.24136665433984514	0.2068680449056333	0.10337465156326767	0.27581701629891464	0.17257363289233904
0.24129760440030706	0.20692502370485466	0.10335688744843437	0.27592737392292643	0.17249311052347724
0.24137683635911694	0.20691462574384398	0.10333391752298927	0.2759425802269333	0.17243204014711624
0.24131395740463019	0.20678249061435	0.10335938224181093	0.27591141680759534	0.1726327529316133
0.24137075961460214	0.20679193413709107	0.10332242486881643	0.27592024900610246	0.17259463237338765
0.2413170278734183	0.2067631195644094	0.10338722694677915	0.2758659102735036	0.1726667153418893
0.24139038295721388	0.20692130164908284	0.10336434296776037	0.27580765377276234	0.17251631865318037
0.24134177842343169	0.2068970375922418	0.10330940321536557	0.27590536818521433	0.17254641258374642
0.24140624162890156	0.20687622591806507	0.10345754989160255	0.27583381597723794	0.17242616658419263
0.24139885133205344	0.20676785255465654	0.10335458721181118	0.2758649533287927	0.17261375557268593
0.2414452482842948	0.2068866305128484	0.10335094305131004	0.27585831325382193	0.17245886489772455
0.241295948809588	0.2068137526263752	0.1033683540813785	0.2758376931549946	0.1726842513276635
0.24130473335419358	0.20684499710462417	0.10343875618610258	0.27585981281151645	0.17255170054356297
0.2413656194883707	0.2067727787704369	0.10334468965362464	0.2758758759607659	0.1726410361268016
0.24135061649866177	0.20685990726209136	0.10345062917494788	0.2757967484226893	0.17254209864160946
0.24123249717492454	0.20692633972790855	0.10336081186753802	0.27588474566738075	0.1725956055622479
0.24141880834189022	0.20689378194249264	0.10342143295257739	0.27586056107961293	0.17240541568342657
0.2413056666639806	0.20681429110345173	0.10342261466985425	0.2759103660235905	0.1725470615391227
0.24129677993159124	0.2068697050729226	0.10348590025900835	0.27584797348413226	0.17249964125234535
0.24122871261062165	0.2069357178597917	0.10334535236757937	0.2759068474005267	0.17258336976148037
0.24132172091884868	0.20675691815340896	0.10335158146584786	0.2759463962830848	0.17262338317880946
0.24138216075986263	0.20683225277884462	0.10335099918776683	0.2758720216592506	0.17256256561427505
0.24135005080856947	0.2068778516558268	0.10335183594898589	0.27587088106662294	0.1725493805199946
0.24142622803361174	0.2068042418362337	0.10349569760355072	0.2758185149147368	0.17245531761186678
0.2413413810917041	0.20694377737885059	0.1033811655403874	0.27580965860395246	0.1725240173851052
0.24122222361417145	0.20682180882516507	0.10335174625966523	0.27590805836753535	0.17269616293346268
0.24136639558583578	0.20686531627710075	0.10335859292715689	0.2758333763129715	0.17257631889693484
0.24131259942966865	0.20688586953493376	0.10331635375889246	0.27583089173238123	0.17265428554412365
0.2412839927871795	0.20680700171147615	0.10339623729691651	0.27591103113819637	0.1726017370662312
0.24137609871794488	0.2068850629159088	0.10343166919846018	0.2758106934466641	0.17249647572102178
0.2413005520650964	0.20681236136534345	0.10332943811343648	0.27587570050967797	0.17268194794644542
0.2412248092195615	0.20694021352285405	0.10334882494834526	0.27594782940377616	0.17253832290546278
0.24124792572430026	0.20680596654073655	0.10341582717543071	0.27588986833002055	0.17264041222951168
0.2413016106044446	0.20685335897129947	0.10339177834607427	0.2758631520342329	0.17259010004394854
0.2414470943384131	0.20684125439306855	0.1033707888803986	0.27580507493506856	0.17253578745305095
0.24143967268971211	0.20677451988965218	0.10347922991872058	0.27586979861084077	0.17243677889107412
0.24135182815407716	0.20689297862004064	0.10333416417409155	0.2758366895352972	0.17258433951649316
0.24126119995491885	0.2069364764461577	0.10333152756948877	0.27579466174822753	0.1726761342812069
0.24125067003079123	0.20677647459036172	0.10349231995463568	0.2759570349682563	0.1725235004559548
0.24140888821099712	0.206842326808049	0.10347735852383204	0.27581332799750913	0.17245809845961244
0.2412883940766049	0.20678907410548047	0.1034749663731389	0.2759123078373124	0.17253525760746302
0.24129325941274718	0.2068915905710949	0.10343017147499324	0.27588939064519136	0.17249558789597305
0.24133429084052818	0.20691748855007214	0.10334702799441847	0.2759200378726283	0.17248115474235262
0.24124863435009303	0.2068509517864414	0.10347820109814282	0.27593635351244455	0.172485859252878
0.2413446954327546	0.2069396553318458	0.10348387891279985	0.27580471000586304	0.17242706031673646
0.24131808303121027	0.2068324376459274	0.10344360080019838	0.2758004320670012	0.1726054464556625
0.24122478302697692	0.20694392515077048	0.10343090928334774	0.2758632380290633	0.1725371445098413
0.2412233881308076	0.2069092691609538	0.10341411580868504	0.27589698047243943	0.17255624642711384
0.24127734943941484	0.20679667715596362	0.10333788102654061	0.2759268419817499	0.17266125039633082
0.24131594911631138	0.20688905022273346	0.10341604922289398	0.2758311388544665	0.17254781258359442
0.24132320056670906	0.20681363297274288	0.1033724530001679	0.2757965080019269	0.17269420545845304
0.24143825403314684	0.20691166572793443	0.10331529330596222	0.27585752714586154	0.17247725978709474
0.24146632804458468	0.2068485793924014	0.10343339732064924	0.27583338937620283	0.17241830586616158
0.24140631411471267	0.206801395907817	0.10337536512548795	0.2758271303770682	0.17258979447491396
0.2413111950263686	0.2068451247375486	0.10346276145805586	0.2759060050552097	0.17247491372281704
0.2412896124790996	0.20684544134772945	0.10347591341191184	0.2759587419333314	0.17243029082792746
0.24138474329406256	0.20678322784513556	0.10341181878289592	0.2759129310948587	0.17250727898304702
0.24138066179826206	0.20683566181530924	0.10345788869960873	0.27582577937596364	0.17250000831085605
0.2413798525045519	0.20675649961413928	0.10339730621529941	0.2758683731338582	0.17259796853215095
0.24137005512894788	0.20675855417889163	0.10347532434594543	0.2758257919882784	0.17257027435793637
0.2414006955164065	0.20684574201171368	0.10341979252546568	0.2759104376002673	0.17242333234614657
0.2412275834600256	0.20686893163958495	0.10339021737177105	0.27591069525212275	0.1726025722764954
0.24140291496196892	0.20680565941969653	0.10340896826703781	0.2758023382445086	0.17258011910678783
0.2413107403053081	0.2068667912517943	0.10338255906921359	0.2758219731365269	0.17261793623715693
0.24143921035665966	0.20694258504471003	0.1033057722569559	0.2758785937674639	0.1724338385742103
0.241471571539319	0.2068402255287831	0.10332206043937661	0.2758692891259463	0.1724968533665747
0.2412336880927614	0.20679828599565866	0.10345134389507783	0.27591843328549565	0.17259824873100618
0.2412461025298615	0.20686485757160766	0.10339841803428348	0.2758694784842924	0.1726211433799547
0.24135553235675294	0.20675620507164438	0.10338908867523058	0.2759402977535158	0.17255887614285606
0.24127977240078535	0.20684824895518633	0.10335950352524736	0.27592193736542514	0.1725905377533556
0.24142485975277206	0.2068323791994164	0.1033506290359817	0.2759625474898493	0.17242958452198032
0.24134285984558024	0.20681196762598533	0.10337468704794628	0.2759095503407552	0.1725609351397327
0.24138388885484108	0.2067780621179738	0.1033302051885117	0.27592151047633473	0.17258633336233845
0.24124008164610142	0.20688092832750873	0.10340820679457792	0.2759422873701775	0.17252849586163416
0.24139521911922718	0.20676378442975174	0.10341243070249141	0.27590484127486004	0.17252372447366937
0.24137888493414902	0.20687870099815278	0.10333102361831416	0.27594989829953204	0.17246149214985174
0.2413386569620652	0.2068501257182851	0.10340501326723289	0.2758904437734697	0.17251576027894688
0.24128371987254618	0.20692475364293483	0.1033329986460587	0.275862650143404	0.17259587769505602
0.24144373417142573	0.20686233310462723	0.10330879857245294	0.27592415721033814	0.1724609769411557
0.24142496286911833	0.2068237489645329	0.10347559708069501	0.2758557529428959	0.17241993814275766
0.24128705286007782	0.20691710166578492	0.10332345260350032	0.2758479618547348	0.1726244310159019
0.24132226827552142	0.20682009938260223	0.10332138062593055	0.27587768433083537	0.17265856738511023
0.24132915585134643	0.20685446147947237	0.10331803963610349	0.2759634670158706	0.17253487601720688
0.24131803224536624	0.20676312774918143	0.10335275577280059	0.27593117875099604	0.17263490548165542
0.24128114876296863	0.20676975257393168	0.10345261040586878	0.27581493823975556	0.17268155001747507
0.2414559646720001	0.20675793571464743	0.10337718055954978	0.27587464222800256	0.1725342768257999
0.24136234448047542	0.2068227172423914	0.10341219300242706	0.2758723476240108	0.1725303976506951
0.24130328641144178	0.2068014096022247	0.10343511155321931	0.2759412618611258	0.17251893057198817
0.2413860989582806	0.20684799537144508	0.10345716955906019	0.2758359057472566	0.17247283036395733
0.24123144977678196	0.20689478148458001	0.1034815887240407	0.27583021150608533	0.17256196850851177
0.24139735392493047	0.20680900153992443	0.10337322264483115	0.2758091576707889	0.17261126421952486
0.24140922420227495	0.20687066338846116	0.10333983005413294	0.27590443988371793	0.17247584247141273
0.24122498841502465	0.2068472556266748	0.1034073907027615	0.27592109274206694	0.17259927251347185
0.2413070320050442	0.20678271359977707	0.10347680943913037	0.27590839293476743	0.17252505202128066
0.24141390972185656	0.20676522934485414	0.10342950104066054	0.2758988830457555	0.17249247684687302
0.2412978177671443	0.20691890006704053	0.10335194346201924	0.27590471556211177	0.1725266231416839
0.24128135551388724	0.20691390346637167	0.10340655036289008	0.275885553808102	0.1725126368487488
0.24134410651218913	0.20676822846838327	0.10333209870294785	0.2759285067581427	0.17262705955833682
0.24141772546160484	0.20678737882202958	0.1034956956204024	0.2758313346592777	0.17246786543668519
0.24132738172406015	0.2067823316183761	0.1034789524249416	0.2759080307456719	0.17250330348695003
0.24136142010746825	0.2068468028644832	0.10334942011979537	0.275806848682706	0.1726355082255469
0.24134136219204022	0.20676920417530212	0.1034312657147852	0.2759634963167554	0.17249467160111684
0.241445539265693	0.2067709305340814	0.10334599370034708	0.27594086701929693	0.17249666948058132
0.2413862929493243	0.20687709754980707	0.10344980594447305	0.2758188321408038	0.17246797141559148
0.241411805052544	0.20684106263680258	0.10332264677681398	0.27580471927648537	0.1726197662573538
0.24133992790067207	0.20680111777244956	0.10337120206386574	0.2758886234156886	0.17259912884732379
0.24129704575001204	0.2068047973069421	0.10339038039504687	0.27593175880363807	0.17257601774436068
0.24125490685078887	0.20694277348953602	0.10341181373052899	0.27588706101010074	0.17250344491904512
0.24137858465109704	0.20682826880235358	0.10336109871526124	0.27586186177146804	0.17257018605981983
0.241380470206879	0.20677757257261184	0.1033735091466139	0.27594948407185227	0.17251896400204275
0.24127422953426889	0.2067578390583869	0.10347598512636927	0.27584370055658214	0.17264824572439255
0.24138027524962313	0.20676443832325705	0.10342740030413557	0.27580279091989196	0.17262509520309205
0.24126267044418848	0.206853588848503	0.10337873254410787	0.27585587129064243	0.172649136872558
0.24142730856305453	0.20679298347958613	0.1033538323352674	0.2758201145904677	0.172605761031624
0.24142478146378263	0.20690681895470392	0.1033816069579473	0.2758296968170114	0.17245709580655447
0.24137669339867646	0.2068197229410065	0.10349748144826196	0.27586194618966353	0.17244415602239133
0.24131913884269782	0.20685437269809892	0.1033359187921326	0.2758358095949648	0.1726547600721056
0.24145511991612528	0.206787715235241	0.10337349688671486	0.27582099755861983	0.1725626704032988
0.24126400901584943	0.20678311943190353	0.10348800348597409	0.27584615958138387	0.17261870848488883
0.2413527279493598	0.2068447238576334	0.10337873688404725	0.2759585476820241	0.1724652636269352
0.24145714025795556	0.20684720742080978	0.10337353643099327	0.2758948104444341	0.17242730544580703
0.24123311302989758	0.20678538785341338	0.10342485319645815	0.27587268379738195	0.17268396212284867
0.24145859675873443	0.20679339665655383	0.10344749680405814	0.2758040115694264	0.17249649821122692
0.24128747572112313	0.20684406932839594	0.10341986824266097	0.2759529867643796	0.17249559994344008
0.24141003848416664	0.20681046540774195	0.10347812605792261	0.275857951618444	0.17244341843172456
0.24136952629281322	0.20693062706718315	0.10342420552288098	0.2758132042760952	0.1724624368410272
0.24137587676289066	0.20679098884214475	0.10345906933384694	0.27586576300812093	0.17250830205299642
0.24129062584519392	0.20677207033742478	0.10347130449954356	0.27588799773452566	0.1725780015833118
0.2413327131106896	0.20681915344085056	0.1033040861956892	0.2759118358561562	0.1726322113966142
0.24142177132782539	0.2067672448802597	0.1033103820364778	0.2759042728617862	0.17259632889365076
0.24139061971548742	0.20681233253972572	0.10342649353197901	0.2759596627561666	0.17241089145664096
0.24127339587369734	0.20691118861834792	0.10330220189216062	0.2758975317945146	0.17261568182127932
0.2414401364815894	0.20681529365350465	0.10335914606228058	0.2759226126597913	0.17246281114283385
0.241393651857968	0.2068236972128691	0.10334319331276971	0.2758006055819786	0.17263885203441431
0.24130778368431796	0.2067970232433935	0.10333861336696554	0.27591275620384154	0.17264382350148122
0.24136160493616754	0.206884486341524	0.10344848479484722	0.2758861422290912	0.1724192816983698
0.2413581470417535	0.20677541990827022	0.10331585459025615	0.27592243627937224	0.1726281421803476
0.24140688898561397	0.20676472858258246	0.1034549377270664	0.2758998487123936	0.17247359599234335
0.2412682079692619	0.2068135134809676	0.10338839773154468	0.27591871448667044	0.17261116633155513
0.24136246365810654	0.20692609771075557	0.10334481656588634	0.2759527666443998	0.17241385542085147
0.2414164659456724	0.2067733264742711	0.10334795580958608	0.2759230735050894	0.17253917826538076
0.24129072666151258	0.20682554737196	0.10345595256455548	0.27594532035243546	0.17248245304953627
0.24147417727406484	0.206826680956404	0.10331558647641348	0.275863332782131	0.17252022251098642
0.24133312188043582	0.20684019036648307	0.10344875596997621	0.2758338506867674	0.17254408109633723
0.24134856832206025	0.206883751153224	0.10336764176434714	0.2758920918148119	0.17250794694555646
0.24138703146728452	0.20678552139253437	0.10338438087775041	0.27586298459961717	0.1725800816628133
0.24132134901734137	0.2069094859377856	0.10337746549641888	0.2759041255578045	0.17248757399064937
0.24129222098152364	0.20683674378902858	0.10333820577208168	0.2759572613816834	0.17257556807568245
0.241240832567645	0.20676092017145214	0.1034955726613281	0.27583779137065034	0.17266488322892418
0.24139236598828995	0.2069184566678007	0.1033692679344935	0.2758668549003609	0.17245305450905474
0.24125762127039818	0.20690505507039483	0.10345708151140781	0.2758983538574481	0.17248188829035083
0.2413610367217477	0.2067974802270593	0.10343150237639046	0.2758435800172538	0.17256640065754852
0.24146371374969844	0.20689556133534015	0.10338746105071689	0.27582776524893937	0.1724254986153049
0.24127618478011326	0.20684599208613105	0.10336952118688514	0.27593998596795277	0.1725683159789175
0.2412461760668992	0.20684983490647155	0.10343957521841432	0.27581237253921537	0.17265204126899933
0.2414156047099518	0.20684225838920176	0.10330320434571603	0.27591467055769736	0.17252426199743282
0.24134646633821194	0.2069100396104659	0.1034285170299621	0.27588486408334695	0.17243011293801286
0.2414084413820926	0.20694409583947834	0.10333828256683618	0.27579600808993854	0.1725131721216541
0.2414184693696208	0.20681699086516134	0.10339425578969921	0.2758057413422473	0.17256454263327115
0.24124198232464128	0.20693927982378313	0.10335983874540201	0.2758345761924377	0.17262432291373567
0.24139246512811752	0.20677691637452958	0.103461438420996	0.27592854382178167	0.17244063625457492
0.2414262602128151	0.20681958110791812	0.10341739332402985	0.2757946018254404	0.1725421635297963
0.24143719727895996	0.2067843550568822	0.10343452744281281	0.2758120509942551	0.17253186922708968
0.2412853572007383	0.20683876068775406	0.10346650824023808	0.2758796617547771	0.17252971211649226
0.24140542350864402	0.20680987077602644	0.10331933754173456	0.27584177868910825	0.17262358948448647
0.2412764940396832	0.20684918105878783	0.10340225966906708	0.2758675049986885	0.17260456023377313
0.24140869034384432	0.2068390740843881	0.10338522218723278	0.2758553605731362	0.1725116528113983
0.24141856462649408	0.20685318348467763	0.1033104104250138	0.27590772699593646	0.17251011446787773
0.24143766014191642	0.20678359915496874	0.10331531523811772	0.27583554409633115	0.1726278813686657
0.24125524867961223	0.2069258697501244	0.10342565803403231	0.27587261731927903	0.17252060621695176
0.24132505406428112	0.20682956098521899	0.10343911645456626	0.2758267186677563	0.1725795498281771
0.24137633553081403	0.20678409082309654	0.10339115221399076	0.27582259211415866	0.17262582931793977
0.24133459186683903	0.2068320268081329	0.10343660695910781	0.2759352736403503	0.1724615007255697
0.2413400530502011	0.20691521803527868	0.10342019742930665	0.27588653834593685	0.1724379931392765
0.24142552179897295	0.20692443734321464	0.10341938204129085	0.2758021660038527	0.17242849281266862
0.24123167424553038	0.20684707226649118	0.10348776913863789	0.2759122636512017	0.17252122069813863
0.24143077805020186	0.20688023026640315	0.1033359911996192	0.27585809585968646	0.17249490462408912
0.2413735028012696	0.20688711093065446	0.1034411360244287	0.2758628513331599	0.1724353989104871
0.24139482598756087	0.206922219816696	0.10336922442828109	0.2758858716424407	0.1724278581250211
0.2413489722294802	0.20688183957629178	0.10339689512781487	0.27589619390808734	0.17247609915832554
0.241379637794144	0.20686532161991883	0.10336030214932279	0.2759487993235114	0.17244593911310271
0.2412902696872206	0.2069006995180629	0.10347995688043594	0.2757944700291852	0.1725346038850951
0.24133088749651926	0.20676397264418517	0.1034505142989777	0.2758455538231993	0.17260907173711834
0.24126313922838688	0.20692140310911408	0.10337997407763501	0.27595315386150276	0.17248232972336103
0.24130126471011315	0.20679461618718123	0.10342034184423661	0.27586714016236175	0.17261663709610703
0.2412908788981225	0.20694333611833057	0.1034656461560576	0.27583081019177674	0.17246932863571232
0.24144408749268764	0.2067755177106863	0.10334751740941545	0.27583279364079694	0.17260008374641345
0.24132014688813253	0.2068690796056336	0.1034311080240897	0.27582167465891516	0.1725579908232287
0.24145009755729482	0.20678210063037344	0.10348644576975113	0.2758279502935848	0.1724534057489955
0.24126032857171575	0.2067624553317069	0.10343270655924859	0.2759417689485386	0.1726027405887899
0.24147470594955273	0.20689395054625218	0.10341481320721048	0.27580533323603273	0.17241119706095162
0.24129241131394558	0.2069413933230508	0.1034958190820342	0.2758213227673177	0.17244905351365147
0.24136955501486035	0.2068442256566112	0.10335772332600666	0.2758071852720573	0.17262131073046427
0.24147469761830564	0.20680036263227525	0.10332767280909343	0.2759642087573202	0.17243305818300525
0.24122886567812615	0.20683778883696613	0.10341915057968298	0.27592021317548693	0.17259398172973756
0.24138364982917127	0.20691503028209457	0.10336238639459948	0.2759145913450844	0.17242434214905006
0.2412895434189737	0.206797629107553	0.10345288725259533	0.2758585273951678	0.17260141282570993
0.2413030075741032	0.2068713374171236	0.10330436862499269	0.27587521462753267	0.1726460717562476
0.2412361570782208	0.20678093450857107	0.10338571944288107	0.2759483683471678	0.172648820623159
0.24140635291040086	0.20684761612899977	0.10333157009698594	0.27582121963873846	0.1725932412248747
0.24137617374651338	0.20692149820026226	0.1034022075201737	0.2758479180587972	0.17245220247425325
0.2413115429023478	0.20689954966159535	0.10343238715239421	0.2758219803248726	0.1725345399587898
0.24137406405185186	0.20681200287437493	0.10336775540327739	0.27587768839645976	0.17256848927403579
0.24134804491302864	0.20679666159488475	0.10345261636778635	0.27582846825773844	0.17257420886656166
0.24129017645148954	0.20680643811956342	0.10334629490811352	0.2759627461300782	0.1725943443907551
0.2412769660461492	0.20686744921755215	0.10345676610561233	0.27589166649091723	0.17250715213976883
0.24142298476144713	0.20685212507316453	0.10331371790306876	0.27593467407858374	0.17247649818373562
