0.5367813099899749	0.46321869001002475
0.5355795415064101	0.4644204584935896
0.5360740584614552	0.4639259415385445
0.5363582673589816	0.46364173264101805
0.536162389371658	0.4638376106283416
0.5369315344312092	0.4630684655687904
0.5376240641340377	0.4623759358659619
0.5383300543267897	0.4616699456732099
0.5377507809105065	0.4622492190894931
0.5361125376677968	0.4638874623322029
0.5365454841787843	0.46345451582121533
0.5368047760447568	0.4631952239552429
0.5373703497168103	0.4626296502831893
0.5381809081006933	0.46181909189930637
0.5376129269787292	0.4623870730212704
0.5378331122184106	0.46216688778158915
0.5366684554354243	0.4633315445645754
0.5385583857386136	0.4614416142613861
0.5370734082691037	0.462926591730896
0.5383225743919845	0.46167742560801517
0.5382891930028709	0.46171080699712874
0.5366434804545341	0.4633565195454656
0.5367134257350331	0.4632865742649666
0.5354767287018896	0.4645232712981101
0.5384613287538808	0.4615386712461189
0.5385493632393378	0.4614506367606619
0.5374416588097243	0.4625583411902754
0.5376878962941993	0.46231210370580034
0.5372096596718172	0.4627903403281825
0.5378934445390576	0.46210655546094204
0.5351995685540079	0.4648004314459918
0.5370575434343	0.46294245656569966
0.5379326856055404	0.46206731439445925
0.5353144534838487	0.464685546516151
0.5377996933898403	0.4622003066101593
0.5380347935796407	0.46196520642035893
0.5371135243505653	0.46288647564943447
0.5351340111010622	0.4648659888989375
0.5364647357369211	0.4635352642630786
0.5374941747610205	0.4625058252389792
0.5383554035340403	0.4616445964659594
0.5366229208981466	0.46337707910185316
0.5359943417329683	0.46400565826703133
0.5376541379090263	0.46234586209097334
0.5361031920325712	0.46389680796742844
0.5376905109945406	0.4623094890054591
0.5363418813572486	0.463658118642751
0.5353468114502237	0.464653188549776
0.5360338548012461	0.46396614519875357
0.5355083126006686	0.46449168739933105
0.5379565283105745	0.4620434716894251
0.5371329556062863	0.4628670443937134
0.5351787575115241	0.46482124248847556
0.5351224818061291	0.46487751819387063
0.5362083522744335	0.46379164772556614
0.5351854532298574	0.4648145467701422
0.5384969299664252	0.46150307003357455
0.535827974627005	0.4641720253729946
0.537284027641512	0.46271597235848777
0.5382960450092491	0.4617039549907505
0.5383465979996441	0.46165340200035554
0.5370997585737561	0.4629002414262435
0.5370424411329278	0.46295755886707196
0.5366637415472398	0.46333625845275983
0.5352049125824497	0.46479508741755
0.5352658774620589	0.46473412253794083
0.537219387062857	0.4627806129371427
0.5369977883383189	0.46300221166168076
0.5370459583090401	0.4629540416909596
0.5361331024918108	0.4638668975081889
0.5369974795570199	0.4630025204429798
0.5374713241050791	0.4625286758949205
0.5352833310678317	0.464716668932168
0.5377620017871356	0.462237998212864
0.5354139548742335	0.4645860451257662
0.5384258381216886	0.461574161878311
0.537854047314432	0.4621459526855677
0.5359074948969504	0.4640925051030493
0.5356656278696825	0.4643343721303171
0.5383959783272493	0.46160402167275033
0.5357520804854834	0.4642479195145163
0.5378472020199045	0.4621527979800951
0.537897489345799	0.4621025106542007
0.5364099240419626	0.463590075958037
0.5357056302650762	0.46429436973492344
0.5355423457321331	0.4644576542678665
0.5361459385576606	0.46385406144233915
0.5371202397610697	0.46287976023892996
0.5355460273405935	0.46445397265940613
0.5353902478664853	0.4646097521335144
0.5369404613858278	0.46305953861417176
0.5375906733607235	0.4624093266392762
0.5368956151677607	0.4631043848322389
0.5376913492260885	0.4623086507739111
0.5367343681708144	0.46326563182918523
0.5384662722686665	0.4615337277313331
0.5375537573083343	0.4624462426916653
0.5358296632127396	0.46417033678726005
0.5368639368452919	0.46313606315470784
0.5375986640758914	0.4624013359241082
0.5385623510099451	0.46143764899005457
0.5383819238099715	0.4616180761900282
0.5351530856881733	0.46484691431182634
0.538329558952369	0.46167044104763066
0.5369850893273505	0.4630149106726492
0.5365248132601725	0.4634751867398271
0.5376147202722011	0.4623852797277985
0.5362240438258518	0.4637759561741479
0.5383504278349589	0.46164957216504077
0.5366758169016307	0.463324183098369
0.5385328132813344	0.46146718671866527
0.5363732551208324	0.46362674487916716
0.5369737077918143	0.46302629220818536
0.5378233988242846	0.462176601175715
0.5362680444279814	0.4637319555720183
0.5365507117756488	0.46344928822435083
0.5351186336387367	0.464881366361263
0.5354903071309619	0.4645096928690378
0.5364015196304678	0.4635984803695319
0.5374222193228493	0.4625777806771504
0.53652749941258	0.4634725005874196
0.5360183391373581	0.4639816608626416
0.5360767070902112	0.4639232929097885
0.5386118863270073	0.46138811367299243
0.5353702795484869	0.4646297204515127
0.535972633618619	0.46402736638138065
0.5385703843918073	0.46142961560819246
0.5368154126254819	0.46318458737451773
0.5375212705736621	0.4624787294263376
0.5360709177123809	0.46392908228761875
0.5385788479067424	0.4614211520932573
0.535297437269058	0.4647025627309417
0.5361787256636511	0.46382127433634857
0.5371442660937082	0.4628557339062915
0.5358307571434394	0.46416924285656025
0.5363767297077824	0.4636232702922173
0.5366875326158795	0.4633124673841201
0.5384024834554788	0.46159751654452086
0.5367026888532673	0.4632973111467324
0.5385256059271735	0.4614743940728262
0.5378517851968838	0.46214821480311585
0.5360097977348116	0.4639902022651881
0.5359751676286396	0.46402483237136005
0.5377116262790145	0.46228837372098525
0.5370474308821188	0.46295256911788085
0.5374980749490487	0.462501925050951
0.5371665106813526	0.46283348931864715
0.5379020826546391	0.46209791734536054
0.5384204820103037	0.461579517989696
0.5382900397898924	0.4617099602101073
0.5371872496620157	0.462812750337984
0.5357304584044539	0.4642695415955458
0.5379799267862708	0.46202007321372884
0.5364360908557829	0.46356390914421675
0.5377122124433344	0.4622877875566652
0.5361714457469573	0.46382855425304237
0.537033278180045	0.4629667218199547
0.5365073630738576	0.463492636926142
0.5381472083445111	0.4618527916554886
0.5374295955333213	0.4625704044666784
0.5371724475389719	0.4628275524610278
0.5374137547804992	0.46258624521950037
0.5372588792669999	0.4627411207329998
0.535441366506617	0.46455863349338267
0.5373639340086652	0.46263606599133444
0.5380535047983468	0.4619464952016529
0.537855071923982	0.4621449280760177
0.5367734418849	0.4632265581150997
0.5357679309684759	0.4642320690315238
0.5365997594360674	0.46340024056393225
0.53765840753912	0.46234159246087975
0.5367388705506255	0.4632611294493741
0.5351526893590882	0.46484731064091145
0.5358016569499638	0.4641983430500358
0.5381328808350763	0.4618671191649234
0.538039510345571	0.4619604896544287
0.5356866957167589	0.4643133042832408
0.5352603375209886	0.46473966247901105
0.53664643662817	0.4633535633718296
0.5359041466818294	0.46409585331817027
0.5363680832744852	0.46363191672551457
0.5376496859158683	0.46235031408413146
0.5383955585066689	0.4616044414933308
0.5385285058898258	0.46147149411017385
0.5380977065706378	0.46190229342936184
0.5373836534452651	0.46261634655473455
0.5362731065983547	0.46372689340164497
0.5356201142774168	0.4643798857225828
0.5355408618624528	0.4644591381375469
0.5366806364744652	0.46331936352553454
0.5370012047338089	0.46299879526619075
0.537676067413269	0.4623239325867306
0.5364238711085089	0.46357612889149086
0.5365553665785274	0.46344463342147224
0.535424521527032	0.4645754784729676
0.53787862608656	0.46212137391343966
0.5381814503106842	0.46181854968931546
0.5356049144016438	0.4643950855983558
0.5385863087104751	0.4614136912895246
0.538498544422002	0.46150145557799777
0.536341959449852	0.4636580405501477
0.5384165906105424	0.46158340938945724
0.5363683738087871	0.4636316261912126
0.5384463225242092	0.46155367747579046
0.5354211144847023	0.4645788855152973
0.5372590041519864	0.46274099584801337
0.5351251700927633	0.46487482990723633
0.5368298715983932	0.46317012840160643
0.5384496598366556	0.46155034016334406
0.5363369210763234	0.46366307892367636
0.5363591321490603	0.46364086785093944
0.5384381972666006	0.46156180273339914
0.5380839938585681	0.4619160061414315
0.5353018334506793	0.4646981665493204
0.5356816332728214	0.46431836672717824
0.5370184326978605	0.4629815673021391
0.5366499628814482	0.4633500371185515
0.5360399454080028	0.4639600545919969
0.5384274105095788	0.4615725894904209
0.5372764840539338	0.4627235159460659
0.5384708887320383	0.4615291112679614
0.5354727876572957	0.464527212342704
0.5384720979808919	0.46152790201910776
0.5353643672669611	0.4646356327330385
0.5357018924048138	0.46429810759518586
0.5385927862028284	0.46140721379717126
0.5365785087031287	0.46342149129687094
0.536593819144758	0.4634061808552417
0.5354010466292677	0.46459895337073204
0.537392873090512	0.4626071269094877
0.536951293424294	0.4630487065757056
0.537403163689638	0.46259683631036164
0.5360950348949979	0.46390496510500173
0.5384089705752465	0.46159102942475316
0.5367711094687033	0.4632288905312963
0.5359134710501015	0.4640865289498982
0.5375705327116652	0.4624294672883345
0.5385130542304097	0.46148694576959
0.5363258882484768	0.46367411175152284
0.5357049114126297	0.46429508858736995
0.5368764876925213	0.46312351230747845
0.5378355057321225	0.4621644942678772
0.5377057664028536	0.46229423359714605
0.5364152348773571	0.4635847651226426
0.5386067664843609	0.4613932335156387
0.5353699962436622	0.46463000375633745
0.5364193298906517	0.463580670109348
0.5363433977334507	0.4636566022665489
0.5365527755161108	0.4634472244838888
0.5367097694234904	0.4632902305765093
0.535755621174155	0.4642443788258447
0.5356740249713497	0.4643259750286499
0.537660900664666	0.4623390993353336
0.53601211683799	0.4639878831620096
0.5371553062200091	0.4628446937799906
0.5377905699887	0.4622094300112997
0.5366107408777111	0.46338925912228857
0.5369867343109807	0.46301326568901907
0.5369579411645501	0.4630420588354496
0.5385693548460168	0.4614306451539829
0.5360358240740004	0.4639641759259993
0.5372197703062958	0.46278022969370386
0.5360818081015404	0.46391819189845934
0.537558748014418	0.46244125198558156
0.5368478490469637	0.4631521509530359
0.5364982141377429	0.4635017858622568
0.5381466835734947	0.46185331642650496
0.537832456172302	0.46216754382769765
0.5380636910361751	0.46193630896382454
0.5376848388758944	0.46231516112410526
0.5364363085825454	0.4635636914174542
0.5359042389359752	0.4640957610640245
0.5360352109292319	0.46396478907076777
0.5364797158926791	0.4635202841073206
0.5380430711839321	0.46195692881606754
0.5364589108496923	0.4635410891503074
0.5380123510059286	0.46198764899407113
0.5373265321977472	0.46267346780225255
0.5385086882284424	0.46149131177155717
0.5355650626724839	0.46443493732751573
0.5352914653279733	0.4647085346720264
0.536592121379635	0.4634078786203647
0.538483360249904	0.46151663975009577
0.5359523859414644	0.4640476140585352
0.5356365549149611	0.46436344508503863
0.537997599593083	0.46200240040691665
0.537444791853331	0.4625552081466686
0.5385378942144275	0.4614621057855721
0.5361977737526071	0.46380222624739254
0.5376666467458516	0.4623333532541481
0.5366944118610766	0.4633055881389231
0.5376420489787974	0.46235795102120225
0.5375909052019404	0.4624090947980593
0.5380700796399446	0.46192992036005504
0.5380562128714483	0.4619437871285513
0.5383983273598595	0.4616016726401402
0.5351137501972496	0.46488624980275006
0.5382728812953184	0.46172711870468136
0.5360178420364001	0.4639821579635996
0.5361316509800952	0.4638683490199045
0.5351588491632588	0.4648411508367408
0.5359097234543044	0.46409027654569524
0.5372850263017221	0.4627149736982775
0.5351233953655692	0.4648766046344304
0.5371116471605654	0.4628883528394343
0.5375232220571693	0.4624767779428303
0.5376403976386815	0.4623596023613181
0.5373887923148705	0.46261120768512914
0.535468585664603	0.46453141433539663
0.5371088377104528	0.4628911622895469
0.5385897952139529	0.4614102047860468
0.5378853243894233	0.46211467561057645
0.5357129701197034	0.46428702988029624
0.5354742394912331	0.46452576050876665
0.5370813802746696	0.46291861972533016
0.5359405478815977	0.46405945211840194
0.5384459000907327	0.461554099909267
0.5369898963705696	0.4630101036294301
0.5372422431499169	0.4627577568500828
0.5376831370996386	0.46231686290036117
0.5361310975544394	0.4638689024455602
0.5374414456233289	0.46255855437667076
0.5369044231018975	0.4630955768981022
0.5379734509314575	0.4620265490685421
0.5363032779472421	0.4636967220527576
0.538050804480121	0.4619491955198787
0.5386000183807449	0.4613999816192548
0.5363157522342707	0.46368424776572886
0.5351691619314572	0.4648308380685425
0.5362212389748966	0.4637787610251031
0.5377911379911169	0.4622088620088827
0.5380200357079177	0.461979964292082
0.5380227487424993	0.4619772512575004
0.5355412100299395	0.4644587899700601
0.5358502013567178	0.4641497986432819
0.5381937910481391	0.46180620895186053
0.5362728849367835	0.4637271150632162
0.5354508470919965	0.4645491529080031
0.5383908190384549	0.4616091809615448
0.5379365965275085	0.46206340347249114
0.5365992193161548	0.4634007806838448
0.5381075297765971	0.46189247022340246
0.5371313454155542	0.4628686545844455
0.5385798307689709	0.4614201692310288
0.5365842397622167	0.463415760237783
0.5376157760220868	0.46238422397791284
0.5362437392336832	0.46375626076631643
0.5363213735267596	0.4636786264732401
0.5379246221992813	0.46207537780071833
0.5381814876148836	0.46181851238511606
0.5358362053401857	0.464163794659814
0.5364179519009186	0.46358204809908105
0.5357017681181191	0.46429823188188063
0.5382006036961265	0.4617993963038732
0.5367031765230297	0.46329682347696993
0.5369700860417219	0.4630299139582777
0.535215263580455	0.46478473641954465
0.5358748085271717	0.464125191472828
0.5367390536678032	0.46326094633219655
0.537759311990742	0.4622406880092577
0.5386031296123333	0.46139687038766647
0.5386013610182775	0.4613986389817222
0.5366369259389067	0.46336307406109295
0.5385791381690487	0.461420861830951
0.5359787923264676	0.464021207673532
0.5374590400271543	0.46254095997284544
0.537867069655166	0.46213293034483377
0.5376710582509372	0.46232894174906247
0.5386320188406132	0.4613679811593865
0.5352006016307908	0.46479939836920897
0.5383000560587876	0.46169994394121205
0.5372333208525882	0.4627666791474115
0.5369619101916717	0.46303808980832795
0.5379732857469153	0.46202671425308434
0.5355555739383906	0.46444442606160913
0.5362485471488057	0.463751452851194
0.5359559973034607	0.464044002696539
0.5357435502322258	0.46425644976777397
0.5354802539061602	0.4645197460938395
0.5355398684359574	0.46446013156404237
0.5362378105950902	0.4637621894049095
0.5376609350311576	0.46233906496884203
0.5383023496768475	0.46169765032315213
0.5384841345256406	0.46151586547435913
0.5368328087820268	0.4631671912179729
0.5362887985994914	0.4637112014005082
0.5365316262142569	0.4634683737857428
0.5365661088867074	0.4634338911132922
0.5375575945893238	0.4624424054106758
0.5359078130283842	0.4640921869716155
0.5371536753758058	0.46284632462419384
0.5371492237600862	0.46285077623991344
0.5385979877698567	0.461402012230143
0.5354078934920573	0.4645921065079423
0.5358143453773525	0.4641856546226471
0.5381011667564981	0.46189883324350156
0.5378145339727586	0.46218546602724103
0.5372559657925338	0.46274403420746596
0.5362631485815741	0.4637368514184255
0.5359282352363367	0.46407176476366296
0.5380941770928239	0.4619058229071757
0.535682801887122	0.4643171981128776
0.5362967595386858	0.46370324046131384
0.5380234708962794	0.4619765291037202
0.5368344424346472	0.46316555756535255
0.5382832584842379	0.4617167415157618
0.536611479107002	0.4633885208929976
0.5376852909334875	0.4623147090665121
0.5360792166433045	0.4639207833566952
0.538292917704102	0.4617070822958977
0.5384234349596506	0.46157656504034905
0.5383201068393151	0.4616798931606846
0.5365846641485849	0.46341533585141476
0.5377371631813314	0.46226283681866825
0.5363927276233295	0.4636072723766702
0.5375857895361318	0.46241421046386794
0.5381854020692082	0.46181459793079155
0.5352126470197189	0.46478735298028073
0.5360890558487386	0.4639109441512611
0.5362689344972325	0.46373106550276716
0.5360369769118806	0.4639630230881191
0.5369928597372116	0.46300714026278816
0.5366294172462532	0.46337058275374643
0.5360789114341233	0.4639210885658763
0.5382369991694806	0.4617630008305191
0.535215246542361	0.4647847534576387
0.5385953569455298	0.4614046430544698
0.5372489220212809	0.46275107797871873
0.5384688084793195	0.4615311915206801
0.5386268568649826	0.4613731431350171
0.538387625426644	0.4616123745733557
0.5372065051462114	0.4627934948537883
0.5382894823460556	0.46171051765394405
0.5385108245977838	0.4614891754022159
0.5376249224407617	0.46237507755923796
0.5379003655826042	0.46209963441739543
0.5379402722480459	0.4620597277519538
0.5353460521684198	0.4646539478315798
0.5378513565204154	0.4621486434795843
0.538405280874417	0.4615947191255827
0.5373804457572473	0.4626195542427523
0.5358442969406605	0.46415570305933923
0.5376963978580448	0.4623036021419548
0.5370048989772386	0.4629951010227611
0.5385996531050258	0.4614003468949739
0.537680051266092	0.46231994873390775
0.5357126980030875	0.4642873019969122
0.5365229574455792	0.46347704255442046
0.5384364871654964	0.46156351283450325
0.5352768926598231	0.4647231073401765
0.5358247178767633	0.46417528212323633
0.5362510530079395	0.4637489469920602
0.5353448561054585	0.4646551438945412
0.5377422213041222	0.4622577786958775
0.5357230241481438	0.4642769758518559
0.5380106180067531	0.4619893819932465
0.5376405612449298	0.46235943875506996
0.5383272630082628	0.4616727369917369
0.5386116546617371	0.46138834533826256
0.536099914311723	0.4639000856882766
0.5373696758538307	0.462630324146169
0.5361864429939439	0.4638135570060557
0.5376839883310829	0.4623160116689168
0.5353800668099027	0.464619933190097
0.5361563430236644	0.4638436569763352
0.5372642767180275	0.46273572328197216
0.5356092680598415	0.46439073194015806
0.5353179909264238	0.4646820090735759
0.5380119526356612	0.4619880473643385
0.5356379485007962	0.4643620514992035
0.536172791713529	0.4638272082864706
0.5385784177238767	0.46142158227612295
0.5354641213300898	0.46453587866990986
0.5381430161917982	0.4618569838082015
0.5369920449885047	0.46300795501149494
0.5353290393007885	0.46467096069921127
0.5365038467098696	0.46349615329013
0.5379309259204021	0.4620690740795976
0.5359770189915846	0.4640229810084151
0.5352282845246562	0.46477171547534346
0.5382038293127592	0.46179617068724044
0.5366418632089924	0.46335813679100724
0.5381328406681896	0.46186715933181005
0.535234461922657	0.4647655380773427
0.5361690030381414	0.4638309969618583
0.5363648485578985	0.46363515144210116
0.5368082545653148	0.4631917454346849
0.5386025088931053	0.4613974911068943
0.5367035453910569	0.46329645460894275
0.5360922311627472	0.4639077688372525
0.5373225475039678	0.4626774524960318
0.5352592059175719	0.46474079408242774
0.5360252718648889	0.46397472813511076
0.5365477646349542	0.46345223536504543
0.5384814629905604	0.46151853700943923
0.5352962196937934	0.4647037803062063
0.5384787707504978	0.4615212292495019
0.5370453658629928	0.4629546341370068
0.5371080923353515	0.46289190766464816
0.5372858857135436	0.4627141142864561
0.5360737865121835	0.46392621348781615
0.5378839648362512	0.4621160351637485
0.5377524311186107	0.4622475688813889
0.5379064447042015	0.4620935552957982
0.5358364950223395	0.46416350497766007
0.538428886924714	0.46157111307528564
0.5362193544180811	0.46378064558191856
0.536507426412184	0.46349257358781576
0.5370271194480196	0.46297288055198
0.5370897140309427	0.4629102859690569
0.5384962593881573	0.4615037406118424
0.5373314878576608	0.4626685121423388
0.5360935811689556	0.4639064188310441
0.5362107622105493	0.46378923778945036
0.5359410118194874	0.46405898818051233
0.5379548453026279	0.4620451546973717
0.5359037852542174	0.46409621474578217
0.5357193477106186	0.4642806522893811
0.5377174517040939	0.46228254829590576
0.5382128856672986	0.46178711433270103
0.5359586273780259	0.4640413726219738
0.5353058512966804	0.46469414870331927
0.537246829261619	0.4627531707383806
0.5355184529464869	0.46448154705351274
0.5361166926419428	0.46388330735805683
0.5359351310178458	0.4640648689821538
0.5382367065454932	0.4617632934545065
0.535675967143147	0.4643240328568526
0.535701452361461	0.46429854763853856
0.5373850278958702	0.4626149721041295
0.5356534243495026	0.46434657565049714
0.5352243245903947	0.464775675409605
0.5351692804429742	0.4648307195570255
0.5376590979807309	0.46234090201926875
0.5371020113724388	0.4628979886275608
0.5371147723096493	0.46288522769035034
0.5351361471219096	0.46486385287809
0.537138982780766	0.4628610172192336
0.5381324303251989	0.46186756967480086
0.5367998369689257	0.4632001630310739
0.5373833390023596	0.46261666099764004
0.5369222020162514	0.4630777979837482
0.5356525631050826	0.4643474368949171
0.5385484895009055	0.46145151049909416
0.536036867837485	0.4639631321625146
0.535873451460908	0.4641265485390916
0.5375808385050546	0.4624191614949451
0.5361008673503155	0.4638991326496842
0.5354231081292936	0.464576891870706
0.5369446717430493	0.46305532825695045
0.5364640308912713	0.4635359691087284
0.5385235078537534	0.46147649214624636
0.5382335809678647	0.46176641903213494
0.5383908700939513	0.46160912990604847
0.5357324875883231	0.4642675124116765
0.5363350938282317	0.4636649061717679
0.5368442160331788	0.4631557839668209
0.5373568092934141	0.46264319070658555
0.5370227200800238	0.46297727991997584
0.5382110842320788	0.4617889157679209
0.5358393237739681	0.4641606762260315
0.5378114990617372	0.4621885009382624
0.53792704381225	0.4620729561877497
0.5368483308839642	0.46315166911603545
0.5372546444775786	0.462745355522421
0.5368652822173012	0.46313471778269844
0.5377154560972263	0.4622845439027734
0.5379365180276569	0.46206348197234276
0.5384644823830014	0.46153551761699824
0.5374871197880399	0.46251288021195985
0.5358142094751961	0.4641857905248036
0.5351971412778448	0.4648028587221549
0.5365964879130223	0.46340351208697744
0.5360886740601092	0.46391132593989054
0.5378644410479865	0.4621355589520132
0.5372217757194402	0.4627782242805594
0.5376793849904281	0.4623206150095715
0.5354370227659943	0.46456297723400536
0.5371955153697926	0.46280448463020707
0.5352724157179809	0.4647275842820188
0.5375678104390735	0.4624321895609261
0.5361506730658511	0.4638493269341486
0.5370819044277929	0.4629180955722068
0.5360174679172971	0.4639825320827025
0.5374906857163224	0.4625093142836772
0.5385380837497067	0.46146191625029304
0.5373080918340822	0.4626919081659175
0.5384974730963156	0.4615025269036841
0.5363666914761371	0.4636333085238626
0.537233428376888	0.4627665716231116
0.5376821485071407	0.4623178514928589
0.5384492390422065	0.46155076095779307
0.5381402896781557	0.461859710321844
0.5372944191832765	0.4627055808167232
0.5384370846642006	0.4615629153357991
0.5359874168550236	0.46401258314497607
0.5356639855595241	0.4643360144404755
0.5379733241153198	0.4620266758846798
0.5380713565383977	0.46192864346160206
0.5373770267570674	0.4626229732429322
0.5368844990743933	0.4631155009256064
0.5360695761056409	0.46393042389435873
0.5355050557073484	0.4644949442926512
0.5379450795707069	0.46205492042929275
0.5383876848818052	0.46161231511819445
0.5372166945496833	0.4627833054503163
0.5381468017057276	0.461853198294272
0.5370007040004174	0.46299929599958217
0.5382643326859186	0.4617356673140811
0.5366234552347586	0.4633765447652411
0.5365423486591334	0.46345765134086625
0.5356266850236657	0.46437331497633394
0.5356050414639912	0.46439495853600843
0.5366810778278477	0.46331892217215204
0.5365550392649792	0.46344496073502045
0.5366057705224437	0.46339422947755593
0.537541922965348	0.4624580770346517
0.5377415127897837	0.46225848721021606
0.5384362693066843	0.4615637306933154
0.5358446104326159	0.4641553895673838
0.537065076100292	0.46293492389970764
0.5385941959311137	0.461405804068886
0.5375672198372743	0.4624327801627253
0.5364128981037505	0.46358710189624913
0.5381402203845937	0.4618597796154059
0.5351100873091142	0.4648899126908854
0.5385602915512253	0.4614397084487743
0.53591979752042	0.46408020247957965
0.5366586141427908	0.4633413858572089
0.5360001304630204	0.46399986953697925
0.5385324589631489	0.4614675410368507
0.5376229406858765	0.4623770593141232
0.537898040049549	0.46210195995045067
0.5364149272762557	0.463585072723744
0.5379380669384759	0.4620619330615237
0.5385909141382293	0.46140908586177026
0.5358093110428912	0.46419068895710847
0.5355507305909563	0.4644492694090434
0.5365412033416623	0.4634587966583374
0.535133083020836	0.4648669169791637
0.535956857305253	0.46404314269474667
0.5367346101709617	0.463265389829038
0.5357945362034707	0.464205463796529
0.5376147707638763	0.4623852292361233
0.5366049504203939	0.4633950495796057
0.537247983398098	0.4627520166019017
0.5370029188082351	0.4629970811917646
0.536353724171936	0.4636462758280636
0.5379149443531168	0.4620850556468829
0.5356141277942977	0.464385872205702
0.5364176461521821	0.46358235384781754
0.5364319654870779	0.4635680345129217
0.5379089412939201	0.4620910587060796
0.5355177457022697	0.46448225429773
0.5385739486479838	0.46142605135201586
0.5364530828381845	0.4635469171618152
0.5365631995287263	0.4634368004712734
0.5377514897588505	0.46224851024114927
0.5355841099772815	0.46441589002271816
0.5380978639071153	0.4619021360928844
0.5378767081958359	0.4621232918041638
0.5374990172204188	0.46250098277958085
0.537521815492588	0.4624781845074116
0.5359860518246804	0.46401394817531927
0.5360859700784852	0.4639140299215144
0.5362505870914237	0.46374941290857596
0.5356947171972242	0.4643052828027755
0.5367793218412009	0.4632206781587988
0.5377267691864195	0.4622732308135802
0.5380479713179154	0.46195202868208435
0.5382116636042481	0.46178833639575156
0.5364450843725209	0.46355491562747875
0.5383346797611289	0.46166532023887075
0.5375851483028501	0.46241485169714963
0.5376791894632154	0.46232081053678437
0.5354698034937959	0.46453019650620375
0.5361716826624118	0.46382831733758784
0.5380088011910213	0.46199119880897827
0.5383543188559626	0.46164568114403703
0.5378293616954376	0.46217063830456206
0.5361308040414963	0.4638691959585034
0.5367633626356875	0.46323663736431225
0.5359411377854307	0.4640588622145689
0.5355518471284942	0.4644481528715055
0.5378280793886343	0.46217192061136536
0.5374824152916663	0.4625175847083334
0.5366561992409993	0.46334380075900045
0.5359784435253353	0.4640215564746644
0.5378130794525814	0.4621869205474183
0.5383448748979796	0.4616551251020201
0.5381991705543543	0.4618008294456453
0.5380425279218848	0.46195747207811494
0.5381121678621265	0.46188783213787316
0.5352929545532581	0.4647070454467415
0.5380395566376575	0.46196044336234215
0.5367965591424052	0.46320344085759446
0.5373632678622544	0.46263673213774525
0.5354760871990346	0.464523912800965
0.5365140541581634	0.4634859458418363
0.5380844516406954	0.46191554835930426
0.5371345575548709	0.4628654424451288
0.5358271119823081	0.4641728880176915
0.5381063377320447	0.4618936622679549
0.5371185320798161	0.4628814679201836
0.5355767867415516	0.46442321325844804
0.5363101904252594	0.46368980957474026
0.5362509617279229	0.46374903827207686
0.5359428735675595	0.4640571264324401
0.5353941820612332	0.46460581793876643
0.5351103334361685	0.4648896665638312
0.5370195220870935	0.4629804779129062
0.5382158057565322	0.4617841942434675
0.5371499272701636	0.4628500727298361
0.537623420942506	0.4623765790574936
0.5377374643723883	0.4622625356276114
0.5372238095901934	0.4627761904098062
0.5366464865053566	0.46335351349464304
0.5384457723353855	0.4615542276646142
0.5353354671549256	0.46466453284507403
0.535307348853671	0.46469265114632863
0.5377276469677043	0.4622723530322954
0.536986709675759	0.46301329032424066
0.5381381424382413	0.4618618575617584
0.5367281117358361	0.4632718882641636
0.5356798704963294	0.4643201295036703
0.5356451146663992	0.4643548853336005
0.537382949657719	0.4626170503422806
0.5370009967118912	0.46299900328810845
0.5374813210432816	0.4625186789567181
0.5380818848868782	0.4619181151131214
0.5368243889323087	0.463175611067691
0.5354269318358941	0.4645730681641056
0.5353025022458296	0.4646974977541701
0.5361086906748399	0.4638913093251597
0.5354340510862131	0.46456594891378655
0.5370846035304455	0.4629153964695541
0.5375781587005433	0.46242184129945635
0.5354549488885713	0.4645450511114284
0.5376581417586143	0.4623418582413854
0.536068725480122	0.46393127451987776
0.5385835134482053	0.4614164865517943
0.5381246157299762	0.46187538427002356
0.5378938343889773	0.46210616561102236
0.5371572700918085	0.4628427299081912
0.5358930012143912	0.4641069987856084
0.5363151726022576	0.46368482739774214
0.5362988373258929	0.46370116267410677
0.5354554612554466	0.46454453874455304
0.5384356701182533	0.4615643298817463
0.536406307730669	0.4635936922693306
0.5355019809623248	0.4644980190376749
0.5385429778007974	0.46145702219920226
0.5386093292657963	0.4613906707342033
0.5379948452420892	0.4620051547579105
0.5376249726479494	0.46237502735205027
0.5353304822737377	0.46466951772626197
0.5353346057575182	0.46466539424248143
0.5377599421152593	0.4622400578847403
0.5381194683901498	0.4618805316098499
0.5369989839992834	0.4630010160007163
0.5375693565005043	0.4624306434994953
0.5372408135908636	0.462759186409136
0.5357683799130717	0.464231620086928
0.535753720026536	0.4642462799734636
0.5374054260771826	0.46259457392281705
0.5371186565373783	0.46288134346262133
0.538078174694275	0.4619218253057246
0.536555732229056	0.4634442677709437
0.5377262670063211	0.4622737329936786
0.5369898578054205	0.46301014219457914
0.5364837286671488	0.4635162713328509
0.5372962194322118	0.4627037805677878
0.5356059469266055	0.46439405307339426
0.5372146998119998	0.46278530018799996
0.5355193211908286	0.4644806788091711
0.5359797511302624	0.4640202488697372
0.5359477382425571	0.4640522617574425
0.5358592553237139	0.4641407446762858
0.5380021863244954	0.46199781367550424
0.5378868953681363	0.4621131046318634
0.5367588222896921	0.46324117771030754
0.537265468257202	0.46273453174279766
0.5354623742846008	0.4645376257153989
0.5358713619936248	0.4641286380063749
0.5371922953877155	0.46280770461228415
0.535148749560144	0.46485125043985565
0.5372324278851519	0.4627675721148478
0.5351333958840183	0.46486660411598135
0.5378425972395531	0.4621574027604466
0.5375029291404317	0.4624970708595679
0.536854880015525	0.4631451199844747
0.5352697991295653	0.46473020087043443
0.5371166853317639	0.46288331466823573
0.5354300045609907	0.464569995439009
0.5373259887046398	0.46267401129535995
0.5383685647414966	0.461631435258503
0.5375290652685928	0.46247093473140694
0.5367948144518793	0.46320518554812046
0.5374296321565953	0.4625703678434044
0.5364874996872531	0.46351250031274654
0.5364977181441898	0.46350228185580983
0.5364697095631424	0.46353029043685723
0.5352763153499418	0.46472368465005787
0.5355971447535616	0.46440285524643804
0.5384917088422144	0.46150829115778524
0.5351724938302261	0.46482750616977353
0.5358784585460455	0.4641215414539541
0.5383263416706526	0.461673658329347
0.5381246156111572	0.46187538438884246
0.5376170703174283	0.46238292968257133
0.5367963634650784	0.46320363653492125
0.5370133165199332	0.4629866834800665
0.5379278519613487	0.4620721480386509
0.5381265203148732	0.4618734796851265
0.5382677824315537	0.461732217568446
0.5374444844859209	0.4625555155140788
0.5367449398358706	0.4632550601641291
0.5378303101584606	0.46216968984153906
0.537916033036348	0.4620839669636516
0.5382163554742627	0.46178364452573695
0.5355936844830276	0.46440631551697203
0.5356978754817977	0.464302124518202
0.5367031561013288	0.4632968438986709
0.5359536833945822	0.4640463166054175
0.5383605598781092	0.4616394401218905
0.5370733379425904	0.4629266620574093
0.5359993595169299	0.46400064048306977
0.5357740106557309	0.46422598934426873
0.5372872500395157	0.46271274996048395
0.5377885547275165	0.46221144527248315
0.5380019088238168	0.4619980911761828
0.5367958388146201	0.46320416118537955
0.5353865615908545	0.4646134384091452
0.5357624037573357	0.46423759624266386
0.5379620174968024	0.4620379825031972
0.5352405595735916	0.46475944042640804
0.5378642572019776	0.46213574279802205
0.5357526570878884	0.4642473429121113
0.5368827857730435	0.4631172142269561
0.538617871527527	0.4613821284724726
0.5368519475014228	0.4631480524985768
0.5356710517169	0.4643289482830997
0.53659071388657	0.4634092861134297
0.5379249774231238	0.4620750225768758
0.5363474054864055	0.4636525945135942
0.5379058635147661	0.46209413648523356
0.536669684947885	0.46333031505211464
0.5377114415722828	0.46228855842771693
0.5372759780103764	0.46272402198962326
0.538000368281747	0.46199963171825265
0.5378196552515313	0.46218034474846836
0.536837438624906	0.46316256137509376
0.5359395814320069	0.46406041856799274
0.5355452719316852	0.46445472806831445
0.5353695380428118	0.4646304619571878
0.535510197305638	0.4644898026943617
0.5358004765798733	0.4641995234201264
0.5356703850938279	0.46432961490617175
0.535587234602178	0.46441276539782156
0.5380401814411434	0.46195981855885626
0.5351546297700641	0.46484537022993555
0.5358615327975439	0.4641384672024558
0.5365808835239664	0.4634191164760333
0.5361995113192582	0.4638004886807414
0.5381656495613858	0.46183435043861387
0.538114839640681	0.4618851603593187
0.536981418988308	0.46301858101169163
0.5385604855839505	0.46143951441604913
0.5360520106981009	0.4639479893018988
0.5381555216020143	0.46184447839798537
0.5378780467878513	0.46212195321214833
0.5360733271005339	0.46392667289946576
0.5361116794711096	0.46388832052889006
0.5379984788015699	0.4620015211984297
0.5374299890813223	0.4625700109186774
0.5370880824526707	0.46291191754732897
0.5364616507177108	0.4635383492822889
0.5372800611353401	0.46271993886465956
0.5368034210228316	0.46319657897716804
0.5370517065299518	0.4629482934700479
0.5371804718296186	0.46281952817038113
0.5364623386113272	0.4635376613886725
0.5385893264920297	0.46141067350796994
0.5375611387773445	0.4624388612226552
0.53564607734294	0.4643539226570597
0.5362411172033017	0.4637588827966979
0.53548192654387	0.4645180734561297
0.5353641791269548	0.46463582087304495
0.5355212345179432	0.46447876548205647
0.5376333748976222	0.46236662510237747
0.5367712042961624	0.4632287957038372
0.5386084033173472	0.4613915966826525
0.5382975228974494	0.46170247710255025
0.537215333045732	0.4627846669542677
0.5384746830035185	0.46152531699648114
0.5375384071009899	0.4624615928990098
0.5374133292711047	0.4625866707288949
0.5367879655156222	0.46321203448437737
0.5354762255473904	0.46452377445260923
0.5364817328656496	0.46351826713435007
0.535584130680406	0.46441586931959367
0.5376495028050142	0.4623504971949854
0.537858070043136	0.46214192995686365
0.5356862744084523	0.4643137255915474
0.5361468596722756	0.4638531403277241
0.5355076905681425	0.4644923094318571
0.5378648100426974	0.4621351899573023
0.5381333150026878	0.46186668499731187
0.5371847741416025	0.46281522585839713
0.5373584976592451	0.4626415023407546
0.5382635094375021	0.46173649056249755
0.5375870178757614	0.46241298212423837
0.5385447022815353	0.46145529771846444
0.5372694235288966	0.46273057647110305
0.5362032735645645	0.4637967264354351
0.537668046776345	0.46233195322365456
0.5369669371944308	0.4630330628055689
0.5373810993733353	0.46261890062666433
0.5374392547126443	0.4625607452873554
0.5355442488530917	0.46445575114690796
0.5354668470026791	0.46453315299732056
0.5363399904658256	0.4636600095341741
0.5382745979229074	0.46172540207709223
0.5373046640009279	0.4626953359990717
0.5352446055609194	0.4647553944390803
0.535189557766094	0.46481044223390566
0.5369683045097607	0.46303169549023887
0.5380175603800462	0.46198243961995344
0.5368553936068389	0.46314460639316074
0.5364251259310828	0.46357487406891684
0.5362698625882356	0.46373013741176405
0.5371551729360539	0.46284482706394575
0.5365011769773705	0.4634988230226291
0.5360895284194085	0.4639104715805912
0.5384286666245868	0.4615713333754129
0.5356544486983227	0.464345551301677
0.5356159840984319	0.4643840159015677
0.5362139784877644	0.4637860215122353
0.5355253111219408	0.46447468887805893
0.5368313588519736	0.4631686411480261
0.5374728646160285	0.46252713538397117
0.5382577084888372	0.4617422915111625
0.5374336969823406	0.46256630301765916
0.5385270292462014	0.4614729707537983
0.5372870797017083	0.46271292029829136
0.5373611371029442	0.46263886289705547
0.5370315705425477	0.4629684294574519
0.536980950451071	0.4630190495489287
0.5369972696123633	0.4630027303876364
0.5356366630028047	0.46436333699719506
0.5382415476095733	0.46175845239042634
0.5362956183520444	0.4637043816479552
0.5370419658163784	0.46295803418362125
0.5383609300406625	0.4616390699593371
0.5385256461703004	0.4614743538296992
0.5363454833559637	0.463654516644036
0.5385212667681158	0.4614787332318838
0.5368484204378763	0.46315157956212344
0.5353112071112099	0.46468879288878967
0.5378858721255507	0.46211412787444894
0.5378776314241518	0.4621223685758479
0.537896416733052	0.4621035832669477
0.5370867446008332	0.46291325539916645
0.5370481821512525	0.46295181784874717
0.5361710054376739	0.46382899456232574
0.5353827100230467	0.464617289976953
0.5381650187939959	0.46183498120600375
0.5356850008195593	0.4643149991804404
0.5351434307885156	0.4648565692114841
0.5360489700972348	0.4639510299027648
0.5355768381183303	0.4644231618816693
0.5378782583329277	0.462121741667072
0.5376346114775743	0.46236538852242537
0.5384068842959964	0.4615931157040033
0.5362057870505353	0.46379421294946427
0.5371598736040675	0.4628401263959322
0.5358731473482947	0.46412685265170495
0.5366497023720943	0.4633502976279053
0.5363881837201266	0.463611816279873
0.5355253760852241	0.4644746239147755
0.5378969731308887	0.462103026869111
0.5384500535240461	0.4615499464759536
0.5380333868578241	0.4619666131421756
0.5367820346687319	0.4632179653312678
0.5352180171021512	0.46478198289784844
0.5358343718360185	0.46416562816398116
0.5376259902578174	0.46237400974218223
0.5364127237354847	0.463587276264515
0.5383416132402604	0.4616583867597393
0.5380842398813679	0.4619157601186318
0.5368041608462889	0.46319583915371076
0.5369688745695937	0.463031125430406
0.5361966201718944	0.4638033798281053
0.5366444392622066	0.46335556073779305
0.5366710076128293	0.4633289923871704
0.5352964967888557	0.4647035032111439
0.5365957740129061	0.46340422598709347
0.5358686838151429	0.46413131618485676
0.5353450648305629	0.46465493516943684
0.5356321990437879	0.4643678009562118
