0.24153081793066244	0.2116036736361748	0.10122045198763129	0.2762717997805307	0.16937325666500055
0.2415230682833674	0.21158201344500766	0.10123515484638518	0.27627419477090837	0.1693855686543312
0.24155140809986617	0.2116039881015554	0.1012316602020493	0.27623979569151613	0.16937314790501273
0.24153434740880048	0.21158437863093738	0.1012029991572921	0.27630524337393936	0.16937303142903043
0.24155812415777184	0.21161918181778397	0.10122008405032162	0.27622029298154543	0.1693823169925769
0.24154626834512496	0.21161579907033107	0.10121782311940523	0.2762780850292	0.1693420244359385
0.241547079579351	0.21158474865621288	0.10128573079480319	0.27620693322115436	0.16937550774847832
0.24154765689532698	0.21159394838099385	0.1012195977620729	0.27627081814680865	0.16936797881479737
0.2415255439866203	0.2116151130141299	0.10120658280984293	0.276258343056543	0.16939441713286357
0.24152744788821498	0.2116018797808513	0.10123236275266605	0.27624851070599254	0.16938979887227487
0.241542294142309	0.2115874521691011	0.10130336409229289	0.2762140203128969	0.16935286928339988
0.24153677280614655	0.2116332007078234	0.10119642790994547	0.27625012920062175	0.16938346937546256
0.24152620297510616	0.21162438627645505	0.10126067561626406	0.2762446968165214	0.1693440383156531
0.24154020939559723	0.2116118194902179	0.10119809316859356	0.27629915659633464	0.16935072134925644
0.24155050966026026	0.21163593599970415	0.10119794059116605	0.27623953680339486	0.1693760769454744
0.2415367901424738	0.21163078371077168	0.10121096940696472	0.27627183077384704	0.16934962596594247
0.24154884701817242	0.2115957948709064	0.10128327784696793	0.2762084198887953	0.16936366037515768
0.2415238087151921	0.2116377149345389	0.10123891025497184	0.27624773574582784	0.1693518303494691
0.2415442303198384	0.2115993503040835	0.10122126157419489	0.2762657416330707	0.1693694161688123
0.24152268678800448	0.21161397401606571	0.10126919860796645	0.27622493873086196	0.1693692018571012
0.24152254846436472	0.2115928253435527	0.10120929410912402	0.2763195047304414	0.1693558273525169
0.24155346904487882	0.21159593952289954	0.10128241063122528	0.2761961060225581	0.16937207477843802
0.24153785984548057	0.21158626382686485	0.10119798348671698	0.2763217168846376	0.16935617595629976
0.2415244752446597	0.21160858917821593	0.10120984643214996	0.27628066996351885	0.16937641918145532
0.241533239429907	0.21158800918446294	0.10130436262917708	0.2762199908511964	0.16935439790525633
0.2415544043851509	0.2116390722214658	0.10123554602599603	0.2762015012876806	0.16936947607970637
0.24152513386811786	0.21159846590410025	0.10124904261458606	0.27623238036230663	0.16939497725088892
0.2415528226145743	0.21161520511760815	0.10119628767820496	0.2762594667167589	0.16937621787285345
0.24154188087252426	0.21160139368033104	0.10119557033214063	0.2763129166482206	0.1693482384667832
0.2415421212180614	0.2116175237285548	0.10124123038228158	0.27625099835811473	0.16934812631298718
0.24153467137640666	0.21163157544778616	0.10124698901223887	0.2762146256797991	0.16937213848376897
0.24154418660236812	0.21161144289928122	0.10123265953062756	0.27626837998450215	0.16934333098322069
0.24152458343778155	0.21161791082737383	0.10122152919507672	0.2762700874040712	0.16936588913569645
0.24153534163561702	0.21162253651695903	0.10119807353713815	0.2762515582337251	0.16939249007656043
0.24155415792702617	0.21158893575383697	0.10124365228555733	0.27623095129819886	0.1693823027353804
0.24153451304191262	0.21161034462346406	0.10120090290147749	0.2762819804828519	0.16937225895029367
0.24154236510580263	0.21163010856228706	0.10123531234958562	0.2762143859364665	0.1693778280458579
0.2415544520678188	0.21160230204046887	0.10121803294683185	0.27623573636420506	0.16938947658067513
0.2415440054586221	0.2115995241305945	0.10130067397601966	0.27620276464608995	0.16935303178867353
0.24153062384018126	0.21163217026844736	0.10120356386584697	0.27624480883489444	0.1693888331906297
0.24152323249648305	0.21160265814648457	0.101245152403393	0.27627366913559037	0.16935528781804876
0.24153780571605968	0.21158731702230998	0.10129199262449723	0.2762180024721254	0.16936488216500745
0.2415447515125722	0.21163017514796764	0.10120816870238068	0.2762716207054193	0.16934528393165996
0.24152410289279516	0.21162537293604086	0.10123564843216291	0.27625966738626007	0.16935520835274076
0.2415248573664872	0.21160035822526604	0.10121412083454999	0.2763165216156251	0.1693441419580714
0.24152333995474556	0.2116098211128376	0.10129556159243226	0.27619656065992376	0.16937471668006054
0.2415383739308617	0.21162715070068303	0.10119962131011953	0.27625030858965915	0.16938454546867632
0.24152317755504776	0.21158725351406849	0.10129619368388376	0.2762368528652042	0.16935652238179552
0.24153500972347808	0.21160474072797433	0.10122899864955821	0.27625707901983004	0.1693741718791591
0.24155157172189745	0.2116242472194377	0.10121275411343887	0.27625595129654273	0.16935547564868297
0.24154454540223358	0.21159237643823825	0.10125536445881093	0.27623765445839477	0.1693700592423222
0.24154942470994903	0.21159054585592502	0.10127414536930265	0.2762164661418544	0.16936941792296864
0.2415240344995434	0.21158283158324426	0.10124674851850361	0.2762814220196429	0.16936496337906556
0.2415539109921624	0.2116137338652689	0.10120432858697015	0.2762552321704791	0.16937279438511924
0.24153453815773235	0.21161025347435514	0.10126787131715156	0.27619637145779785	0.16939096559296288
0.24153842377184118	0.21161922947458708	0.10123031979893811	0.2762598684359797	0.16935215851865365
0.2415582843267633	0.21160740558896363	0.10123552935280374	0.2762315069548752	0.16936727377659394
0.24153268729743543	0.2115920592866266	0.1012210851621132	0.2762797911495353	0.1693743771042892
0.24154046651145156	0.21162314201211338	0.10123575641890345	0.2762472389981176	0.1693533960594138
0.24153649730551824	0.21161778242095003	0.1012493513209517	0.27623551683443054	0.1693608521181492
0.2415431925105792	0.2116201936489638	0.10128557096761234	0.27619706095086793	0.16935398192197645
0.24154715450168124	0.21158885028584923	0.10124972207525323	0.27622414220292024	0.16939013093429584
0.2415388559552507	0.21159133252328105	0.10119921287159224	0.27630624550882044	0.1693643531410553
0.24155386376702584	0.2115927555080742	0.10120413800667753	0.2762637305274277	0.1693855121907945
0.24155866818314609	0.2116045326763412	0.10123445572272055	0.27620723358438315	0.16939510983340875
0.2415387340387441	0.21158743379527795	0.10123390594378578	0.27624853971259433	0.16939138650959762
0.24154750963076727	0.2115973144059106	0.10121584283364579	0.2762528833171762	0.1693864498124999
0.24152956851995921	0.21160319409624237	0.10129665330695102	0.2761974192961645	0.16937316478068268
0.2415347273315846	0.21161303211896912	0.101287106061271	0.2761958274578033	0.1693693070303717
0.24153118082410258	0.2116048771100312	0.1012211604347689	0.27625510112136653	0.16938768050973058
0.24155795244584571	0.2115890833640231	0.1012056335576519	0.2762956893091994	0.16935164132327965
0.24153077394806777	0.21163119028967373	0.10129220447887946	0.2761930402439068	0.169352791039472
0.24152738344577254	0.21162580123932614	0.1012646529929776	0.27620642578091853	0.1693757365410049
0.24154819598843688	0.21163544649882055	0.10123726496038254	0.2762174685065669	0.1693616240457928
0.24152360352351027	0.21158576612475533	0.10120622417823666	0.27630338936471793	0.1693810168087796
0.24155289258669482	0.2116021416821403	0.1012291552417694	0.2762633993622931	0.16935241112710211
0.2415250676101458	0.2116104024753051	0.10122990437128532	0.27626656243839676	0.1693680631048668
0.24154357506394336	0.21159370430044688	0.10119998343076031	0.27630962000205994	0.16935311720278923
0.24155408729594915	0.2116219159165685	0.10121879247515986	0.2762488224658852	0.16935638184643698
0.2415464514258903	0.21158449219538603	0.10125641828528084	0.2762427060631094	0.16936993203033315
0.2415528091159288	0.21163482237855508	0.10120378376511795	0.27623483490445344	0.16937374983594447
0.24153466883582347	0.2115908076075355	0.10123262692490453	0.27626057249306846	0.16938132413866777
0.2415352633400153	0.2116224165049309	0.10128052252084202	0.27619840381892286	0.16936339381528864
0.24155634155449984	0.21162227457877306	0.10119987542946066	0.2762260026271293	0.16939550581013688
0.2415222656487807	0.2115871616635021	0.10129534999381139	0.27620593957956674	0.16938928311433876
0.24155373074524056	0.2116150122573459	0.10125152889876235	0.2761930816035649	0.169386646495086
0.24154228367688282	0.2115924197199841	0.10124519866284218	0.276236880515052	0.16938321742523857
0.24153928161848073	0.21158361120234112	0.10129634368965491	0.2762336280221978	0.16934713546732516
0.24154880082281577	0.2115825736435108	0.10132576884746566	0.27619864045436876	0.1693442162318388
0.24153510355723673	0.21161626720263788	0.1012781862184269	0.2762036288386576	0.16936681418304064
0.24155352589129828	0.2116358264677352	0.10120695329178922	0.2762548242148898	0.1693488701342873
0.24154063734975673	0.2115981800295758	0.101235924522475	0.27627244623983227	0.16935281185835996
0.24153761771307758	0.21160490729574624	0.10119955222399726	0.2762793408059963	0.16937858196118236
0.24152756675256423	0.21164094510346668	0.10120338444274704	0.2762690532172993	0.16935905048392252
0.24154118015784812	0.2116294092867852	0.10126550913280254	0.2761935671781323	0.16937033424443157
0.24153726578447865	0.21162152316225918	0.10120837976458989	0.27623921979994454	0.1693936114887275
0.24152481194944184	0.21161823852508801	0.10123450383869936	0.2762389475925304	0.16938349809424014
0.24152946368431516	0.2116083603846989	0.10123067564867257	0.2762441187382563	0.16938738154405686
0.2415290189042773	0.21162297720407228	0.10123520220595844	0.27626242297761006	0.16935037870808164
0.24155630688181878	0.21158759682338307	0.10120380456345976	0.2763025951780774	0.16934969655326076
0.24154862553251438	0.21160245928639035	0.10120427077146954	0.2762513521813347	0.16939329222829083
0.24154256850046768	0.21159232439174766	0.10122384616315797	0.27629172831103777	0.1693495326335887
0.2415357246439107	0.21161839047057066	0.10128994350387625	0.2762133335468763	0.1693426078347658
0.2415434473481011	0.21162796368122688	0.10124808062451499	0.2762084208175363	0.16937208752862046
0.24154024514646721	0.2116212045481492	0.10125830864609543	0.2762373746104495	0.1693428670488384
0.24154683133312246	0.21158643628635312	0.10131106323285799	0.27620018500894494	0.1693554841387212
0.2415269633938183	0.21159541007658375	0.10128999749210055	0.2762142786463315	0.16937335039116563
0.2415240744925281	0.21160184312438907	0.10125386069518631	0.27627322750008143	0.16934699418781485
0.24153359038200906	0.21162225624646913	0.10125933712259651	0.276207807650867	0.16937700859805807
0.2415472660828041	0.2116128467754015	0.10128162826122956	0.27620061142720637	0.1693576474533582
0.24152285383555813	0.21159971518924925	0.10123812849530217	0.27625048894779064	0.16938881353209959
0.24153480164949662	0.2116283697720588	0.10120059341296729	0.2762446311284773	0.16939160403699977
0.24153506330449967	0.2116201752091278	0.10126076844751192	0.27621943180077285	0.1693645612380875
0.24153466651870523	0.21159075824315565	0.10122016787459358	0.276278620277028	0.1693757870865173
0.2415291515697408	0.2116278094048975	0.10120818340147834	0.27625479154963845	0.1693800640742447
0.2415398548998855	0.21163620528100408	0.10119512853543967	0.2762759442051685	0.16935286707850197
0.24155510540098368	0.21158946685761804	0.10121673047763009	0.27628788193100234	0.16935081533276558
0.24153982212115088	0.21159131475650178	0.10120924046971698	0.27630045914153817	0.16935916351109195
0.2415578761172225	0.21158335804214368	0.10127084807411942	0.27621198615510023	0.16937593161141395
0.2415485318983136	0.21163439217517957	0.10124860792746053	0.27621836331363914	0.16935010468540693
0.24154721531949397	0.21160051738945265	0.10128590577775945	0.27620953577379237	0.16935682573950137
0.24153290811990563	0.211624786352584	0.10121697292124687	0.2762492495711817	0.1693760830350816
0.24152398760384322	0.21161985789744842	0.10129485511444082	0.276202673605247	0.16935862577902033
0.2415297436482507	0.2115990032716448	0.10127372177574105	0.2762180540803952	0.16937947722396804
0.2415472861169723	0.21158354090113482	0.10120435975544882	0.27627899385993093	0.1693858193665129
0.2415483971342478	0.21162361369503965	0.10123560408855703	0.27623706813258253	0.16935531694957276
0.24154344035537317	0.21163240841614012	0.10124118161529731	0.27620660585006673	0.16937636376312243
0.24153969080145138	0.2116353229116157	0.10121217473520963	0.27622387228643275	0.16938893926529033
0.2415388317213666	0.21160914089348254	0.10129101123286759	0.27621857073404393	0.16934244541823915
0.24154277370064509	0.21158959873165392	0.10128771146016234	0.27620186423306653	0.1693780518744719
0.24154031951266877	0.21161750859247178	0.10124441616874091	0.27620219411266744	0.16939556161345087
0.24154294298385043	0.21158459374844898	0.1012145460635527	0.27630498162798406	0.16935293557616357
0.24153686073655792	0.2116217375176474	0.10124646606331032	0.2762452403598824	0.16934969532260172
0.2415413513275352	0.21160646255685361	0.1012926430283901	0.27621728539133356	0.16934225769588726
0.24154220625196032	0.2116129739159003	0.10123062513601119	0.27625188345210244	0.16936231124402545
0.24152886555813802	0.21159380606245812	0.1012431542391637	0.2762796852342527	0.16935448890598714
0.24152822922287814	0.21161120014711468	0.10123802166062565	0.2762357120162936	0.16938683695308768
0.24154718452546964	0.21162030859245368	0.10122506156302026	0.2762624457330439	0.1693449995860122
0.2415409666838333	0.211627954027404	0.10124484229155199	0.2762114705702654	0.16937476642694507
0.2415432222058261	0.21160080116262214	0.1012547794795491	0.27624159076768023	0.16935960638432218
0.24153373512595783	0.21161606384169304	0.10127247455080074	0.27623270501514174	0.16934502146640645
0.24152756477257087	0.211623106245095	0.10129565154756194	0.2762007435926979	0.16935293384207403
0.2415442189529924	0.2115953599155837	0.1012601471952116	0.276208404824969	0.16939186911124307
0.2415370257524571	0.21161608990618958	0.10121619202171109	0.27628495588166724	0.1693457364379748
0.2415235805783607	0.2115978737986323	0.10130286855454583	0.27619542748141024	0.16938024958705072
0.24154310727388323	0.21163972245311372	0.10123634185344935	0.2762155420327326	0.16936528638682088
0.2415541726796844	0.2116315981564503	0.10124914925902664	0.276218475168484	0.16934660473635438
0.24154792676538633	0.21163849408865743	0.10125860941807294	0.27619888008500365	0.16935608964287938
0.2415361569134417	0.21159870915130902	0.10124724583066237	0.27626614409564104	0.1693517440089456
0.24153477614408067	0.21159491040852121	0.10124881035360409	0.2762260744134678	0.16939542868032598
0.2415360201226817	0.21162076693267048	0.10127171595762638	0.27622710036160225	0.16934439662541895
0.24154378720647784	0.21160269791360392	0.10125094918401367	0.2762518347191567	0.1693507309767476
0.24154176512868658	0.21161708587770683	0.10122341066605885	0.27625639249616196	0.16936134583138557
0.24152281281466326	0.21163979814288547	0.10122042236242253	0.27623857568926136	0.16937839099076712
0.24153099927158844	0.21158580839986735	0.10132374111902014	0.2762168116047852	0.16934263960473864
0.24152935695669506	0.2116332419591663	0.10124012479028524	0.27623735310603675	0.16935992318781637
0.24152970367582322	0.21163228522561703	0.10122688520832085	0.2762458470552496	0.169365278834989
0.2415456786417521	0.2116042889111922	0.10123534388310912	0.27623762960257836	0.16937705896136798
0.24155006186422145	0.2115985210326661	0.10124629368078611	0.27622401712753597	0.1693811062947901
0.24154131629933268	0.2116200588093579	0.10124872663834147	0.2762219349557723	0.16936796329719542
0.24153173160495062	0.21158934305161667	0.10124419913297315	0.27626346683609015	0.16937125937436917
0.2415399513241233	0.21159143501401437	0.10121216785291602	0.27628231824626726	0.1693741275626788
0.24155828891833095	0.21163677261147879	0.10120329960238947	0.2762367193080987	0.1693649195597019
0.24152802300530007	0.21162135968109194	0.1012161012753639	0.27628456394344003	0.1693499520948038
0.2415390790371964	0.2116076747808259	0.10127461689410962	0.27622688230118764	0.16935174698668018
0.24155007040572707	0.21160862521613655	0.10120632040278305	0.27627194590532095	0.16936303807003217
0.2415364711271111	0.21158879512546552	0.10129720044765832	0.2762060305012123	0.1693715027985525
0.24154368263956405	0.21160272250531573	0.10124579104073834	0.27621825464584837	0.16938954916853327
0.24152626799549098	0.2115918947103862	0.10120715749700286	0.2763055097876339	0.1693691700094858
0.2415301623103639	0.21159504466605855	0.10120171592675739	0.27630810402730277	0.16936497306951712
0.24152234118030036	0.2116022381056902	0.1012027816487151	0.27629985065787943	0.16937278840741465
0.24153397706761004	0.21159241449934013	0.10123871626719352	0.2762537715530963	0.1693811206127598
0.24155117992308825	0.2116123271831949	0.10126019622802102	0.2762233871675743	0.16935290949812132
0.24152377087370136	0.2116241069028611	0.10122862499374549	0.2762654739778104	0.16935802325188137
0.24155785580384287	0.21160313553162474	0.10124955745094565	0.27620548329032213	0.16938396792326443
0.2415336259080197	0.21158914492304928	0.10122465913457072	0.27625747125020167	0.1693950987841584
0.24154749213769675	0.21162453078904042	0.10124976787468327	0.276218127658682	0.16936008153989732
0.24155104392818935	0.21160946349588927	0.10121661415156086	0.2762801069442622	0.16934277148009805
0.24155820747437168	0.21159472875315247	0.10121762127141795	0.27626874807253576	0.1693606944285219
0.2415448988697652	0.21158743695816445	0.10130007747676721	0.2761982445076355	0.16936934218766736
0.2415324171041281	0.21158790044473483	0.10130138768414954	0.27619551518797636	0.16938277957901093
0.24152377115998572	0.2116014583670024	0.10128052179371269	0.27620690531039754	0.16938734336890138
0.24152762297375968	0.21161753286251606	0.10119743001815865	0.2762734591255344	0.16938395502003098
0.24152233591597877	0.21161483495757039	0.10120017215576543	0.27627264541042684	0.1693900115602583
0.24152239157852276	0.21163457651402842	0.10126662257853523	0.2762103796348867	0.1693660296940266
0.24153042128992544	0.2116020127057835	0.10123331624068699	0.2762584695568218	0.16937578020678204
0.24153974321845956	0.2116346508687596	0.10128283073418087	0.27619888447362717	0.16934389070497255
0.2415275358751699	0.2116238323331194	0.10119970252229128	0.2762540490082741	0.1693948802611451
0.24155678769689154	0.2116178500933937	0.10119691436680202	0.27624715971884944	0.16938128812406306
0.24154920666869234	0.21158650014801683	0.10122509466553715	0.27626830457114526	0.16937089394660815
0.2415561755794885	0.211622237629233	0.10124340883704341	0.27623316392290986	0.16934501403132501
0.24152762389496968	0.2116362903849947	0.1012160005552714	0.2762766077608717	0.16934347740389222
0.24155221621225179	0.21158367136216974	0.10122965269159924	0.276260696544716	0.16937376318926298
0.241522789705232	0.2116218182285082	0.1012827972443207	0.27622109402395334	0.16935150079798553
0.24154644385748028	0.21163963026861257	0.10123267687693631	0.2762143899342895	0.16936685906268112
0.24155892866956996	0.2116077635540694	0.1012345340846539	0.27621478109807335	0.16938399259363313
0.24154983728098411	0.21163535561355573	0.10121017128029401	0.27622474625345594	0.16937988957171
0.2415277069911539	0.21163461540707185	0.10120246348183874	0.27625441279993324	0.169380801320002
0.24154774060845208	0.21163559730683923	0.10125876439300377	0.2762070116463201	0.1693508860453845
0.24153138040558494	0.2115899999396311	0.1012032981496848	0.27628925661604953	0.1693860648890494
0.24152847456458695	0.2116184346825485	0.10126755094559946	0.27622411499544086	0.16936142481182392
0.24155528070462579	0.21163071336006628	0.10119601016757108	0.27622941400093065	0.1693885817668059
0.2415220665902425	0.21163934722365058	0.10125861059058623	0.2762103670619729	0.16936960853354752
0.2415570016733268	0.2116141848552413	0.10122323681141186	0.27622984176064685	0.16937573489937294
0.24154595960923128	0.21160308970891953	0.10127281717864531	0.27620544269962094	0.1693726908035827
0.24152835630713765	0.21158626872168879	0.10121732618611151	0.2762977760213938	0.16937027276366798
0.24152448663086779	0.21162860313630466	0.10121345851779948	0.2762436962190519	0.1693897554959759
0.24154924505006098	0.21158587945103835	0.10121533230165332	0.27627629633654915	0.16937324686069796
0.24153767910582086	0.2116160748299637	0.10124506638760407	0.276238253950865	0.16936292572574616
0.2415290537326624	0.21159045029233794	0.10122937836936725	0.2762988619643138	0.16935225564131834
0.2415420743156757	0.2115996681467136	0.10123452023554234	0.27627839045823727	0.16934534684383085
0.24154224836265892	0.21161975564558827	0.10121158264485369	0.2762345407604404	0.16939187258645846
0.24154633800285316	0.21161541221618138	0.1012517778517391	0.2762188579189531	0.169367614010273
0.2415464115595142	0.21159279750745288	0.10125854577692019	0.27620951290747214	0.16939273224864032
0.24153780600785008	0.211637644633181	0.1012161564559859	0.27624496487361244	0.16936342802937032
0.24152377243065132	0.21159650335555213	0.10123538491122212	0.2762742891583825	0.1693700501441917
0.24153377057742048	0.21163185081444946	0.1012228343793864	0.2762417675084201	0.1693697767203233
0.24152413115703564	0.21160262740468608	0.10120105195260663	0.276312406641739	0.1693597828439324
0.24154598782986847	0.21158581731597817	0.1012724500513728	0.2762394881056376	0.16935625669714266
0.24154097238494268	0.21158367932863925	0.10128535765213237	0.27622765448911885	0.16936233614516663
0.24155151053715107	0.21162671387567614	0.10124520469426057	0.27620555051705287	0.16937102037585913
0.24154842490408365	0.21159329573730457	0.10124947531764471	0.27622162120009974	0.16938718284086704
0.24153337807872638	0.2115914989513141	0.10130442338299026	0.27619483030277364	0.16937586928419537
0.24153287048297878	0.21162242380428203	0.10124253730864766	0.276211450671676	0.16939071773241524
0.2415391630649788	0.21160894024246651	0.10121246572417078	0.27624884321355603	0.16939058775482765
0.24152755720542785	0.21158369561316126	0.10125102706556192	0.27628986746902423	0.1693478526468245
0.24154569374871862	0.2116379337382916	0.10124264703331103	0.2762280298710255	0.16934569560865298
0.24153757139362764	0.21161269172077557	0.10126748840767474	0.2762159785559837	0.16936626992193818
0.2415427240588316	0.21160136860726736	0.101259882828254	0.27623025106679694	0.16936577343884984
0.24154808848307036	0.21162688165229157	0.10124228891583807	0.27619417326904067	0.1693885676797591
0.2415259276544382	0.21163184785921574	0.10120096858912375	0.27626280981488227	0.16937844608233982
0.24153147964299698	0.2116358672819938	0.10125796122230456	0.27623211879777076	0.16934257305493364
0.24153320457635988	0.21160703503733128	0.10125856904943852	0.27624277978804335	0.1693584115488267
0.24154799750814068	0.21160738128782533	0.10123970314362606	0.27622604384202254	0.16937887421838516
0.2415493618752831	0.21162749556389426	0.10123875284263963	0.27622044652173366	0.1693639431964491
0.24152696705437018	0.211615520418223	0.10125250722233939	0.2762482039550449	0.1693568013500223
0.24155350843553627	0.21158549277157257	0.10127741996051944	0.276237662359132	0.16934591647323952
0.2415289513719746	0.21161051767749683	0.10123837778988608	0.2762588507768635	0.16936330238377872
0.24152631527681973	0.2116132218401578	0.10125516234111287	0.2762541971546709	0.1693511033872384
0.24152320271545974	0.21162792780353656	0.10120403189916075	0.27625588211357827	0.16938895546826443
0.24155475242492738	0.21161730768706155	0.10121342719564054	0.27622124243875723	0.169393270253613
0.24153030659003388	0.2115869925320151	0.10125635123101061	0.27627882954944194	0.1693475200974982
0.24153522504532154	0.21159000735181419	0.10126706027785136	0.2762160454216199	0.16939166190339275
0.24154360319521448	0.21159840743556535	0.10125599327776258	0.2762338441384061	0.16936815195305124
0.24154388500672547	0.21160438478540441	0.10125429117883869	0.2762551103920321	0.1693423286369991
0.24153228553763456	0.21159931695273834	0.10125740573865642	0.276251901693543	0.1693590900774274
0.24154588256067133	0.21162218230836294	0.10119637166188913	0.2762856735768784	0.16934988989219796
0.2415352950071512	0.21159319769422097	0.10129519453191668	0.2762315247742123	0.1693447879924986
0.2415426920274228	0.21158245081966978	0.10129817044934263	0.2762345073300381	0.16934217937352644
0.24152892408051335	0.21160663116193676	0.10120793757142595	0.2762868669620465	0.16936964022407713
0.24153059915740532	0.2116157570740617	0.10129900498174133	0.27620648969390166	0.1693481490928898
0.24152557020403403	0.2116188510191596	0.10126538023714306	0.27623726292486817	0.16935293561479492
0.24153739325963336	0.21161481562455628	0.10127588080584451	0.2762226857711248	0.1693492245388408
0.24155880984804506	0.21159383815765245	0.10126981437860512	0.2761938766690326	0.1693836609466645
0.2415353612019654	0.21163387062488154	0.10123558725295229	0.2762197132401945	0.169375467680006
0.24154733246425764	0.21163551387264073	0.1012462879613585	0.27622275576395167	0.16934810993779126
0.24153196909641642	0.21163417097669932	0.10126338756964585	0.27622049653292674	0.16934997582431144
0.24155869445845868	0.21162028096858734	0.10123416156608374	0.27621062835729937	0.16937623464957058
0.24152691568938256	0.21158239764770498	0.10122943088205302	0.276312526036638	0.16934872974422122
0.24154380933454284	0.2115820511125869	0.10123009333966684	0.2762713356440514	0.16937271056915182
0.24152699181905746	0.21160326254259576	0.10121532275816048	0.2762876435182746	0.16936677936191147
0.24152434770221526	0.21158550418146582	0.10129003713439022	0.27624712068158286	0.16935299030034562
0.24155113013626867	0.21158488970988654	0.10128737978617922	0.2762035348935576	0.16937306547410777
0.24154635551481934	0.21158819102702695	0.10124252547470827	0.2762681983016966	0.16935472968174864
0.24153552839373274	0.21162306053635738	0.10122744345420195	0.276271890494052	0.16934207712165572
0.24152607818289618	0.21161324642011609	0.10126616448175997	0.2762321758276032	0.16936233508762433
0.24153612944617778	0.21162529552017265	0.10120466342629861	0.27626246144552186	0.16937145016182886
0.24153390653969548	0.2115909530739505	0.1012008285934516	0.2763214003458144	0.16935291144708772
0.2415281572592389	0.21161690498856736	0.10127095086005748	0.276220627172262	0.16936335971987404
0.24153332878643669	0.2116014113575226	0.1012397960441632	0.276269303504054	0.1693561603078233
0.2415417297945787	0.21162384608521972	0.10127772476054496	0.27619873506496784	0.16935796429468858
0.2415268648483644	0.2116357024413049	0.10124402812055848	0.2762119630676077	0.16938144152216428
0.24155221833731536	0.21159197026292173	0.10130316424685624	0.27620896125956307	0.16934368589334328
0.24155269157774995	0.2115877206537907	0.1012191550189008	0.27624807660053685	0.16939235614902143
0.24153288377348514	0.21161704044645294	0.10129412286259198	0.27620989888651	0.16934605403095968
0.24154798473318828	0.21161223548267238	0.10121006007993029	0.2762516619039897	0.16937805780021914
0.24154461642298028	0.2116061003287571	0.10127346812809351	0.27619691901544474	0.16937889610472412
0.24154690648127183	0.2116284507399952	0.10125063339213493	0.2762229871133164	0.16935102227328136
0.2415242628597314	0.21161413294758763	0.10120708236317827	0.27628559765833904	0.1693689241711634
0.24154551875996694	0.2115936063740764	0.1012582071636686	0.2762096794099803	0.1693929882923075
0.24154901680986618	0.21158906889557946	0.10124070259766163	0.276268004069069	0.1693532076278235
0.24152265121328986	0.21160766675751808	0.10122193524572988	0.27625789942867085	0.16938984735479107
0.24154209852940578	0.21159291849840872	0.1012563167913375	0.27624839193739914	0.16936027424344863
0.24155501275356195	0.21160938841341542	0.1012016390242387	0.2762629141499896	0.16937104565879404
0.24155398686148755	0.2116037368066966	0.10121420293314323	0.2762549051015311	0.16937316829714125
0.24155751905477402	0.21159375777261352	0.10126245055575228	0.27622727122867186	0.16935900138818805
0.24153667296738968	0.21161255721053404	0.10123293498591124	0.27624978120380755	0.1693680536323572
0.24153729140356242	0.21163025362315804	0.10125207931091315	0.27621602613202406	0.16936434953034205
0.24152355506651818	0.21160695983933286	0.10122236690711467	0.2762608605493886	0.16938625763764542
0.24153195476361555	0.21158612428953724	0.1012379088422396	0.27629955424754227	0.1693444578570651
0.2415495097217446	0.21162892437494904	0.10120952931585907	0.2762474913791862	0.16936454520826086
0.24152968929586366	0.21159836802535523	0.10127015635908894	0.27620629963643034	0.16939548668326157
0.24152611249944136	0.21163015018644352	0.10121739169959346	0.2762791651935012	0.16934718042102018
0.24153328977665744	0.21162456603161978	0.10119658817233004	0.27626431688521663	0.1693812391341759
0.24153382147444133	0.21162590179657087	0.10129838450093455	0.27619817212023584	0.16934372010781715
0.2415258369763838	0.21163140349585363	0.1012806831186838	0.2761953620069235	0.169366714402155
0.2415279714190775	0.2115889587661064	0.10129327238800184	0.2762108898210084	0.16937890760580568
0.24153491836546825	0.21160169866213097	0.10125823779971879	0.27623867494063004	0.1693664702320517
0.24154120276167218	0.21158805794949168	0.10122233957760263	0.27629099705554594	0.16935740265568733
0.24155273120632906	0.2115922772868099	0.10125152618503322	0.2762106052885124	0.1693928600333152
0.24154321205832974	0.2116155981740288	0.10124567787628763	0.2762254159288628	0.1693700959624908
0.24154219416618788	0.21160655332869943	0.10126864226311484	0.276200383087817	0.16938222715418058
0.24154326511346502	0.21160470566393047	0.10126996569085997	0.27623128565275995	0.16935077787898434
0.24153785595155355	0.21161193785554505	0.10127974456369766	0.2762244293811324	0.16934603224807107
0.24154761989962217	0.21161457944123027	0.10123435489883766	0.27624232215282873	0.16936112360748087
0.2415394821644021	0.21162981693542612	0.10120208283611085	0.27623554816158236	0.1693930699024783
0.24155608842461154	0.21163740364368688	0.10123284985943322	0.2762292737854941	0.16934438428677406
0.24153937668650377	0.2115853781514445	0.10125580732600369	0.2762416576634166	0.16937778017263125
0.2415370557884182	0.21161866432546206	0.10121754431595047	0.27627760681535984	0.16934912875480923
0.241531922407306	0.21158430881640852	0.1013052373690522	0.2762095418032666	0.16936898960396646
0.24152749570535226	0.2116354680078552	0.10124789244189816	0.276240789420562	0.1693483544243321
0.2415336322449374	0.21160486800403117	0.10119736885760953	0.27627553910735403	0.1693885917860677
0.24154089477476293	0.211591492947036	0.10119525910093666	0.2762805295227419	0.16939182365452232
0.2415299541244593	0.21160343591915518	0.10120360830888195	0.2762697667333369	0.16939323491416644
0.24153176385860625	0.21158432385187848	0.10122523982343337	0.27627446002358697	0.16938421244249466
0.24154641170624574	0.21160510100655686	0.10127947473517117	0.27619388175024157	0.1693751308017844
0.2415384459390521	0.21163499649955186	0.10121029289849458	0.276236962049155	0.1693793026137462
0.24153833691142867	0.2115870272972336	0.10121913529959818	0.2762667533395815	0.16938874715215774
0.24153999145107224	0.2116212283196948	0.1012453654003329	0.2762409432191897	0.16935247160971015
0.24154487403384667	0.2116200558168172	0.10122799537849991	0.27622010106547057	0.1693869737053654
0.24152877296296088	0.2116126595043658	0.10129104794256887	0.2762036967484469	0.16936382284165727
0.24153972085634662	0.2116238185582969	0.10124310771716535	0.27619979412403145	0.16939355874415943
0.24152360197423964	0.21159724929920457	0.10132471056266489	0.276195229367172	0.16935920879671865
0.24152601156075662	0.2115979649610133	0.10123258992078688	0.27629953773373356	0.1693438958237094
0.24154545109845485	0.21161569086183904	0.10124617166356467	0.2762284460615104	0.16936424031463077
0.24152897873266987	0.21162643571193265	0.10122240203702533	0.27627833634504273	0.16934384717332915
0.24153706344977577	0.21159485704618833	0.10123017066644277	0.27624810680195255	0.16938980203564036
0.2415237039820351	0.21161451873494586	0.10122323698023346	0.27624531553835047	0.16939322476443489
0.24154288536358928	0.21162918837918507	0.10124233728857013	0.27623255399562663	0.16935303497302867
0.2415556030145274	0.21162648539917697	0.10119822026058653	0.2762583327484308	0.1693613585772781
0.24155022512944407	0.21159138707860756	0.10124056497072989	0.27627449255922903	0.1693433302619892
0.2415255519356985	0.21162754783977974	0.10130182009709411	0.27619550846927754	0.16934957165814987
0.2415291796378063	0.21158928290020024	0.10127761891557424	0.2762567564738255	0.16934716207259343
0.24155684059398863	0.21161982372504234	0.10124965445302057	0.2762239295330182	0.16934975169493
0.24154808700673575	0.2115878445699807	0.10123194339389029	0.2762860402494333	0.16934608477995972
0.24153557748352994	0.2116251952582344	0.10128772589067045	0.2762017870164206	0.16934971435114432
0.2415473738400774	0.21158305915567088	0.10125756890235105	0.276236542983872	0.1693754551180284
0.2415465037875179	0.21158619508111828	0.10123495144362435	0.27625558556987706	0.16937676411786218
0.24154009765674886	0.21163517641978374	0.10121602128028888	0.27622532768235286	0.1693833769608254
0.24152688983339088	0.2115936519773545	0.1012371671605091	0.2762952911773223	0.16934699985142293
0.24152715648733636	0.21159054654515086	0.10129182220908803	0.2762096742137821	0.16938080054464233
0.2415373175233541	0.21161254942153446	0.10125508522997317	0.2762165411089621	0.1693785067161759
0.2415461723528381	0.21162298820815612	0.10126448023409693	0.2762034586786145	0.16936290052629413
0.24152257018297452	0.21161343439019925	0.10129321281880715	0.27621481310852514	0.16935596949949372
0.24154371133119262	0.21164076060890652	0.10120207506313053	0.27625156854257726	0.16936188445419284
0.241553470802993	0.21158986575676972	0.10126816289554272	0.2761941722053225	0.16939432833937185
0.24155882104261467	0.2115826445894676	0.10120201003712143	0.2763031647701485	0.16935335956064762
0.24153698838816087	0.21160343234510137	0.10128872674017052	0.27622307577465816	0.16934777675190885
0.24155073851126094	0.21163721735162336	0.10119977409131607	0.27625766256043566	0.1693546074853637
0.24152495265961482	0.21159242347560372	0.10124646998554347	0.2762701204046027	0.16936603347463502
0.2415336405443524	0.21163724997523362	0.10120743020445082	0.27625908629686025	0.16936259297910267
0.24155512795817616	0.2116087556264354	0.10123589714511788	0.27623429621040185	0.16936592305986842
0.2415518905352032	0.21162840144891837	0.10121006809990385	0.2762445775229757	0.16936506239299862
0.2415562592674878	0.21163085016028046	0.1012289364271486	0.27620844986918813	0.16937550427589476
0.241548263541715	0.2116385021216564	0.10123235047215927	0.27623568438671886	0.16934519947775023
0.24154384531527623	0.21160121455551084	0.10119815396515712	0.2762747380610535	0.16938204810300206
0.24155305878096162	0.21162005103384735	0.10119709696738222	0.276237621938183	0.1693921712796256
0.24153317575920155	0.21163196110537	0.10124405261744344	0.2761977678996877	0.16939304261829705
0.2415485438369622	0.21162910471040028	0.10122831359840435	0.2762003744722606	0.16939366338197237
0.24154439660760596	0.21162241260560277	0.10121732271127722	0.2762261170413605	0.16938975103415327
0.24154706874885418	0.21160808295314013	0.10121999050886625	0.27623920365916504	0.1693856541299742
0.24155034816884163	0.2116303521850632	0.10120638280720504	0.2762669516307046	0.1693459652081853
0.24153512136696825	0.21159802465290348	0.10125703077455729	0.27625278926714286	0.16935703393842785
0.24154685043668989	0.21161225492778135	0.10121150403920322	0.276281100455554	0.16934829014077135
0.24153750012989156	0.2116347724148031	0.10127271709145581	0.2761942311237971	0.1693607792400522
0.24153173443278872	0.21158424825044247	0.10125116340895615	0.27627129604258926	0.16936155786522314
0.24153335793239863	0.2116215078002493	0.1012454804634734	0.27624077617961385	0.1693588776242646
0.24155585449736716	0.21162108976978086	0.10123019545798492	0.2762066232425678	0.169386237032299
0.24154896380654103	0.2116207902884397	0.10126451338050324	0.27622273842428424	0.16934299410023151
0.24152264780539934	0.21160524169874867	0.10120671167626236	0.27629314446888903	0.16937225435070039
0.24155586894913528	0.21158365285920983	0.10122239056022805	0.2762793065870377	0.16935878104438892
0.2415325372840709	0.2116026132073379	0.10120448614510373	0.27628585381923965	0.16937450954424757
0.2415410167418016	0.2115997128359715	0.10124606727632085	0.2762667081037927	0.16934649504211308
0.2415278634184316	0.21161234753574285	0.10125547927915587	0.27622439437625634	0.16937991539041305
0.2415444185627577	0.21162483912118202	0.1012337417121348	0.27621024629052443	0.1693867543134008
0.24154889424471182	0.21160316995195175	0.1012402123697263	0.27624665412246113	0.16936106931114875
0.24152248435096874	0.21158849818049077	0.10128321459716817	0.27623690310454774	0.16936889976682434
0.24153935923869863	0.21159785153874375	0.10124968014174715	0.2762630671068749	0.16935004197393533
0.2415529031955153	0.21158332567087643	0.10124342173966733	0.276270699079574	0.1693496503143666
0.2415538840815075	0.21161894897440767	0.10126836402994838	0.27620124808839164	0.16935755482574458
0.24152484736614432	0.21161614063633927	0.1012588325886695	0.27623211741399467	0.169368061994852
0.2415380750055963	0.21162645769800173	0.10122759390887105	0.2762181927297319	0.16938968065779875
0.24152612967507026	0.21159147791645588	0.10131646043336823	0.27619866490795625	0.16936726706714916
0.24155049730356115	0.21162764914555354	0.10120864691551403	0.27625409328338285	0.1693591133519882
0.24153476439321261	0.21159672783021138	0.10122752850939981	0.27624595165786325	0.1693950276093127
0.24155425224094168	0.21162401879042042	0.10120175451028514	0.27625745005353397	0.16936252440481853
0.24155142396789958	0.21159617179986592	0.1012895277513383	0.27621905005942005	0.1693438264214759
0.24152979431092103	0.21158852172444265	0.10121435465329044	0.2763074940855882	0.16935983522575743
0.2415502168696578	0.21162460467074945	0.10123445912925773	0.2762379990438096	0.16935272028652518
0.24154671717372822	0.21159123142912115	0.10120845244976787	0.27626055767273344	0.16939304127464908
0.24152402941231693	0.21161589100316505	0.10130203258311823	0.2762131260715571	0.16934492092984244
0.24153238503788393	0.21161568454320123	0.10125245373664095	0.27620654198773537	0.16939293469453823
0.24154378430638684	0.21159086499700117	0.10127389310194759	0.2762122163706068	0.16937924122405734
0.2415549962824052	0.21162760487721918	0.10121464359976856	0.276222705179229	0.16938005006137782
0.24153562395001127	0.21162851353927165	0.10121369453830593	0.2762325347725434	0.16938963319986752
0.2415232878871649	0.21159984722655353	0.10125944473203483	0.2762420978320921	0.1693753223221544
0.24153788646029953	0.2116299060068994	0.10123818720317972	0.27620051519156735	0.16939350513805376
0.24155476887780852	0.21158662869042844	0.10129085637228208	0.27622226766094204	0.16934547839853867
0.2415352723227155	0.2116231155729785	0.10123983953620504	0.27625855038362523	0.16934322218447548
0.24153195750632994	0.21160731963161405	0.1013126991591563	0.2761995798547164	0.16934844384818307
0.24152347013729236	0.21160398674906694	0.10122924342202481	0.2762767569647472	0.16936654272686844
0.24153402139822108	0.211595746534332	0.10126660545913034	0.2762497720142744	0.16935385459404195
0.24155276851545796	0.21160499764122573	0.10119921653537227	0.27629876063485465	0.16934425667308914
0.24155326510722844	0.21159621628662237	0.10119706400365339	0.27628756886256167	0.16936588573993389
0.2415394187367378	0.2116407123709819	0.10123745490465881	0.27620098906124424	0.16938142492637703
0.24153257385038868	0.21159609314350117	0.10120327004554953	0.2762974980316524	0.16937056492890798
0.24152657134277455	0.21161006762906973	0.10121294806191439	0.2762729647393055	0.1693774482269355
0.24155548228152302	0.2115965617315373	0.10125128386085398	0.2762120573395581	0.16938461478652733
0.24155150306933312	0.2115866873608927	0.10130139121820127	0.2761979040557776	0.16936251429579505
0.24155702407424187	0.21159447545025878	0.10124487738687508	0.2762264680907498	0.16937715499787423
0.24154711957588887	0.21161951029112316	0.10124429959050188	0.27622077579760523	0.1693682947448806
0.24155814360176153	0.2115878150130989	0.10124052734865241	0.27622040616452564	0.1693931078719613
0.2415349734817679	0.21163746623756946	0.10125172310100788	0.27620701282628224	0.16936882435337228
0.241556337593039	0.21163691109346056	0.10124095517021686	0.27620164873806985	0.16936414740521347
0.2415246140634461	0.2116257649231686	0.10120718031939824	0.2762631147806494	0.1693793259133374
0.24153392563303736	0.21163867809241133	0.101223538987748	0.27622906417569554	0.16937479311110748
0.2415271093821294	0.2115982414700423	0.10128362740199964	0.27619688941262144	0.16939413233320694
0.24153597828256895	0.21161084055242865	0.10127199617204398	0.2762018446699902	0.16937934032296798
0.2415378490665977	0.21158689986098472	0.101278940148944	0.27625319373768664	0.16934311718578676
0.24155173536315255	0.21161354078562117	0.10119580544676275	0.27628905500985845	0.16934986339460484
0.24152254162655	0.211637135313731	0.10125490217407819	0.2762022493204277	0.16938317156521285
0.24152791695524425	0.2116172779356533	0.10123807144611979	0.27627269122128906	0.16934404244169332
0.2415297408256198	0.21162071494348805	0.10129104872120805	0.2762157261933832	0.1693427693163007
0.24154980362035477	0.21158387787046953	0.10124212225221323	0.276237599406297	0.16938659685066526
0.2415286885069014	0.21163082260465066	0.10123445986132125	0.2762190278286603	0.16938700119846611
0.2415562507353352	0.21162678614831887	0.10121311348250409	0.2762469670230048	0.16935688261083687
0.24155750266111994	0.2116284915850946	0.1012345819180331	0.2762135854968883	0.16936583833886384
0.24153512672740962	0.2116077679574532	0.1012236102344578	0.2762533931651027	0.1693801019155764
0.24153835528227993	0.2115896398058887	0.10121654882763095	0.2762918643241642	0.16936359176003593
0.24153077655518027	0.21162659679493753	0.10120182537723825	0.27628335467224147	0.16935744660040225
0.24153805877290105	0.2116243802075823	0.10123148600239933	0.27621486878128265	0.16939120623583442
0.2415587603420517	0.21158232175134403	0.1012168247580158	0.27626081244737977	0.16938128070120848
0.2415263341139065	0.2116263979615363	0.10128150786858818	0.2762029804325588	0.16936277962340998
0.24152825102505726	0.2115898321026414	0.10126810096449894	0.2762263332447164	0.16938748266308573
0.24152674086343942	0.2116226209298768	0.10125596859653492	0.27620504105049803	0.1693896285596506
0.2415345005731012	0.21161054094310378	0.10127676210923367	0.27623058747627904	0.1693476088982821
0.2415479983324234	0.2115833647895281	0.1012190760737294	0.2762831231552758	0.169366437649043
0.24153589226398825	0.21159692803205682	0.10119926650970167	0.27630427197982144	0.1693636412144316
0.24155614369591544	0.21160300554443637	0.101225755554267	0.27626995624390194	0.16934513896147904
0.24152488959469823	0.21163154063451273	0.10121898623166369	0.2762798565245716	0.16934472701455353
0.2415285515169332	0.21159336032412204	0.10127326803907087	0.27623005358077296	0.16937476653910066
0.24152867759145072	0.21160185265355128	0.1012325286560563	0.2762486468053502	0.16938829429359126
0.24155363520976633	0.21163008358377805	0.10120180790204562	0.27626510768794643	0.16934936561646333
0.24153340127759737	0.21158299352542526	0.10121565593985163	0.2763148542187274	0.16935309503839807
0.24153695100839007	0.21160094148068978	0.101225970909132	0.27625390836541824	0.1693822282363696
0.24153591120289275	0.21162861746217532	0.10119955804756071	0.27626507273855977	0.16937084054881119
0.24152468264175314	0.21158610702234548	0.10126877341841309	0.27624583379295076	0.16937460312453728
0.24154839809016715	0.21160320599806484	0.10122176488139509	0.276274825881772	0.16935180514860074
0.24154143846122184	0.21161619541384646	0.10126449599356	0.2762087176176046	0.16936915251376683
0.24154350319767187	0.21162099347539684	0.10121201631160112	0.2762297554336194	0.1693937315817105
0.24155692337683304	0.2115918378267119	0.10125653660072353	0.2762041238767582	0.16939057831897308
0.24154589223017367	0.21162335848114447	0.10120561029132773	0.2762822962479837	0.16934284274937017
0.24152306503140275	0.21159068035979636	0.10124951860610837	0.2762578232745947	0.16937891272809757
0.24154103770498453	0.21161113709112764	0.10122229181886985	0.2762395526315957	0.16938598075342198
0.2415278149079122	0.2116205430417813	0.1012389871298529	0.27623258242879334	0.16938007249166007
0.24153507698970464	0.21158734635221124	0.10127547633095116	0.2762410160622943	0.16936108426483842
0.241530743054775	0.2116061923191248	0.10126402120796278	0.2762240341280856	0.1693750092900516
0.24155726892495763	0.21160889217112966	0.10125101977738304	0.2762279825524138	0.1693548365741156
0.24154959197371612	0.21159099464082542	0.10119894323061496	0.2762893422534904	0.16937112790135286
0.24154875441019258	0.21159031409654186	0.10126044519510767	0.2762422320260348	0.16935825427212284
0.2415403827697387	0.21158493925058025	0.10121174519891618	0.2762769216651091	0.16938601111565554
0.2415448818843585	0.21161728551456943	0.10120444064553219	0.2762715649989371	0.1693618269566025
0.24152639148713037	0.21161400666623287	0.10122522409313617	0.27624015767369653	0.16939422007980381
0.24152386901642986	0.21160309337327687	0.10123206871160847	0.2762948140315085	0.16934615486717602
0.24153882940893925	0.21163276939737144	0.10126224916157464	0.276196371732908	0.16936978029920643
0.2415413395796842	0.21160372479712486	0.10120632164200484	0.2762730058796787	0.16937560810150712
0.2415330544685539	0.21159072390670447	0.10127911247113253	0.2762258711035733	0.16937123805003557
0.24152758101219934	0.21160447451376146	0.1012618351380445	0.27621780892685494	0.16938830040913952
0.24153956314630248	0.21162021819233218	0.10128394272330321	0.27621269471110704	0.16934358122695484
0.2415467929119586	0.2115847569394931	0.10130502382018906	0.2761956732894881	0.16936775303887097
0.24155486519294522	0.21161214426545527	0.10121185189287274	0.27623933196106154	0.16938180668766506
0.2415231163683594	0.21163771197262518	0.1012197276648247	0.2762601694282835	0.1693592745659069
0.24154648780903107	0.21158813706672414	0.10126899223748884	0.27624926002116346	0.16934712286559225
0.24153716126778962	0.21163092761942212	0.10125406884953966	0.2762160695355389	0.16936177272770947
0.24155148036475954	0.21160753551838657	0.10121694465062134	0.2762429051609945	0.16938113430523785
0.2415261622632074	0.2116342288559311	0.10125544517823223	0.2762100706585715	0.16937409304405746
0.24153945551202982	0.21162334485578474	0.1011980057055069	0.27625781646475334	0.16938137746192494
0.24152320337669841	0.21162893000417088	0.1012584501927218	0.276219972167303	0.1693694442591057
0.24153987748494293	0.2115901120748378	0.10130545806283867	0.2762011009362969	0.16936345144108345
0.24152774996607582	0.21161879701956196	0.10127220209937919	0.2762348576186697	0.16934639329631304
0.24153408926085962	0.2116026379965878	0.10119607428322408	0.27631564755591154	0.16935155090341678
0.24153992112077108	0.21161350631897458	0.10127735658207782	0.27620855795790394	0.16936065802027234
0.24155515667017818	0.21163119773650244	0.10123900870017798	0.27621509022079427	0.16935954667234687
0.24155764723176432	0.21158925053134733	0.10121109972250926	0.2762598519087562	0.16938215060562262
0.24153197105579916	0.21158853873455208	0.10126398851698146	0.2762449061829427	0.1693705955097244
0.24154190354741645	0.21159709107529448	0.10121247193338945	0.27628312711718006	0.1693654063267193
0.24154754113396348	0.2116005395053733	0.10124203398101442	0.27622337012262294	0.16938651525702564
0.24153377395990547	0.2116112330971919	0.10125134712855609	0.2762396678824015	0.16936397793194474
0.2415499126931871	0.21162072520100964	0.10122000691320834	0.2762237758563506	0.1693855793362441
0.24152765550910527	0.211590532916588	0.10127756317726631	0.2762301252349251	0.1693741231621151
0.24153024888696353	0.21160045313390957	0.10123568086867694	0.2762398080783663	0.1693938090320834
0.24153836348903368	0.2116313716132949	0.10123845021045295	0.2762477185171952	0.169344096170023
0.24154759038777848	0.2115977247234959	0.10119929452069065	0.27628721185186716	0.16936817851616756
0.2415298797137094	0.2115836338823871	0.10129524235725505	0.276241120598677	0.16935012344797123
0.241547944855036	0.21158850604194046	0.1012741244177992	0.27621730545898215	0.16937211922624196
0.24152778831549654	0.211604327294502	0.10122029580902858	0.27629211255538644	0.16935547602558623
0.24154481850985804	0.2116163787317984	0.10126343387611238	0.27621196298025263	0.16936340590197824
0.24153642565699215	0.21160328896914554	0.10125892266872896	0.2762349260597041	0.169366436645429
0.24155320308210382	0.21161119297116904	0.1012554179625966	0.2761956902906069	0.1693844956935234
0.24155016981157384	0.21158293362713826	0.10119986026461603	0.2763052476064328	0.1693617886902388
0.2415549316005488	0.21160788279565534	0.10119882690274841	0.27624397499434217	0.169394383706705
0.2415330533898155	0.2116297974738818	0.10127178284912591	0.2761969138934668	0.16936845239370973
0.2415479402920298	0.2115890733024891	0.10121167374389983	0.27628858750273133	0.16936272515884965
0.24155256799747732	0.21161098668748812	0.10127759625899178	0.2762096444387721	0.1693492046172704
0.2415406099984021	0.2115997352190009	0.10128816458891376	0.27622477369390236	0.16934671649978064
0.241530952543758	0.21163550885699892	0.10122827520187663	0.2762224671663128	0.1693827962310534
0.24153949208900147	0.21163434409853563	0.10121465633062535	0.2762398674832587	0.1693716399985786
0.24155545259812378	0.21160382473606876	0.1012706236753385	0.2762010195459383	0.1693690794445304
0.24153670378778871	0.21159543515346824	0.10124283607041108	0.2762654540928374	0.1693595708954943
0.24154450654924992	0.21163388517825638	0.10122112188053246	0.2762322331068929	0.16936825328506816
0.2415493054713148	0.2116088497313833	0.10120713598784782	0.2762712703276605	0.16936343848179328
0.24154132373089438	0.2116292979562792	0.10127561737231906	0.2762086407266491	0.16934512021385806
0.24152684661580598	0.21160859625778922	0.10122517797547	0.2762921875458156	0.16934719160511894
0.24154146934834114	0.2115908242949615	0.10121052427273136	0.27629497700302263	0.16936220508094313
0.24154254964591015	0.21161959733033486	0.1011958739602308	0.27626227901135497	0.16937970005216896
0.24153641776038098	0.21162318147644865	0.1012197080168462	0.276236362209657	0.1693843305366669
0.24153566348034208	0.21159440590622877	0.10123685630936377	0.2762769661390883	0.16935610816497682
0.24154115361873857	0.21158739731150078	0.10126164676694734	0.2762203196995283	0.1693894826032847
0.24154474801264184	0.21163780013998854	0.10120152390287046	0.2762439321894814	0.16937199575501752
0.24155608567589587	0.21162174262499012	0.10120793675548995	0.2762689407669228	0.16934529417670102
0.24154530537849273	0.2116282621300415	0.10120896303565136	0.2762281110596919	0.16938935839612226
0.24152625138760866	0.21159151499428247	0.10120906675740024	0.2763182241721841	0.16935494268852427
0.24154141837579152	0.21163364837341544	0.10120166804946404	0.276238481432034	0.16938478376929475
0.24152984837291483	0.2116184077763896	0.10125796455410051	0.2762430678608722	0.16935071143572264
0.24153719483923652	0.21158297973586138	0.10122391905040616	0.2762696269104743	0.16938627946402138
0.24155619383498073	0.21159929470312738	0.10124302545112925	0.27625033082863115	0.16935115518213123
0.24153869773660072	0.2116069364516074	0.10125190138810028	0.276254640639184	0.16934782378450733
0.2415320630253839	0.211606582084092	0.10121006928652825	0.2762692639928164	0.16938202161117916
0.24152377713307938	0.21163088467869473	0.10124672169601756	0.2762502746541525	0.1693483418380556
0.24153650566460216	0.21163502984589305	0.10123330766272605	0.2762273589235303	0.16936779790324819
0.24152596409910226	0.21158467559893734	0.1013017115045811	0.2762166901003942	0.16937095869698487
0.24152338142677054	0.21159902727248145	0.10120269370161104	0.2763097239596665	0.16936517363947023
0.24153741681704222	0.21158639293381726	0.10123408780375305	0.27628168189251834	0.16936042055286887
0.24154629220351845	0.21160467207369665	0.10124216736503877	0.276218506039498	0.1693883623182479
0.24153162361778874	0.21159897610094636	0.10121370408407003	0.27629490573641463	0.16936079046078
0.2415367459911098	0.2116171247944435	0.10122547680882096	0.2762690733805665	0.16935157902505898
0.24155350486252625	0.21158554869979768	0.1012075382463813	0.2763049588886959	0.16934844930259862
0.24152513144001697	0.21160049653800916	0.10126889839083841	0.2762294279842401	0.16937604564689512
0.24155151562962282	0.21159139741885488	0.1012045948195485	0.2762859142418228	0.1693665778901507
0.24153514450573024	0.21161767035549334	0.10123413994785549	0.27626342784876584	0.16934961734215487
0.24152332019464706	0.2115828179991619	0.10128044416645111	0.2762507840153613	0.16936263362437837
0.24152590299986962	0.2116400833528542	0.10123046186354474	0.27623401223214245	0.1693695395515888
0.2415578699005742	0.21163254612203525	0.10121642547509362	0.27622761534075363	0.16936554316154306
0.24155671868621986	0.21162008561724296	0.1012184352671274	0.2762210297794193	0.16938373064999024
0.24155119371068148	0.2116164495963664	0.10120782384824747	0.2762787270003195	0.16934580584438486
0.24155540888442179	0.2116355089678235	0.10123425912668027	0.276213284277444	0.1693615387436302
0.24154814142842232	0.21161019700567088	0.10122540651296376	0.2762419107318519	0.16937434432109086
0.24154469308304666	0.21160700999359533	0.10119975706262954	0.27627252299638244	0.16937601686434575
0.24155647005130743	0.21162477420119766	0.10126573972729513	0.27619972900640594	0.1693532870137936
0.2415533171624477	0.21159476162166402	0.10124965004512652	0.27623162916654037	0.16937064200422117
0.24153765991433643	0.2116139289993741	0.1012221756981718	0.2762397897706134	0.16938644561750404
0.24155850559221545	0.21159999579591393	0.10123444997781095	0.27621476362724456	0.16939228500681486
0.24155359720679942	0.21159104979793691	0.10123941453220246	0.27623604193025847	0.16937989653280253
0.24155208589335544	0.21158998955952402	0.10127563122564956	0.2762253645142253	0.16935692880724545
0.24154141758920658	0.21163659689284808	0.1012182273850198	0.27624089383710027	0.169362864295825
0.2415490364265665	0.21158307904135298	0.10120808249064861	0.27629593464423896	0.16936386739719272
0.24152596928639847	0.21158768285917787	0.10130897531041043	0.27619509060544944	0.16938228193856356
0.2415226436014016	0.21159459950058648	0.10126579096730284	0.27623982578565426	0.16937714014505456
0.24152243508922278	0.2116236191539759	0.10124264137587366	0.27623221463730646	0.16937908974362098
0.24153764242780965	0.2116248055897526	0.10126819041579932	0.27621676359951397	0.16935259796712418
0.24152769250424616	0.21161646148073665	0.10127502617809606	0.27622992207429303	0.16935089776262788
0.2415381331821258	0.21160498233042063	0.10122223250351312	0.2762888040385801	0.1693458479453601
0.24153020578485548	0.21162340901686816	0.10120422220939436	0.27627890937006455	0.1693632536188172
0.2415518564709912	0.21163799774953176	0.1012390535106355	0.27622760653475104	0.16934348573409025
0.2415413623257277	0.2116116333903951	0.10121597095640508	0.27628542093551195	0.16934561239195992
0.24153499203044634	0.21161066456036076	0.10126833274784224	0.2761932055719706	0.16939280508937982
0.24152339048303154	0.21160816387367515	0.10123331812699762	0.2762919152096971	0.16934321230659832
0.24154278083153724	0.21163725940048214	0.10123233066707166	0.27623688501333105	0.16935074408757766
0.2415504951205558	0.21163943058490461	0.1012441032106096	0.2762173272384875	0.16934864384544224
0.2415476934726466	0.21163952467331118	0.10125769941367373	0.27620574206814635	0.16934934037222188
0.24155725524586485	0.2116121397811504	0.10128009696058284	0.276203291178299	0.16934721683410262
0.2415325073189591	0.21159316114093152	0.10129546364710847	0.2761945004233314	0.16938436746966926
0.24155311571228322	0.2116290528576155	0.1012215357626479	0.27621014505630903	0.1693861506111441
0.24153880132239197	0.21162845253973517	0.10127454094432926	0.27619355298924647	0.16936465220429686
0.24153651122467715	0.2116015600344771	0.10119872326666104	0.2763017738375616	0.16936143163662287
0.24155699232345762	0.21160498114728163	0.10124493249972254	0.2762402897628716	0.16935280426666632
0.24152375297338016	0.2116239551795392	0.10119868695574803	0.2763060648571938	0.1693475400341386
0.241528730283343	0.21159842940470527	0.10129502296681847	0.27623551996779494	0.16934229737733805
0.2415250142466018	0.21159028881057798	0.10121536545795952	0.2763074083272077	0.16936192315765278
0.2415568955334546	0.21161283101898912	0.10122185374009383	0.2762400320422161	0.16936838766524612
0.2415265712757126	0.21162539390189594	0.10123121461849349	0.2762482850665663	0.1693685351373314
0.24153879833168626	0.21162813460684443	0.10124741736363942	0.2762240298402344	0.16936161985759518
0.24154914001210814	0.21159349728442156	0.10120340357196718	0.27628356096397994	0.16937039816752292
0.24154129010154615	0.21161483491121408	0.10121216941882924	0.2762670178618024	0.16936468770660787
0.24154049525857768	0.21158758698899385	0.10125379666548717	0.27626593173634423	0.1693521893505968
0.24153973546261598	0.21159304137319346	0.10126163114314822	0.27622433698931537	0.16938125503172669
0.24154695309555624	0.21163627691997863	0.10126144107229455	0.2762124608481057	0.16934286806406468
0.2415441559696775	0.21163107687531688	0.10119899787757423	0.27626916025027615	0.169356609027155
0.24152413771459647	0.21161728398941795	0.10126794269668343	0.2762015837515819	0.16938905184772
0.2415555354561913	0.21159009537462684	0.10120417014844553	0.27628421538912507	0.169365983631611
0.24153466081188157	0.2116092177937138	0.10125281688240924	0.2762153410484376	0.16938796346355753
0.2415399221577757	0.21163788548213555	0.10120132222613437	0.27625654916202175	0.16936432097193238
0.24152989611285808	0.211587611606826	0.10120998981143442	0.2763149197268139	0.16935758274206736
0.24154784629735163	0.21162426520409358	0.10122952139039956	0.27623275466718394	0.16936561244097104
0.24154894242596336	0.21163269296763237	0.10121038070170157	0.276254661193351	0.1693533227113514
0.24152876702820186	0.211608208986949	0.10122726967782315	0.27628608460823023	0.16934966969879559
0.2415342837996534	0.2116093447689493	0.10129576894237931	0.27620279572151873	0.16935780676749904
0.24152478324577614	0.21158862800980457	0.10122680655266465	0.2763108507654462	0.16934893142630822
0.2415267534305549	0.2116212171563652	0.1012188629673616	0.27628980840774864	0.16934335803796943
0.24155550714193594	0.21159837111308105	0.10125846124438258	0.27621177741339964	0.16937588308720058
0.24152246212071202	0.21163424934611128	0.10124083118838137	0.27624608907700354	0.16935636826779152
0.24152454374065663	0.21161216697511862	0.10128383287976112	0.2762290370040739	0.16935041940038947
0.24153189364105193	0.21162803507063158	0.10122466540568487	0.27622131628645064	0.16939408959618074
0.24154519339850125	0.21161503935208203	0.10122014139598962	0.27625912574282663	0.1693605001106002
0.24152793031830103	0.2115954641577155	0.10132053715384592	0.27619404954084714	0.16936201882929014
0.24153241212684928	0.21162285911670053	0.1012609511798837	0.2762240214610667	0.16935975611549953
0.24155230834822322	0.2115942002111649	0.10121566977407072	0.27628620689878114	0.16935161476775976
0.24155433117790434	0.21163576258842126	0.10122159508427794	0.27622443107039196	0.16936388007900424
0.24153821356776367	0.21161267932498962	0.10129686670469151	0.27620408913631284	0.16934815126624214
0.24155013635946787	0.2115931095288426	0.1012352042107826	0.27622735112042596	0.1693941987804808
0.24155472896605007	0.2115917946075624	0.10121370156992497	0.2762792498526914	0.16936052500377086
0.24154146697484402	0.2115830106444801	0.10131089297994869	0.2762170920883388	0.16934753731238814
0.24152899067514694	0.21163228983151267	0.10127776332482984	0.27620022144122147	0.16936073472728883
0.24154475303072132	0.2116281327868427	0.10122170357855138	0.2762611974882423	0.16934421311564207
0.24153541718392008	0.21162224068563287	0.10120071168851717	0.27625868908952217	0.16938294135240742
0.24154944645608728	0.21161768713377643	0.1011950052480859	0.2762953602452538	0.16934250091679628
0.2415234593379707	0.21159461318367376	0.10123693386694471	0.27627772692084834	0.16936726669056223
0.24153002092467818	0.211605392850552	0.10128881152819225	0.2761998010177329	0.16937597367884444
0.2415235408027911	0.21159075265411142	0.10120450066570875	0.27628752382230537	0.1693936820550831
0.2415415438469377	0.21161557903711997	0.10126378325997906	0.2761946061967093	0.1693844876592537
0.24152274228576073	0.21162928005340492	0.10121349546079217	0.2762865486243504	0.1693479335756915
0.24152485757726389	0.21163168799014004	0.10122459854376707	0.27627061474950687	0.1693482411393219
0.24154971801938657	0.21163727131778112	0.1012409137356909	0.2762103040029577	0.16936179292418346
0.2415334331706256	0.21158837419638438	0.10130663859495816	0.27621570090747816	0.16935585313055349
0.24152382108366788	0.21160008639026287	0.10128499254417161	0.27620371967573637	0.169387380306161
0.24154367902894464	0.211582111354257	0.10126142172784622	0.2762685265049414	0.1693442613840105
0.24154945534973105	0.21161657319897895	0.10124106202961321	0.27619913729953427	0.16939377212214224
0.2415291765580737	0.21160720719500675	0.1012217392062476	0.2762642629849039	0.16937761405576776
0.24152776825321665	0.21164062669058095	0.10125144139345246	0.27619832276790096	0.16938184089484873
0.24152680918425298	0.21158472159510047	0.10124002107636458	0.276283731752191	0.16936471639209072
0.24155466633757167	0.21160457976097238	0.10120025192015418	0.2762855437972982	0.1693549581840033
0.24155415915781403	0.2115951702913625	0.10125179546423088	0.27622327904567934	0.16937559604091298
0.24153546898437656	0.21162344988321344	0.10122047683602436	0.2762600733965145	0.16936053089987085
0.24152842008249625	0.21160000864426146	0.101213553727308	0.27626939876023393	0.16938861878570008
0.24154321208493484	0.2116224159142158	0.10122401397258707	0.2762176065052253	0.16939275152303673
0.24155609075032491	0.21159501020473573	0.10122593513597768	0.27626952299681434	0.1693534409121471
0.24153796691893736	0.2115930454199751	0.10122309882220525	0.2762710802051561	0.16937480863372592
0.24152317145436736	0.21163032946780594	0.10121995038904333	0.27623906997044684	0.1693874787183363
0.2415320758158334	0.2116342946978361	0.10122570847167224	0.2762179961321527	0.1693899248825053
0.2415403272754097	0.21159272939353446	0.10129297876002324	0.2761931544240508	0.16938081014698156
0.2415477280387622	0.21158589021104648	0.10123571379079287	0.2762489298601547	0.1693817380992435
0.24153144065650664	0.21161775820738982	0.10122139102858795	0.2762595511791842	0.16936985892833117
0.24154509952404093	0.21162711710183824	0.10121149566351523	0.27627185744830907	0.16934443026229629
0.24154064394922908	0.21158496049287726	0.1012062429706316	0.27629830092159946	0.16936985166566237
0.24154099645774865	0.21160154881187956	0.10124750861387306	0.27622305371106204	0.1693868924054364
0.24152270947765497	0.21163305500417445	0.10120031737430321	0.2762712669840024	0.16937265115986475
0.24154119379793612	0.21162781151546978	0.10120368632540282	0.27627541717409027	0.16935189118710078
0.24155665388369812	0.21162731937626064	0.1012101589113626	0.2762166463619019	0.16938922146677649
0.2415249920456544	0.211617645327704	0.10124864912248026	0.2762344863397548	0.1693742271644063
0.2415232767438292	0.2116090577713687	0.10123866384431632	0.27623629842215336	0.1693927032183322
0.24154990447749275	0.21161385571787056	0.10126591962305723	0.27622211001654956	0.16934821016502966
0.2415365863100558	0.21160935909712714	0.10119784641519526	0.2763119459328248	0.1693442622447967
0.24154415627484827	0.21161670949560718	0.10123969784244678	0.2762149516810079	0.1693844847060896
0.24155164368197737	0.21160457621923612	0.10126002738931142	0.2762093147545297	0.16937443795494517
0.2415266618503834	0.21160920317460888	0.10121009981244959	0.27626575739287285	0.169388277769685
0.24152514840965894	0.2116114975977967	0.10122885371057577	0.2762449411711721	0.16938955911079626
0.24154396070834433	0.21162496933151095	0.10125015919541917	0.2762001061909051	0.16938080457382013
0.2415365493448622	0.21159932031612605	0.10120142843043624	0.27626876961251573	0.16939393229605954
0.2415511203959082	0.21163690712044697	0.10122300340105549	0.27619935953015984	0.1693896095524292
0.2415382241226886	0.21161337980510653	0.1012360501050401	0.27625710330753955	0.16935524265962498
0.24153688607874418	0.21161692147498704	0.10120054986970606	0.2762521377762265	0.16939350480033596
0.24153851393124293	0.21160468221755585	0.10127338209677358	0.27621107059346184	0.16937235116096555
0.24152917903969964	0.2116009648182324	0.10121798004373204	0.2763067381907012	0.16934513790763445
0.24154057284195832	0.21163651825316016	0.10120574598706972	0.27623039574904	0.16938676716877157
0.24153792144290684	0.21162197832284563	0.10124398054896193	0.2762310689007631	0.16936505078452221
0.24153970196749858	0.21161390111479786	0.10126196059522133	0.2761946523892427	0.16938978393323934
0.2415385615226121	0.21161999766776712	0.10127197741812008	0.27620432604684814	0.1693651373446523
0.241539579711097	0.21163751736039638	0.10122281530257499	0.27622760301245103	0.16937248461348037
0.24154914086921003	0.21160554594153475	0.10127618946519763	0.27622574704336267	0.16934337668069463
0.24154442187125658	0.2116381958488841	0.10119856101777684	0.276234459448021	0.16938436181406125
0.2415239349748021	0.21162789416336894	0.10123186376143238	0.2762398692919493	0.169376437808447
0.24153190608824257	0.21162836276278574	0.10123434004498003	0.27621897991570765	0.16938641118828376
0.2415312502448892	0.21162271693871756	0.1012084209196196	0.276270079856901	0.16936753203987237
0.24153454361560756	0.21158965340030686	0.10130090627852047	0.27619529388001013	0.16937960282555475
0.24154816908322074	0.21161489968182232	0.10120947136591169	0.2762615060342446	0.1693659538348004
0.2415320849735143	0.21158470711386088	0.10128362602474218	0.27621314375457795	0.16938643813330445
0.24154603770365482	0.21158258796261914	0.10129357709452601	0.2761946361410087	0.16938316109819107
0.24153504741589552	0.21158856030036174	0.10121206934975804	0.2763142670660231	0.1693500558679614
0.24155020560345106	0.2116264990611137	0.10122151295996143	0.27624602219214955	0.169355760183324
0.24153541523740435	0.21163532140535185	0.10127507683105584	0.2762057592138719	0.16934842731231578
0.24155625146554505	0.21159615533131637	0.1012285088801273	0.2762374512304695	0.16938163309254153
0.24152823742534474	0.21162779795465406	0.1012097791783181	0.2762779277688374	0.16935625767284548
0.2415506409011505	0.21163187848755985	0.10123914063738632	0.27623451346157923	0.16934382651232385
0.24154642139079385	0.21161644384663256	0.10124286382597192	0.2762298929636447	0.16936437797295673
0.24154737577642793	0.21161478121195682	0.1012050383747101	0.27627849833081547	0.16935430630608939
0.24153704836713785	0.21159894755057462	0.10123662721459686	0.2762499040515618	0.16937747281612855
0.24153194346752216	0.21163495262795665	0.10123581265487146	0.27624551173551004	0.16935177951413946
0.24153827298105238	0.2115956163624899	0.10124428245564795	0.2762638377280714	0.16935799047273814
0.24153318492863188	0.21159463566683534	0.10128713099717185	0.2762054921342299	0.16937955627313078
0.24155045024902985	0.21159897105265127	0.10121258941366884	0.27628164004227956	0.16935634924237022
0.24155699708336278	0.21158936854378915	0.10125338678611703	0.2762173364346183	0.16938291115211246
0.24155526868253485	0.21159780125532243	0.10125884931976312	0.27624144598221395	0.16934663476016537
0.24155353259866497	0.21161543833865373	0.1012336885481285	0.27624608905073844	0.16935125146381408
0.2415505944094798	0.21159334038472122	0.10122921005221848	0.27625314013383917	0.1693737150197411
0.24154119428322918	0.21159355384218892	0.1012692653410457	0.27623063198814113	0.16936535454539484
0.24154769757567024	0.21159315417390634	0.1012570362000514	0.2762087146216772	0.1693933974286946
0.2415571460431606	0.2115973971056894	0.10129306964359693	0.2761948757908756	0.16935751141667726
0.24154944164454994	0.21162594975457022	0.101244335227831	0.27621908971130466	0.1693611836617439
0.2415269566292999	0.21160346702696686	0.10126165169224065	0.27621786069488286	0.1693900639566095
0.24152200717089903	0.21161888624269126	0.1012799054755394	0.27620854589225374	0.16937065521861627
0.2415577382850748	0.21162032992960655	0.10123265462897225	0.276228924272752	0.16936035288359416
0.24153429406517335	0.2116091224966539	0.10127984684065269	0.276214676632228	0.16936205996529186
0.24152729381930255	0.21160754767983878	0.10124868807294134	0.2762490567756454	0.1693674136522717
0.2415547960379683	0.21159218259916576	0.10119794190177278	0.276299964118772	0.16935511534232092
0.24152991587817485	0.21160889356456933	0.10120914098323769	0.2763049493044249	0.16934710026959301
0.24155689030261038	0.21158292592915812	0.10126064266175669	0.276239625827913	0.16935991527856156
0.2415340859610952	0.21163473738727268	0.10122430767577273	0.27624731624827087	0.1693595527275883
0.24155324426977587	0.21159916872094403	0.10124651046526471	0.2762572960041619	0.16934378053985327
0.24154358077646654	0.21163492126454492	0.10119587068405836	0.27626006032196665	0.1693655669529633
0.24152269956300243	0.21159593445252367	0.10129773049560482	0.27623585912247034	0.16934777636639853
0.24154903386054344	0.21162409744510546	0.10120657069594313	0.2762712073814433	0.16934909061696446
0.24153154771493918	0.21158255338965973	0.10119995623737185	0.27631086271607663	0.16937507994195233
0.2415290452212856	0.21161386634858492	0.10124493681712338	0.2762605711380355	0.16935158047497037
0.24154901634781806	0.21161348257812684	0.10121736104892462	0.27625648078599496	0.16936365923913527
0.24154253808711343	0.21162501366639352	0.10121275682871046	0.276231064627312	0.16938862679047031
0.2415396425869082	0.2116181044579144	0.1012683413303495	0.2761982372125519	0.16937567441227575
0.2415301525449805	0.2115903425363692	0.10129362402670979	0.2762320618902625	0.16935381900167776
0.2415483474041978	0.21160649041947033	0.10127299067166966	0.2762035182540643	0.16936865325059763
0.24153566011758296	0.2115885244766279	0.10126116201036761	0.276219811582393	0.1693948418130283
0.24155168742815136	0.2115962917071925	0.10122870180880958	0.2762763771376732	0.16934694191817312
0.24152758013557152	0.21158350551834265	0.1012785017974804	0.276234888548732	0.16937552399987318
0.24154469779558116	0.21162361935039364	0.10126038722405302	0.27621461955436416	0.16935667607560778
0.2415451015362322	0.21163545682093643	0.10119751542339636	0.2762732629560255	0.16934866326340925
0.2415443137185268	0.21160297661603444	0.10125070492525413	0.2762179291445584	0.16938407559562593
0.24152846712795514	0.21158452964838514	0.10130484913786789	0.2762213073251325	0.16936084676065907
0.24155327994599002	0.2115861598859352	0.1012877699291652	0.2761935119874477	0.16937927825146165
0.24152741079570184	0.2116063731327574	0.1012083786961764	0.27630144926429884	0.16935638811106524
0.24152416710549304	0.2116201747470216	0.10124870338040132	0.2762515562193837	0.16935539854770007
0.24152898643072165	0.21163074309248528	0.10121551901129253	0.2762325576476488	0.1693921938178515
0.2415253018705162	0.21158742556659674	0.10122830064288128	0.27627003339255607	0.16938893852744946
0.24153364424513046	0.21158782646744334	0.10132478960126179	0.27620941200057075	0.1693443276855934
0.24155105032892454	0.21162520991068376	0.10122346128031609	0.2762073431721171	0.1693929353079583
0.24155642842908565	0.21160590173413613	0.10122858935859032	0.2762595740106544	0.16934950646753327
0.2415477529494386	0.21163086872642473	0.10122306275450235	0.27624873197860145	0.16934958359103267
0.2415314373250483	0.2115914805264528	0.10125584352272873	0.2762552984492716	0.16936594017649834
0.24152986338060978	0.21163145936683614	0.10122606027645038	0.2762288278975713	0.1693837890785322
0.24152689650956877	0.2116066090307628	0.10128247914535604	0.2762162122364938	0.16936780307781835
0.24152634088466157	0.21162510761885414	0.10123000597425513	0.2762483637214299	0.169370181800799
0.24153645194837828	0.21162534603681354	0.10127353091690681	0.27620282530211304	0.1693618457957881
0.2415231944913467	0.21160315190931084	0.10120761770659382	0.27627100182037856	0.1693950340723698
0.24155830140460083	0.21158544044252478	0.1012467113647532	0.276229563733955	0.16937998305416593
0.24155225294492633	0.2116087915592303	0.1012907472343191	0.27619380416414324	0.16935440409738076
0.24152984946643985	0.2115948530446688	0.10122399991861522	0.276297690482428	0.16935360708784786
0.2415259288507844	0.21161405091377697	0.10124366234957671	0.276256527694876	0.16935983019098566
0.24154827780143523	0.21163667776614023	0.10126181980704854	0.2762045650569608	0.169348659568415
0.2415247598365028	0.21160848306605512	0.10124511237308982	0.27626462069049307	0.16935702403385894
0.24153722048488635	0.21159119546767166	0.10129346842450203	0.2762001939486196	0.16937792167432011
0.24153373726956354	0.21163874869267932	0.10120061355841703	0.27625579003101086	0.16937111044832898
0.24155167013205536	0.21162109042666738	0.10120175846748705	0.27626364067333714	0.16936184030045282
0.24154753506982035	0.2116044018859115	0.10128018705055415	0.27621432944682456	0.1693535465468891
0.2415346782856999	0.21164080148239806	0.10120231214358288	0.2762624238853813	0.1693597842029376
0.24153005537257388	0.21159295127008848	0.10125715648267343	0.27623760603532593	0.169382230839338
0.24152449218039737	0.21161122211921135	0.10128148149696851	0.27619748835572294	0.16938531584769956
0.24154920736630178	0.21158570054960435	0.1012868940581624	0.2762333021944189	0.16934489583151233
0.24155008912491563	0.21160983778016432	0.10123413664971007	0.2762303742351377	0.16937556221007205
0.2415356277558705	0.21163492801044442	0.10120290922727809	0.2762417722152154	0.16938476279119138
0.24155802379683922	0.21158511609613156	0.10129971123964708	0.2762070618960206	0.16935008697136128
0.24152254281349092	0.21160676222357655	0.10121868509657016	0.2762856997789581	0.16936631008740402
0.24155645725223032	0.21158962287529465	0.10126932386076362	0.2762218060617247	0.1693627899499865
0.24154614836861124	0.21163416191884568	0.10123357194973695	0.2762255089165313	0.1693606088462746
0.241546462916026	0.21160936554538556	0.10120033005644849	0.2762944066884126	0.1693494347937271
0.24155862997539015	0.21158685818519363	0.10129618025965687	0.2761967943412242	0.1693615372385349
0.24154851746846528	0.21158258225237228	0.10127251937517057	0.2762328394561542	0.16936354144783744
0.24154662271177632	0.21161374578882014	0.1012485177229773	0.2762016513605935	0.16938946241583253
0.24155459215627417	0.21162614911662986	0.10123024274212124	0.27621688887889784	0.16937212710607666
0.24154042466645986	0.2116325814899417	0.10124850629356237	0.27621161973691266	0.16936686781312316
0.24154497141718653	0.2116030619628242	0.10126093011337714	0.27620156214226954	0.1693894743643424
0.24152989309629014	0.21159502527108554	0.10125711080699916	0.27625415190492414	0.16936381892070076
0.2415226981377041	0.211584849649423	0.10122717748945557	0.2763088823741737	0.16935639234924338
0.24154242996139447	0.2115829153513607	0.10120898221285865	0.27632079272340276	0.16934487975098314
0.24154327632677106	0.21158666371590978	0.10123500016824848	0.2762718738879915	0.16936318590107896
0.24152988652549545	0.21158604954567306	0.10129192855910246	0.2762035784499612	0.16938855691976762
0.2415467900172587	0.21159987380615153	0.10127849809280583	0.27623144065293376	0.16934339743084992
0.24155371434369916	0.21158396321567402	0.1012164557454891	0.2762851614887373	0.16936070520640023
0.24155312417753239	0.21160389954976944	0.10121017543110435	0.2762595199466019	0.16937328089499165
0.24154951379035572	0.2116043083773864	0.1012300586871122	0.2762231306202228	0.16939298852492266
0.24152989219920368	0.21160401215382774	0.10124519254999473	0.2762279234304019	0.16939297966657169
0.24154755668690336	0.21159479780655605	0.10122451738394016	0.2762605387593522	0.169372589363248
0.24153720906139442	0.21158923083885256	0.10130477952535819	0.27621039750260956	0.16935838307178505
0.24154990397668413	0.21160630392173072	0.10120687286178799	0.27628758956851407	0.16934932967128286
0.24153439667012938	0.21160270787000732	0.10123264453013094	0.27625615717069985	0.16937409375903226
0.24154165539008773	0.21158598916488194	0.10129189593731981	0.2762347314682891	0.16934572803942116
0.24152806096124535	0.21161236081046902	0.10120584568143426	0.27628405039855924	0.16936968214829187
0.24153905624135386	0.2115851525747809	0.10132185800311862	0.27619734253353584	0.16935659064721056
0.2415523559837603	0.21160759072879676	0.10127250299015199	0.2761962113463469	0.16937133895094383
0.24155307038086823	0.2116398740076066	0.10120313642972695	0.27625316911100095	0.169350750070797
0.2415267276632143	0.21158907807481422	0.10125453950697567	0.2762359238581046	0.16939373089689097
0.24152728453245575	0.21158873638589004	0.10130659912077797	0.27620533234260086	0.16937204761827512
0.24155028116827743	0.21158556068604767	0.10122386480538198	0.2762728144352309	0.1693674789050618
0.24152658687236125	0.2116064621311893	0.10122936736423456	0.27627375068059823	0.16936383295161636
0.24152327151402334	0.2115998920100421	0.10128464564948877	0.27621568892302495	0.1693765019034206
0.24155158473949412	0.2116044931044894	0.10122296391714654	0.2762694616571931	0.1693514965816766
0.24153902891937207	0.2115970509402156	0.10129156404003109	0.2762169126834946	0.16935544341688644
0.241525153385441	0.21161849670813945	0.10130938181660303	0.2762012414933783	0.16934572659643793
0.24152805157840335	0.21159739445947376	0.10121720061422161	0.27626510004739735	0.16939225330050367
0.24153262159547012	0.21162348712903892	0.10124507292406625	0.27620889865046205	0.16938991970096243
0.24153621729268504	0.21158838816930894	0.101220973769402	0.2762855884094201	0.16936883235918368
0.2415270597845289	0.21161862460950254	0.10126856691891263	0.27620979554407965	0.16937595314297604
0.24154613291190655	0.21160550171923087	0.10123534462999564	0.2762688578892375	0.16934416284962917
0.241554582768749	0.21160363540264218	0.10120801695519686	0.27624460399236267	0.16938916088104905
0.24153043002773125	0.21161811804360758	0.10125789634745931	0.27620879508535134	0.16938476049585027
0.24152571559552571	0.21158967292397346	0.1011973719760366	0.27631338014042545	0.16937385936403856
0.24152805363412005	0.21162978506555238	0.10120826346391423	0.2762903982221584	0.16934349961425466
0.2415344700223872	0.21160567680440542	0.10128294413347877	0.2762346632465561	0.16934224579317225
0.24154762682036568	0.21160854868427867	0.10121554943361198	0.27627265124923617	0.1693556238125073
0.24153985516119064	0.21158363941061062	0.10123627633238344	0.2762947623870463	0.1693454667087687
0.24153780014031728	0.2115882278345136	0.10120756766610674	0.27628370845366035	0.1693826959054018
0.24153164901518084	0.21162351732229276	0.10123917247366707	0.27622266336343104	0.169382997825428
0.24153149620809095	0.21160231483371875	0.10123580182251084	0.27628723500103675	0.16934315213464246
0.24154871917223622	0.21158985220436313	0.10122610411355988	0.2762632119137203	0.1693721125961202
0.24152693631843875	0.2115892133495504	0.10130850215037195	0.27621026484462263	0.16936508333701608
0.2415382869006825	0.2116171113230631	0.10125146536456274	0.2762335358633778	0.16935960054831364
0.24153358860232615	0.21158756877277685	0.1013067534427265	0.2762132085944577	0.16935888058771256
0.2415536666525935	0.211620802981785	0.10127491060690812	0.27619338789093784	0.16935723186777527
0.24152299302110372	0.2115926582210365	0.1012172767361865	0.2763137793079306	0.16935329271374241
0.2415441826290337	0.21161788754048752	0.10122496663724094	0.2762603462021653	0.1693526169910723
0.24152510281140732	0.21159769312846977	0.10119875968068837	0.27629501195753375	0.16938343242190054
0.2415315347238537	0.2115848467020702	0.10128234492702037	0.2762427365884717	0.16935853705858378
0.24154330466417442	0.21161268636220001	0.10126219964429667	0.2762046757450346	0.16937713358429404
0.2415509190325449	0.2116402375864637	0.10120068122985296	0.27622865507229405	0.16937950707884414
0.24155145162647795	0.21161368223666366	0.10121728172299828	0.27624662835214475	0.16937095606171512
0.24154847157094783	0.21161578418204766	0.1011992988633678	0.27628228914205544	0.16935415624158107
0.24155450819167051	0.21158512358893541	0.10121598082889553	0.2762685382769126	0.1693758491135857
0.24152628340438925	0.21161573718639942	0.10122000753987231	0.27626521627452455	0.1693727555948142
0.24153025157076907	0.21162546272169905	0.10126950555333902	0.27621732269773375	0.16935745745645886
0.2415236081267503	0.21161722897919366	0.10124294483791707	0.2762420435405618	0.1693741745155769
0.24155464373328583	0.2115830434716879	0.10124012650151004	0.2762420749075988	0.16938011138591721
0.24153334760519835	0.21159826072305482	0.10119691560390909	0.2763087133726433	0.16936276269519424
0.24153071358773576	0.21158826413106294	0.10132291578055905	0.2762109656074949	0.16934714089314712
0.24154762907948363	0.2116167623907953	0.10123918926749956	0.2762238423045217	0.16937257695769958
0.2415388811141035	0.2115984079019591	0.10126912479789785	0.27621773542491856	0.16937585076112074
0.24155238309887558	0.21160416445610822	0.10119675910324305	0.27628522265021693	0.169361470691556
0.24153528230751853	0.21159238509146128	0.10129495028775586	0.27622628472936583	0.16935109758389827
0.24152434630225794	0.21159173806478448	0.10121635184060389	0.2763107072001972	0.16935685659215627
0.2415416272671465	0.2115853487563391	0.10123460161254286	0.27626039384966034	0.1693780285143109
0.2415432397463534	0.21158742121262064	0.10120485256902846	0.2762997202479223	0.16936476622407495
0.24153937774499096	0.21163740411837736	0.10122306021420288	0.2762289189994612	0.1693712389229673
0.24155360556224642	0.21162406918934118	0.10120787435257815	0.27624441510482045	0.16937003579101356
0.24154349821198848	0.2115874845792552	0.1012508389067709	0.276260684982954	0.16935749331903124
0.24152731733740537	0.21160147975638272	0.10122346009818564	0.27629500342592767	0.16935273938209836
0.24152514730062405	0.21162160951511946	0.1012284259324475	0.27626219820802966	0.16936261904377908
0.24152238185170394	0.21158441599518046	0.10126894979870806	0.2762762159439035	0.16934803641050375
0.2415284556573677	0.21162164841839765	0.10130463357443907	0.2761944822310334	0.169350780118762
0.24155773050523205	0.21160083621147419	0.101283245147237	0.27621550673938416	0.16934268139667238
0.24155429171440612	0.21161524198443896	0.10125086932280741	0.27620358010795365	0.16937601687039355
0.24155873244018355	0.21158377333580403	0.10122735783779399	0.2762785460805152	0.16935159030570293
0.24152267786467801	0.21158713917209723	0.10131224349337964	0.2762253648749795	0.16935257459486536
0.24154880980865218	0.2115931482221606	0.10129114094269155	0.27619942157518035	0.16936747945131503
0.24153780738946729	0.21162892277399145	0.10120930134531748	0.27624686857760666	0.16937709991361685
0.24153216464781777	0.21161769843215988	0.10122351235353848	0.27623152523871924	0.1693950993277644
0.24153646705802476	0.2116225049511919	0.10121376316583183	0.27623137589567465	0.1693958889292766
0.24154266570011199	0.21160463064742033	0.10120159371890398	0.2763017342403076	0.1693493756932559
0.24153750499021487	0.21160102098470707	0.10122217108162662	0.27625169188999843	0.1693876110534528
0.24154292819533157	0.21159005171898515	0.10127153851899905	0.27621826662314863	0.16937721494353536
0.24152646263651445	0.2115985536788263	0.1013276945583423	0.2761963086842401	0.16935098044207658
0.24152627987688446	0.21159173974992543	0.1013100505674045	0.27620210207183815	0.1693698277339472
0.24154340780803252	0.21159337311807958	0.10124230663121271	0.27626559014943686	0.16935532229323813
0.2415437509650037	0.21163995836481309	0.10122463749246743	0.276201005856772	0.16939064732094353
0.24154755708971756	0.21159138177938747	0.10128735668582699	0.2762299286364473	0.1693437758086204
0.24153143129590046	0.2116192945041104	0.1012227602732407	0.276283699030665	0.16934281489608313
0.24152800106611744	0.21158504839580353	0.10122203907571319	0.2763187259354929	0.16934618552687275
0.24154029865504967	0.21160692625559832	0.10120294044364708	0.27629134945433004	0.16935848519137467
0.24153936400163858	0.2116192988181295	0.10120272841442733	0.27626155933901897	0.1693770494267854
0.24154938371638468	0.21160324878032233	0.10126649720824084	0.2762043445695217	0.1693765257255302
0.24153077026031286	0.21162418396050947	0.10120634599698988	0.2762654444867573	0.1693732552954303
0.24154667719265938	0.21163542803340654	0.10121820548707042	0.27620881975773864	0.16939086952912477
0.24152509499717362	0.21161749299219118	0.10124273003980502	0.27627216376059033	0.1693425182102396
0.24154792926749669	0.2115865714911706	0.10119512558077846	0.27629693005417894	0.16937344360637507
0.24153841431993156	0.21162410025873227	0.10121840863760775	0.27624047448825984	0.16937860229546833
0.24153760651294148	0.21163314145793155	0.10119721512177274	0.2762514445240791	0.16938059238327488
0.24152672022788554	0.2116047819203077	0.10125603084280331	0.27626297252794896	0.1693494944810542
0.24152235617502651	0.21161061601627015	0.10121616550840429	0.2762886359281373	0.16936222637216153
0.24154720120086848	0.2116372417133217	0.10124443678716082	0.27621038829192707	0.16936073200672166
0.24155510787087625	0.21162967460784116	0.1012563849950306	0.27619507691122963	0.1693637556150221
0.24152516937572183	0.21158515187069707	0.10129603876626492	0.2762152608420718	0.16937837914524415
0.24153399914182055	0.2115961073125047	0.10124951065721956	0.276263513254625	0.16935686963382995
0.2415361545472946	0.21162295366939546	0.10127152122421187	0.27620087350871014	0.16936849705038767
0.24154106073211304	0.2115906632422207	0.10122169823749695	0.2762846313577046	0.16936194643046448
0.24152969055090748	0.2116406917136707	0.10122875193536943	0.2762571283671025	0.16934373743294973
0.24153447845258408	0.2116182356437507	0.10129105470296822	0.27619958464644045	0.1693566465542563
0.24152652084065085	0.21162695751582886	0.10123380405905426	0.2762320150428209	0.16938070254164486
0.24153182921227634	0.21163798662513986	0.10127085392363545	0.2761956058459867	0.1693637243929614
0.241522089575195	0.21160712992212427	0.10125100774446837	0.2762271848683734	0.16939258788983874
0.24153393896151687	0.21163235146796983	0.10120376217881732	0.2762345103491264	0.16939543704256935
0.24153755919877218	0.21160840690631322	0.1012101883191769	0.27627561401185563	0.16936823156388184
0.24152482893079996	0.21158608296874373	0.1012646000556781	0.2762490786029505	0.16937540944182747
0.24152254813198465	0.21158781024763032	0.10127004670289086	0.27625406184417256	0.16936553307332136
0.24154535295646978	0.211605182683563	0.1012849339070664	0.2762143293652607	0.16935020108763987
0.24155760118965638	0.21161315494092436	0.10120479885991289	0.2762400514418593	0.1693843935676468
0.24152680878065086	0.21162559666672068	0.10119592624617159	0.2762982274520266	0.16935344085443005
0.24152588061603858	0.21159387287114664	0.10125863421178892	0.2762440414485386	0.16937757085248706
0.24152828969074347	0.21158923296637785	0.1012352459026815	0.27628142320927207	0.16936580823092487
0.24154490571029424	0.21158356692467448	0.10126110253051322	0.2762233527107245	0.16938707212379334
0.24155265109902377	0.2115886124133534	0.10124128068934543	0.2762546085797045	0.16936284721857264
0.2415430033613825	0.21163653474094266	0.10123016143521713	0.2761973061042647	0.16939299435819277
0.24154297290215782	0.21163215122863255	0.10121423218925632	0.2762465846533181	0.16936405902663493
0.24155072053648746	0.21158530083447896	0.10123140617076776	0.27625556311688326	0.1693770093413823
0.24154425419471232	0.2115942796967789	0.1012792537758593	0.2762270092274212	0.16935520310522806
0.24154229743338218	0.2116379967316779	0.10124250252203387	0.2762195964880922	0.1693576068248136
0.24153956456377795	0.21161265128796553	0.10122348064502472	0.27627904142905035	0.16934526207418124
0.24152579507559047	0.21159708539150665	0.10127813131596862	0.2762343107990238	0.16936467741791025
0.24153553098232347	0.211634797007836	0.10120330885747449	0.2762618380467719	0.16936452510559385
0.24154494555415756	0.211609116839388	0.10120617022635132	0.2762842466421902	0.1693555207379126
0.24155107397895603	0.21158600320539173	0.1013017829872104	0.27619625236186884	0.16936488746657272
0.24153135902324038	0.21161778926033312	0.10125443969348431	0.27621852217743137	0.1693778898455106
0.24152739736014944	0.21158928930291904	0.10131601816567154	0.2762065038912526	0.16936079128000708
0.2415458136404301	0.21162831084722467	0.10121986961562839	0.2762573730808985	0.16934863281581805
0.24154898325389013	0.2116343682322135	0.10122993150237032	0.2762201765818898	0.16936654042963606
0.24152735656223434	0.21159736220396244	0.10121383358448284	0.27627889998315963	0.16938254766616048
0.24152618769298467	0.21159809187426154	0.10132606090085577	0.27619904645675686	0.1693506130751409
0.24152279337856278	0.2116158629240795	0.10125900844006157	0.27620955159163246	0.1693927836656635
0.2415231121087561	0.21159612954957865	0.10122049932259408	0.27627874756506815	0.16938151145400276
0.24152886677863472	0.21159009547559343	0.1012316247191704	0.2762735854656856	0.1693758275609156
0.24152290570921395	0.21164045998812792	0.10124991336248104	0.2762213503852673	0.16936537055490958
0.24153365435859378	0.21161319345302548	0.10128128852463261	0.27619390630452917	0.1693779573592187
0.24154137651208746	0.21161799018105867	0.1012741752355237	0.27619992446014685	0.1693665336111831
0.24153631704231293	0.21158413707678278	0.1013181778850791	0.27621850497945555	0.16934286301636942
0.24152645087176183	0.2116266466857721	0.1011965588320541	0.27626492613461845	0.16938541747579325
0.24154521606518514	0.21158607650191194	0.1011975439295715	0.276309499768603	0.16936166373472822
0.24153089108005643	0.21158886614910052	0.10132567700913336	0.2761956364268313	0.16935892933487817
0.2415494275744437	0.21162885620133115	0.1011985415812462	0.2762648313167874	0.16935834332619126
0.24152671035452813	0.21161709897487951	0.10125720608419778	0.27624186525417155	0.16935711933222278
0.24152687341063303	0.2116167105519762	0.10122709187317325	0.27628092959134715	0.1693483945728701
0.24154870821815982	0.2115906740803666	0.10125197896978651	0.27623983532714896	0.16936880340453786
0.24153497855749795	0.21162713835434682	0.10126840253535868	0.27620142222461197	0.16936805832818433
0.2415405768802253	0.2116338729051456	0.10126340519463099	0.27619338883723316	0.16936875618276476
0.24154555315285386	0.211596608832285	0.10124768113202261	0.2762582220110828	0.16935193487175548
0.2415310259827076	0.2115943125237331	0.10122908683770043	0.27627800927655727	0.16936756537930134
0.24153971672673377	0.2116039118308262	0.10125133229253139	0.2762296676113045	0.1693753715386039
0.24154292546904926	0.2115977539686973	0.10122425591594972	0.2762540951765307	0.16938096946977277
0.24152216102092622	0.21163468438380065	0.10120830979120862	0.27628691759527	0.1693479272087942
0.24153273662481467	0.21162006092150598	0.10124337702841246	0.27623289737207507	0.1693709280531916
0.24155880477957467	0.21162495577973553	0.10126402413361653	0.2762049609767786	0.16934725433029446
0.24152791967380127	0.21162697388054505	0.10129195958520892	0.2762002215191834	0.16935292534126112
0.2415448181713993	0.21162416657135968	0.1012319884583861	0.27624744968095605	0.16935157711789856
0.24153490621786658	0.21160128819265905	0.10124529923292386	0.2762540078853367	0.16936449847121351
0.2415494962374812	0.21161150279243968	0.10122135319661468	0.2762346341618829	0.1693830136115813
0.24155724133642859	0.21159017610949762	0.1012286255900356	0.27627034801213235	0.16935360895190554
0.2415466050587214	0.21163011760875744	0.10123849222310564	0.27619993622960454	0.16938484887981076
0.24153248144856942	0.21159875985694857	0.10125365173507969	0.27622532393936583	0.16938978302003624
0.2415248825948056	0.21160247528052023	0.1013071393479995	0.27620203738412413	0.16936346539255034
0.2415572336689063	0.2116301204292362	0.1012380684377304	0.27621005354356415	0.16936452392056264
0.24155451487803525	0.2115872660659684	0.10121584645157879	0.2762574483480013	0.169384924256416
0.24155184275616498	0.21161663215629375	0.10121791887277058	0.2762656656674337	0.16934794054733673
0.24154991636959108	0.21164050724892752	0.10122233037756415	0.27622882360818285	0.16935842239573418
0.24153649395564453	0.2115972522092041	0.1012363139789695	0.2762766525636947	0.16935328729248686
0.24154225527286893	0.21161010040564138	0.10125381821201157	0.27624398303664305	0.16934984307283485
0.24153891021253707	0.2115890285907555	0.10125902472677897	0.27625359528889915	0.16935944118102908
0.24154795580916444	0.21158871812078925	0.10121696720271287	0.27629286195827485	0.1693534969090584
0.24153091813898503	0.21161250404521348	0.10126262977335586	0.2762116252623355	0.1693823227801099
0.24155542497570606	0.21158522354528797	0.10126950932530955	0.2761949454711701	0.1693948966825261
0.24152695102987007	0.2116045637240357	0.10123006766791594	0.2762673593257789	0.16937105825239918
0.2415243969875815	0.21162953118668096	0.10123375396939735	0.2762339630955196	0.16937835476082033
0.24153019423091546	0.21161907846236483	0.10126412755184873	0.27623231155460337	0.16935428820026735
0.24152895985134454	0.21159836383064354	0.101308700958464	0.27620860539700764	0.16935536996254005
0.2415356579836755	0.21159037335697276	0.10121656923479595	0.27630763022723054	0.16934976919732503
0.24153383195605	0.21158902959712192	0.1012020329409332	0.27630273912173803	0.16937236638415662
0.24153786863737742	0.21159002554128417	0.10126248533251375	0.2762541700723534	0.16935545041647102
0.241530076993829	0.21160664148533648	0.10126151080656506	0.276242939458813	0.1693588312554562
0.2415413675175276	0.21158460588979836	0.10121686545333065	0.27630666913673163	0.1693504920026115
0.24155540958226462	0.2116236527223636	0.1012214243885901	0.276243253742832	0.1693562595639494
0.2415441368840427	0.21162656500769725	0.10125295840022339	0.27619965682673053	0.16937668288130592
0.24152589862651833	0.21162071903355056	0.10123873228840005	0.2762375651312405	0.16937708492029033
0.24153994701283757	0.21159589506953425	0.10131205331590777	0.27619882332009693	0.16935328128162322
0.24153301095936786	0.21159651087340645	0.10129303512755336	0.2762094627113108	0.16936798032836126
0.24153391495091947	0.2116319599975539	0.10125037129254884	0.27624018913789766	0.1693435646210799
0.24154490252331484	0.21160709453745755	0.10123512427178655	0.27623702427132424	0.16937585439611663
0.24153349821577874	0.2116262627982113	0.10122266195833991	0.27626640590207424	0.16935117112559553
0.24152956943297899	0.21159065387560014	0.10120684179943543	0.2763047560391992	0.16936817885278604
0.24153338021944837	0.2116253787562826	0.1012123530174272	0.2762360752431419	0.1693928127636997
0.24153056158802283	0.2115943758738953	0.10125590605878651	0.27622538309235106	0.16939377338694406
0.24152999978259843	0.21162154206313893	0.1012057770228759	0.27629993643397405	0.16934274469741245
0.2415470548433462	0.2116307145027731	0.10123057921834736	0.2761979712754225	0.16939368016011058
0.24152639371397389	0.21161919633746756	0.10127909164253064	0.27619767840165427	0.1693776399043734
0.24153977406195068	0.21160922651398043	0.10123775102134569	0.27625210021264046	0.1693611481900825
0.2415449223064314	0.21159055663689796	0.10131263384107474	0.2762050620503251	0.16934682516527055
0.24153722515413217	0.21160263921162364	0.10127221278948698	0.27622733991684234	0.16936058292791462
0.24155411024377055	0.2115873921432504	0.10124342745721315	0.2762707478517351	0.16934432230403051
0.2415531002551726	0.2116002545521119	0.10122693763340872	0.2762338157245489	0.16938589183475763
0.24153497981867905	0.21158657108094667	0.10126478072367648	0.2762367840567354	0.16937688431996215
0.24154889393423956	0.21160189422526154	0.10123674881911052	0.27626011701139297	0.16935234600999513
0.2415468991640824	0.2116009193629026	0.10123765391234908	0.2762682987958454	0.16934622876482025
0.24154284056841313	0.21163051772536387	0.10125733225595426	0.2762262004926772	0.16934310895759128
0.24153015022667518	0.2115966976087684	0.10128316820351986	0.27620721436895046	0.16938276959208587
0.2415344145195566	0.2116188879396645	0.10123430839127003	0.2762237700978189	0.16938861905168978
0.2415257763477008	0.2116049581701293	0.10121338110752837	0.2762643840390647	0.16939150033557654
0.24155706724324763	0.2115893763166769	0.10123097117520266	0.27627016086610856	0.169352424398764
0.24155572055738128	0.21160861985212703	0.10120994548807273	0.27625343619308906	0.16937227790932968
0.24152541951935752	0.2116346757667186	0.10123953781842815	0.27623463008599025	0.1693657368095052
0.24153342317235782	0.21159202904738889	0.10123639169743526	0.2762955373265476	0.16934261875627019
0.24153187960489156	0.21162358951659396	0.10120355844156231	0.27625382308529156	0.16938714935166035
0.2415256293624226	0.2116363690717908	0.10124307563310475	0.2762334747058368	0.16936145122684482
0.241534742436534	0.21160520227882496	0.10119762991177463	0.27628564911683695	0.16937677625602926
0.24155300685402514	0.21159723936401692	0.10130526305442564	0.2761966256210231	0.16934786510650898
0.241527524441291	0.21160921551312958	0.1012478242038569	0.2762619631653609	0.16935347267636136
0.24153607378885572	0.21161453844199923	0.1012373529746972	0.2762479363926029	0.1693640984018447
0.24153837257049865	0.2116065492061937	0.10122160692707916	0.27628265630992077	0.1693508149863075
0.24152929706354886	0.21160031432918355	0.10127182552085529	0.276228454394402	0.16937010869200997
0.2415463824613326	0.21159392608512828	0.10120862788067791	0.2762634450500215	0.16938761852283946
0.24152561495637023	0.2116125333572885	0.10123308287421258	0.27628662882723865	0.1693421399848898
