0.27397222116795095	0.08543966612895106	0.215572454176083	0.15625949791415167	0.26875616061286306
0.27782715078687187	0.07655711090442825	0.31637012662713826	0.16686935973427958	0.16237625194728172
0.23347994303090025	0.07854802956832359	0.3445829971890567	0.12803719659220242	0.2153518336195168
0.25477470433200744	0.08660241769390052	0.29357729917311876	0.13806354963048617	0.22698202917048682
0.1897334395680585	0.09210628877975882	0.3675084878930953	0.15515361698147434	0.19549816677761278
0.34135481495119646	0.06354576249823984	0.24425332205042447	0.14494071335593978	0.20590538714419915
0.3076650236124492	0.09123171565562256	0.2711588935969398	0.14283966937840936	0.1871046977565788
0.21921198179354118	0.060382281600701	0.32571711281128823	0.15915631162289726	0.2355323121715721
0.35704838268848516	0.10006653515267565	0.22276620032723812	0.11197532082390937	0.20814356100769138
0.2993647343038055	0.08711842530488687	0.21891296553860326	0.12265482753027307	0.2719490473224311
0.1973804723169723	0.0786514946873693	0.35038134510475716	0.13172948960612824	0.24185719828477276
0.20989503173982044	0.06526695008540592	0.2952424992827549	0.1491228989185781	0.28047261997344036
0.22984349591633169	0.09189129237035112	0.32174481179646036	0.10824435449300979	0.2482760454238468
0.22596496977564573	0.09595812135316888	0.31475580830207794	0.15842831256732787	0.20489278800177937
0.34999884593691616	0.06627790135988848	0.22094981284145826	0.10921702770643389	0.25355641215530295
0.2514154320928456	0.10168385797185472	0.3325184876484401	0.11827602182979743	0.1961062004570619
0.1884397122855176	0.09901768770096257	0.35097028205015557	0.12144749131480133	0.24012482664856277
0.2273304183426091	0.09021681586358608	0.3313938475641133	0.12438575249020747	0.22667316573948387
0.3881161043944825	0.10179060758629836	0.22347034417663367	0.12127133997919033	0.16535160386339479
0.26594366032157235	0.09586528032437631	0.2199276605753749	0.17679508329597168	0.2414683154827045
0.2449386832583443	0.10066967475290663	0.29943107527557417	0.13415322220255085	0.2208073445106238
0.20014701999773699	0.06031927654061653	0.32471695498551983	0.15724269947048286	0.25757404900564357
0.30155595628308496	0.08386197403199669	0.30618225199119153	0.1140186365554712	0.19438118113825525
0.41714927730002394	0.060793523439817865	0.21478157721169838	0.1428140992440142	0.1644615228044453
0.2682051639313867	0.08791104191724868	0.3118896261208818	0.17081650161452291	0.16117766641595965
0.21312718879081455	0.07528499546662779	0.3554463161768245	0.14142697387876577	0.21471452568696717
0.25337247984915606	0.07738452978721133	0.2753213109871676	0.11330888972950467	0.28061278964696007
0.30016446167869176	0.08569453581625983	0.31068342483304956	0.12326250464743917	0.1801950730245594
0.2574143421283737	0.09457335341037532	0.25810322228169247	0.1563915042913234	0.23351757788823485
0.3198806021005851	0.08260124346047508	0.2788791428898251	0.11246356056574004	0.2061754509833744
0.3262111174447878	0.08286317135402868	0.28771013712882404	0.11224782217100975	0.19096775190134943
0.25490364297964274	0.078836776976067	0.25349822572188047	0.15780895688695978	0.25495239743544973
0.3001902263291767	0.07734133665897833	0.2670636306791731	0.1334743689754231	0.22193043735724854
0.21756386072490871	0.09959367870461873	0.3264835370823923	0.1276302328353005	0.22872869065277954
0.13696872842532823	0.07435969215179852	0.3397034254165561	0.17157314901624776	0.2773950049900692
0.2575015747767474	0.1016598379572611	0.33094010170136096	0.14913735060635724	0.16076113495827307
0.19622867783946868	0.07922786337757007	0.2908990251678391	0.1743174218899143	0.2593270117252076
0.14879808070862427	0.09805981620050883	0.32161733558497574	0.16695500741736036	0.26456976008853067
0.1936858893827416	0.0877918424645104	0.36184336733994626	0.12184539495495361	0.23483350585784793
0.2887319401519671	0.07142912501554716	0.31924564802794125	0.15503117772465755	0.1655621090798866
0.260075334572165	0.060514409672704134	0.2718263813941068	0.16711750488943702	0.24046636947158678
0.21800212337671002	0.09085206892018437	0.29484098070886644	0.15484313912396813	0.24146168787027084
0.29824107008220513	0.10064876830818294	0.27073218839314384	0.1625028842561434	0.16787508896032444
0.24101932913616111	0.07543087597342697	0.3223509116662861	0.10611594838629997	0.2550829348378256
0.2543989506947559	0.08324522541610864	0.3076746571728097	0.11256090638250592	0.24212026033381967
0.29350574121439577	0.06469819729841306	0.2653824946537908	0.17452066885125336	0.20189289798214674
0.27887742998629245	0.0683302998090278	0.3588281112933175	0.11963313318745337	0.17433102572390863
0.1786801422186382	0.06937208555120664	0.3544549508517282	0.13823348856094356	0.2592593328174832
0.2488227716165643	0.07022680754895635	0.3524888474547212	0.10658706211623671	0.22187451126352123
0.2695398823740849	0.08402565646141782	0.21602713114264904	0.16676381534317358	0.26364351467867436
0.2373510022454989	0.07706931837669442	0.297718671779053	0.12048845899896023	0.2673725485997932
0.19040932095791427	0.09534089668571749	0.27780909495927286	0.17092845235911414	0.265512235037981
0.27930101060794055	0.08094756759184452	0.26956438943453737	0.11723501100191584	0.2529520213637615
0.20134213951077673	0.08234485299155656	0.3618661259716329	0.12513602060356166	0.22931086092247194
0.23542421426206417	0.06078800548011798	0.32399462188406675	0.17682686030546613	0.20296629806828473
0.2952528115471898	0.06563469558192306	0.22507533139586566	0.13569294932162662	0.27834421215339455
0.28004788378078316	0.07810969397035367	0.2787955042723463	0.1642133404340207	0.19883357754249592
0.2442217711995522	0.09703679469394275	0.3373811244062476	0.10900267438192142	0.21235763531833576
0.316428843729228	0.10101422481782751	0.2824605111849361	0.13522577071841316	0.16487064954959493
0.18164691071472716	0.08434272762970171	0.27953289900059763	0.17524776006327325	0.2792297025917
0.26044618696154404	0.09872546395848354	0.344049336043848	0.10915244511372181	0.18762656792240234
0.21157786964015374	0.0740283794710106	0.31026849999004463	0.16569882161282687	0.23842642928596391
0.4002824290786945	0.08679281870414131	0.2457577437538871	0.10550258637571305	0.16166442208756365
0.25313364321921483	0.06146937958826171	0.33754468276299543	0.12765726942124742	0.2201950250082803
0.3501550113500988	0.06401243813084367	0.2691832106683062	0.10716211431745845	0.20948722553329252
0.259792592599176	0.06081173242187707	0.2668858620064439	0.16787082638599327	0.24463898658650954
0.15283226043535209	0.09412755353131727	0.3285733003476693	0.16003016689415112	0.26443671879151004
0.30801932555436523	0.08195944363944539	0.23205244069077077	0.15549689029061614	0.2224718998248022
0.3089566948106546	0.09850441867112895	0.2358016528713088	0.14293929783601075	0.21379793581089662
0.18032318865464153	0.06564304736065019	0.3513020470581246	0.13774934473227624	0.26498237219430715
0.2583184044074632	0.07591682369155961	0.3476126994820672	0.14765620335859914	0.17049586906031064
0.3127172348254469	0.06209803701807118	0.2352717160719562	0.15911311908154427	0.23079989300298115
0.17933292285672287	0.06761645031323779	0.3408397431455268	0.13621026212782184	0.2760006215566905
0.2502270763517478	0.08302351268638232	0.3540446035080781	0.13391350642948838	0.1787913010243032
0.3062847284938383	0.09367130056887507	0.22613582302118146	0.11353480736995945	0.2603733405461454
0.28642698406011824	0.06529993666114492	0.25927774703177664	0.11685932843015971	0.2721360038168002
0.25414446099543064	0.08502311225991142	0.27373907431562183	0.1514143205705491	0.23567903185848676
0.29279919403232035	0.09638782024494863	0.2861171383530226	0.16444547278604316	0.16025037458366498
0.34645930190240787	0.10061281754668484	0.24121259001472856	0.1134486640834551	0.19826662645272333
0.241244444698409	0.09204369018971202	0.2785394626199575	0.12266078056153683	0.26551162193038447
0.2948443879369119	0.09069171544727356	0.3031189286193759	0.1432825595191241	0.1680624084773142
0.21707594679166006	0.060438430356404504	0.35881267834951047	0.14411390278352465	0.21955904171890006
0.28150597786173837	0.09999054187760781	0.2678074767274746	0.15438199297092425	0.1963140105622547
0.2591983680818182	0.0854303057611198	0.3018304441984602	0.1301242897827655	0.22341659217583604
0.32031465167151085	0.08058711353213295	0.25345470140639104	0.11772015267582708	0.22792338071413776
0.12159024060811183	0.09673894728281138	0.33136087591097685	0.17120135471532646	0.2791085814827733
0.1502396903280106	0.09585855198718932	0.32429686798758117	0.16419728067356504	0.2654076090236537
0.34759176115688484	0.08152685556559339	0.23791110661018747	0.12539485562847535	0.20757542103885862
0.32921566747134035	0.07934606650170088	0.24343797514676732	0.14776471811681374	0.2002355727633774
0.1604256674922322	0.09753357845994685	0.30116416393259865	0.1765675567475025	0.2643090333677196
0.3533718959617205	0.07151827823910575	0.3056371404091781	0.10771615827548456	0.1617565271145107
0.3063679800949598	0.08017178240302315	0.2752375465493609	0.1527568126645156	0.18546587828814023
0.2963577470422103	0.08643280947952159	0.2576313595198861	0.11977272245770769	0.23980536150067405
0.2034972571770104	0.09310618328518719	0.30490782650735826	0.16650745656729032	0.23198127646315359
0.31480681608519356	0.08587263420372238	0.2543398030155629	0.16580326007602664	0.17917748661949418
0.22714388566668167	0.08741050703512337	0.2941636244238728	0.15350223246604153	0.23777975040828037
0.32431931133493175	0.07928411039797259	0.21324580315958824	0.12783091105340597	0.2553198640541011
0.34085961445230295	0.08237182531744235	0.24029066061689394	0.14070097078796495	0.1957769288253955
0.2948782334577087	0.07448844273591998	0.23292993109617077	0.13111054931364918	0.26659284339655115
0.24313685248942962	0.0975700227674235	0.27822629281316535	0.1639151824699038	0.21715164946007745
0.30684788007500885	0.10071092428680037	0.2466512880011284	0.12748306822624367	0.21830683941081844
0.18307232917292252	0.0728442216749366	0.31959278522361667	0.14705004275367073	0.27744062117485324
0.3539532317519595	0.06598019363356741	0.24353541066952028	0.10684644639852939	0.22968471754642308
0.24732740154031263	0.0708391094856565	0.293866086991178	0.12001447557475706	0.2679529264080956
0.3008058525597827	0.0876861871306393	0.3138035374344764	0.1209640307102329	0.1767403921648684
0.22582456947482898	0.08503255261535966	0.31509376734014904	0.12634625946113537	0.2477028511085267
0.1384937585639136	0.08917374945171033	0.3673207185428841	0.17783968864328892	0.22717208479820286
0.19367496781982693	0.07434904943357362	0.35940467366784457	0.1439033080846841	0.22866800099407059
0.3024087621606051	0.10095138177189349	0.2258109550201277	0.1555712650208734	0.21525763602650003
0.167192640246441	0.1014689544068504	0.3546075701269302	0.16509354596001366	0.2116372892597645
0.2931050779585215	0.08614880340498082	0.23307112609225963	0.11631677333590967	0.27135821920832814
0.2632233910903552	0.059757320558193355	0.25014353822012636	0.15197285439783906	0.2749028957334857
0.2958342879102941	0.1017691769968417	0.24432987574598058	0.12900464462047406	0.22906201472640927
0.2447634171540057	0.08165312011975945	0.3159168082592764	0.1225218515310128	0.23514480293594536
0.24077167311964712	0.06151836319717929	0.29363061586885686	0.13513220766972742	0.26894714014458915
0.17540924997772223	0.08801730068500109	0.33343231270002727	0.16002356879558538	0.24311756784166377
0.3219188502824154	0.05984230241388944	0.23210767422989484	0.12184694748350086	0.26428422559029924
0.2827663582505212	0.06709036513374389	0.3490592072310965	0.12692365781612225	0.17416041156851586
0.2420128182648516	0.10043429737701469	0.3219472720630305	0.12365110193516739	0.21195451035993562
0.32561433237424464	0.08200885546437536	0.26256413495567665	0.16766648203658574	0.16214619516911732
0.31666795074571075	0.06431406193222691	0.2775392003941145	0.13387419025557531	0.2076045966723723
0.3007660398481405	0.07172426296874904	0.2250060943685602	0.13211099018353348	0.27039261263101655
0.3082195161637676	0.07233610611662653	0.27613164463349527	0.15913475743969652	0.18417797564641383
0.23687885290093302	0.06646008458835115	0.296789910986423	0.17404555352968698	0.2258255979946056
0.2860496839282953	0.07661017401699179	0.32446912907176995	0.11561042328990814	0.1972605896930346
0.3550735315762241	0.07232275997645851	0.23535379756311725	0.15023609917725184	0.18701381170694792
0.2509522419596046	0.09112950741692173	0.22872240260628396	0.1535028475819996	0.27569300043518985
0.19350632957439018	0.09026631580178873	0.281570850529393	0.1624510346035055	0.2722054694909224
0.2560710980463453	0.09333329404433173	0.2691675770385527	0.12943003515128518	0.2519979957194848
0.29359844600552126	0.08549851082606823	0.35187689032197594	0.1071667889567358	0.16185936388969852
0.2827142985026297	0.08580361098832286	0.3137711616475684	0.15875710732882756	0.1589538215326512
0.3374128797775259	0.06338511659802248	0.2575204723658008	0.16107967160555003	0.1806018596531005
0.2126539622824234	0.09089287059391549	0.3549879963183039	0.14502637472631183	0.1964387960790451
0.29051982317383207	0.08757731883287959	0.2742590307701799	0.11634951805543173	0.23129430916767643
0.33647514120363786	0.07963065145194184	0.22822621220576236	0.16226598568254028	0.19340200945611735
0.1940788344384084	0.0829422975249116	0.3535296948719149	0.1604499023625428	0.2089992708022221
0.1988291787393251	0.06657466332006434	0.33258402065416687	0.1698611609062216	0.2321509763802219
0.143052000865236	0.0771626408365886	0.34718861536889795	0.1672142831399591	0.2653824597893182
0.2993619057753502	0.06428672019683171	0.24922770818178397	0.1721329006470298	0.21499076519900404
0.291231505032593	0.08024123522419728	0.23978833386192025	0.11293026725476578	0.2758086586265235
0.26753516948253564	0.07452429611630729	0.3499154425569188	0.11608747106123157	0.1919376207830065
0.174327697649083	0.09821197251252871	0.30882820775085223	0.1704129411686813	0.24821918091885453
0.16570385504455046	0.10068643091610573	0.3629345705107878	0.16045920975187633	0.2102159337766795
0.3613139072506098	0.06355856697088588	0.23970213297811277	0.10853887431118996	0.22688651848920122
0.31650100799971226	0.09148186075369359	0.3080537899994773	0.11226431204260598	0.1716990292045106
0.2091720310417531	0.08450412026459383	0.3649093627295325	0.12149160974845463	0.21992287621566572
0.27937518059495625	0.09300189638714873	0.272065438072735	0.13635677779240551	0.21920070715275425
0.26941990711671726	0.08549791655849127	0.2648143799470291	0.14385568494864498	0.23641211142911706
0.24756460077887033	0.06886997950205165	0.27612892905372033	0.1391744696686805	0.26826202099667695
0.23621396324071814	0.0783353720732863	0.3401823347866223	0.1189047164990585	0.2263636134003145
0.3366213826057809	0.09243077371174435	0.2679481594403171	0.13996508793511234	0.16303459630704506
0.23519978056378313	0.09257780856098918	0.26232190177968157	0.1512446735050369	0.258655835590509
0.23769521779100772	0.08775229119483602	0.28275716750026114	0.14601035684364616	0.2457849666702487
0.20388932362148568	0.0854393858766867	0.33955866739852514	0.17250832075255343	0.19860430235074877
0.19712555324988634	0.0891834590468325	0.3507523814603388	0.1768287183279068	0.18610988791503524
0.18597491338351857	0.07044447611859952	0.32718809184253383	0.1444168181477229	0.271975700507625
0.2228432054802944	0.10103882522437699	0.32342789222936247	0.17178226528838808	0.1809078117775778
0.24927819902057086	0.061364956092777145	0.29726454506244276	0.13693575524321513	0.2551565445809938
0.2135770908903647	0.09082383708753854	0.2899048045106121	0.17156539904409354	0.2341288684673909
0.3498167677100099	0.09830531067437487	0.2305714857131937	0.13761999362105248	0.1836864422813688
0.2868274138851382	0.08476992200338263	0.2433001055211417	0.15024345160505784	0.23485910698527934
0.3797583107688036	0.10197340661500877	0.22365665314597122	0.13550262280127903	0.15910900666893707
0.3126689787202778	0.059759708926151595	0.2608784576175758	0.1602346076784235	0.206458247057571
0.20988487029235547	0.08648948911983648	0.34264302518660505	0.10552487690586311	0.2554577384953396
0.27243726379473765	0.08759317431144786	0.33064412878015614	0.1174049010397308	0.19192053207392726
0.18099360639468465	0.07432844880721115	0.3130294437348753	0.16019958008481833	0.27144892097841045
0.3214795462734115	0.0669410264425202	0.24236981446480377	0.11977070253287578	0.2494389102863884
0.24717430649679956	0.07907558085788903	0.2928609115274256	0.11463959167338578	0.26624960944449977
0.3841508026753313	0.09335684416773651	0.21632900159223362	0.11734241786613314	0.18882093369856512
0.17551572635686852	0.09534811695871018	0.3364900397630207	0.16260821906461043	0.2300378978567899
0.2958557950984262	0.09910737338643287	0.2504721703786542	0.14829511614674926	0.2062695449897372
0.23209467810566056	0.08672805284331166	0.2592931880064408	0.15387010578418478	0.26801397526040194
0.31769108297833215	0.08660862178957283	0.32025533994751965	0.11528226397383541	0.16016269131073968
0.2913575474999561	0.07514552967991076	0.25797542512148486	0.14749579906682322	0.22802569863182476
0.25239710447263214	0.0823576196706383	0.2914185212376078	0.1154161634530795	0.258410591166042
0.2855271352810967	0.06347299182700289	0.29445021501241925	0.1579848233248265	0.19856483455465435
0.3115811778951231	0.0772067720486018	0.32833067903088964	0.1071800563248721	0.1757013147005131
0.18605648857327026	0.07427630748264336	0.3646706298391409	0.14041311158564146	0.23458346251930384
0.2245455222752337	0.09208982326827912	0.36290306903166636	0.1081377048680472	0.21232388055677337
0.1509738198977199	0.10195420855922491	0.33718786273449486	0.16915066794550127	0.24073344086305892
0.3410144516698086	0.0714316482708296	0.28158789824401376	0.11392286830653536	0.19204313350881239
0.2703321938037046	0.06508923101485817	0.25165380900894796	0.15968550249178182	0.25323926368070715
0.2653952194127663	0.09807007853418698	0.28408269542202347	0.14231483414476748	0.21013717248625552
0.2788345420304234	0.0868351216087596	0.31045835411247563	0.12205587698486452	0.20181610526347657
0.3550533036916319	0.07021785032271394	0.2495658510789931	0.14391418862321695	0.18124880628344375
0.30067498504505036	0.06487511160250861	0.22565267850403142	0.14733852099450595	0.26145870385390335
0.26760079014732446	0.0977680815260182	0.27384577978266494	0.13732464842997238	0.22346070011401975
0.30016054219574645	0.07210368227017205	0.28392433493249397	0.1433895310271745	0.20042190957441275
0.24886904718183306	0.09862107187443665	0.33088023604938677	0.1288239164617989	0.19280572843254437
0.33651916260754977	0.07394220457191364	0.24925279029731426	0.12093880207026345	0.21934704045295858
0.30804160694344523	0.06186790853927654	0.31778312791124547	0.12828705986244976	0.1840202967435827
0.37827871515681066	0.06272102903806137	0.264824628173961	0.11586106907765316	0.17831455855351347
0.16948466569455542	0.0945145440723309	0.33436525976458065	0.15500863209909815	0.2466268983694347
0.333812031349802	0.08165256660648397	0.3083480402987237	0.1183667607921544	0.1578206009528357
0.1836266051115648	0.0838830780886289	0.3036925339335529	0.16277244925330103	0.26602533361295216
0.21663932485124943	0.06420720774496813	0.29771294755668026	0.1470591135482192	0.27438140629888275
0.31613502131971816	0.06633763422105901	0.30802386873827037	0.12425064183136705	0.1852528338895851
0.2888633924172244	0.07914407557448475	0.2610259434708732	0.17181375617273972	0.1991528323646776
0.12955436562262235	0.08689557827599817	0.36171962158909654	0.1519562064758847	0.26987422803639805
0.24549197859087898	0.06632012987486213	0.2998336976038342	0.1511700202037478	0.2371841737266766
0.2697412272336428	0.06149467630257169	0.3020553303918565	0.13404151264522124	0.2326672534267075
0.21711480693793778	0.08196600318877979	0.2663334443534764	0.15836885102404502	0.2762168944957608
0.3284490031060725	0.08844725591540518	0.23820910360681155	0.12694574984911172	0.2179488875225987
0.2065609105670101	0.06858894834386198	0.32723118214269875	0.164808487856095	0.23281047109033398
0.3390124272970473	0.09454988042203097	0.2706100730866825	0.11522569979360842	0.18060191940063053
0.23820177109515217	0.07100765063504214	0.3325244546566357	0.15207826034598942	0.20618786326718033
0.3175530096860356	0.07348841595007502	0.24886304750615432	0.1069526051947506	0.2531429216629842
0.1838487778759118	0.06606483672942792	0.36156791521010684	0.11827059402054227	0.2702478761640109
0.264663428263839	0.06278499913641572	0.3213874283915209	0.11162673297308745	0.23953741123513667
0.22929750062759308	0.07485963820684477	0.28291164945117975	0.13475879179674072	0.2781724199176414
0.23618387261338725	0.09800677964193596	0.30423530471283167	0.12536793887751524	0.2362061041543296
0.244217326555142	0.07990755856480042	0.31950180927352334	0.14957895694931286	0.20679434865722118
0.2548070659487005	0.07480388963928511	0.334498577283618	0.11434813656667657	0.22154233056171957
0.24603838073817616	0.06975712320872471	0.27759246232890433	0.1606615609256573	0.24595047279853724
0.24782553597486295	0.08457290860033409	0.35853743520738535	0.12958849723869548	0.1794756229787219
0.28913402154439644	0.06970433577162305	0.22650295239289378	0.1545869109800387	0.2600717793110477
0.14634272601883816	0.09415400956552455	0.3547626155128394	0.17440647701282397	0.23033417188997374
0.1738421732390007	0.07378944344261712	0.3332912728279447	0.1617778359737469	0.25729927451669043
0.16213381640927482	0.0869156221477728	0.366287955114186	0.1671282162340772	0.21753439009468895
0.31589702031585787	0.08288866494294174	0.21977313356361244	0.16223681844320725	0.2192043627343804
0.20653243078889935	0.08059285902578536	0.34640872790029065	0.150468714822123	0.2159972674629014
0.24683701287052445	0.0983695658205103	0.3127552047514227	0.14442976058326185	0.19760845597428042
0.34169773542952664	0.061522364142918895	0.2641945359188348	0.13267968372113753	0.19990568078758175
0.23651927965667685	0.0793463113923427	0.3672998732833018	0.11889773477538433	0.19793680089229398
0.28554238668817644	0.07889349932235556	0.25037469744014673	0.12881363097577686	0.2563757855735442
0.3768030043745205	0.08629703544325043	0.24113383189609014	0.10767252945463356	0.188093598831505
0.2910302582815796	0.06845633679956312	0.322028306924716	0.14116754604940052	0.17731755194474053
0.3078659887725138	0.07650681020431634	0.2467852550846839	0.11335789384762196	0.2554840520908637
0.311086303053579	0.09701390480730837	0.2833767591326324	0.11319188826743783	0.19533114473904223
0.266171349601414	0.08231703935406952	0.32970485227908475	0.13924064472633818	0.1825661140390933
0.15544035460147856	0.10003678398023289	0.3385449214397433	0.15671580480215072	0.24926213517639437
0.36886646542037027	0.08892565741259385	0.2116078422350096	0.1175385843234678	0.21306145060855813
0.20139270534108422	0.06804583952194163	0.31619112418492445	0.17134408740144336	0.24302624355060615
0.26333835045173765	0.0683098008235267	0.32074767823184075	0.1294418670115238	0.21816230348137083
0.12736834926840446	0.09384169902248116	0.3340297139127838	0.1722027038564456	0.2725575339398849
0.2741721884354501	0.0627724051297813	0.25986774357340525	0.1515846793759177	0.2516029834854453
0.21304871078143886	0.09968615033215417	0.2594782018927748	0.16165260993560554	0.2661343270580264
0.1349107254268469	0.09407675272948474	0.3510166945601227	0.15155773138257228	0.26843809590097323
0.1879065088125238	0.10056017031738326	0.30030322782976604	0.16274675838165636	0.24848333465867034
0.30666715989367455	0.08764416920621704	0.25510815586731295	0.16238567025310874	0.18819484477968634
0.25457015010619966	0.06537007864777869	0.3238254019710748	0.1773296971894519	0.17890467208549468
0.2285897240517766	0.1009006738741979	0.29381434873034634	0.15258774864078986	0.22410750470288904
0.14140141510871942	0.09838270962380528	0.35511563181868167	0.15519728510594352	0.24990295834284992
0.25832509210770305	0.07926773761538591	0.32054447868019575	0.1566882063739079	0.18517448522280708
0.35760269847559367	0.05962921175776856	0.2129013396060339	0.13580859567175457	0.23405815448884898
0.17193576379515974	0.08394908729930925	0.34339787441216785	0.12795634380709836	0.2727609306862646
0.2734094505271887	0.09166747457920363	0.2362031656054586	0.1665152063488084	0.23220470293934048
0.1883473582933304	0.09130446881222265	0.28637130733884975	0.16862517207879316	0.2653516934768038
0.37632743856283873	0.06968440494413328	0.22465811088237783	0.13279291077559224	0.19653713483505758
0.3901386620004511	0.08104240382363978	0.2131251575166189	0.10862374319492446	0.20707003346436545
0.23916910289075766	0.07922067847654068	0.2428661797231274	0.1777006588805391	0.2610433800290349
0.335287150120278	0.0991814558788125	0.260015640192203	0.11585650754014382	0.1896592462685624
0.19694269721197585	0.07772935751095987	0.35342829995413083	0.12412598188961846	0.2477736634333148
0.20252360822965326	0.08283180372734057	0.2749302995188381	0.17085915820544384	0.268855130318724
0.2263196359506823	0.07360211101668315	0.29669649894486627	0.1428667633459027	0.26051499074186535
0.24798740212375095	0.06002096749480454	0.2567760696568527	0.15842560103243955	0.27678995969215203
0.3521162811803489	0.0853689578236418	0.2622841428525263	0.13721661650601683	0.16301400163746582
0.3540956343839966	0.09317158355211126	0.21250309622337304	0.13744731108521474	0.20278237475530406
0.23731170434224047	0.07130925834735258	0.285634209275775	0.14755542185673623	0.25818940617789554
0.29718209149508484	0.05973366295466928	0.2908861747710014	0.1710242631141579	0.18117380766508626
0.3144865859461713	0.08511301063273331	0.27440035442317334	0.14179622136967854	0.18420382762824317
0.28352414718850427	0.06031982141619871	0.29893639252243553	0.10738592479346011	0.24983371407940108
0.3173359211091482	0.09727866130023392	0.22125422222932783	0.16472114835361112	0.19941004700767861
0.31100863440230486	0.09855748190315283	0.234863200559768	0.1491659841979101	0.2064046989368639
0.26669748445551755	0.06628472908026256	0.26956502447287123	0.14566455837587822	0.2517882036154702
0.2903649357109121	0.09939188383025398	0.22932870006814737	0.14772101973132615	0.2331934606593601
0.3327087749089809	0.08471843105965317	0.2434440096920029	0.11991207644268645	0.21921670789667627
0.35954249695885643	0.08155464384664077	0.2665851426476926	0.1137041363850379	0.17861358016177195
0.22138629971070797	0.09611810579071599	0.30361299950282644	0.1224469653621571	0.25643562963359223
0.3050941660013186	0.09496844378400601	0.2833193478925615	0.13326183888121523	0.1833562034408983
0.2653430006725801	0.06103980227404182	0.2728598454815255	0.1705553308005377	0.23020202077131463
0.22285524463256973	0.09114157108516438	0.34206598646251013	0.14177171778559464	0.20216548003416088
0.29181220152112425	0.0956864169460772	0.2733358744825869	0.17811212541996865	0.16105338163024271
0.33596142493231734	0.07006403311029188	0.2663363258968944	0.10704277280190491	0.22059544325859118
0.2700261243528679	0.06473388168976729	0.21974264717813527	0.17756021359983598	0.26793713317939327
0.2710459862937673	0.083654446798321	0.2721480080620562	0.13095379644873045	0.2421977623971248
0.21648602034298634	0.08853517640216885	0.33974195560069903	0.11549918591624057	0.23973766173790498
0.19007697142107313	0.08965824320835428	0.3614128648405388	0.1740442518143081	0.18480766871572543
0.16339334027335578	0.07582094940598764	0.3487104496112917	0.14354329521847037	0.26853196549089425
0.3577946865360481	0.060261648715568245	0.28635746705562065	0.13169020806844034	0.16389598962432228
0.2998919110981773	0.09922240487132325	0.2504735572214484	0.1397256891138552	0.21068643769519557
0.2895731733360613	0.08044597922358562	0.282712293822396	0.14793749969956616	0.19933105391839062
0.27178620312480367	0.09302526387641608	0.29513470732876124	0.1243897510026234	0.21566407466739532
0.1655321598203017	0.09509622006953701	0.313383746193307	0.1622016759414141	0.26378619797543995
0.2627214161578828	0.08397206152035026	0.31823354793349434	0.12535803188181724	0.2097149425064551
0.2908170289309973	0.09466038662820735	0.21888263011659567	0.1717600869352006	0.22387986738899884
0.2816524284297569	0.09184920869148824	0.2351591714594808	0.16117080465777245	0.2301683867615013
0.19182382700860973	0.09670381707935742	0.28849410775554146	0.1573579123351651	0.26562033582132605
0.27911281387669246	0.10159468906904011	0.3020258108008733	0.1405710974612056	0.17669558879218822
0.21836396739974603	0.09354617135580105	0.36348726997578873	0.12052669646120662	0.2040758948074573
0.2761842898364019	0.06740313749630106	0.2918056671196504	0.12369399842822486	0.24091290711942145
0.32856105257235907	0.09725245581339702	0.2601676826710439	0.10964923407392864	0.20436957486927107
0.31449237405051006	0.08976186514900972	0.22784022026629952	0.16570263345687258	0.2022029070773078
0.22454806824835757	0.08770739392553728	0.36636415879896783	0.10975067807585426	0.2116297009512828
0.27244357321512525	0.0662495670200651	0.3276390448534677	0.14578299460415173	0.18788482030718998
0.3549913916480036	0.07566817554625808	0.2339120600127593	0.12399532364190592	0.21143304915107275
0.3468319213537441	0.0668838671624381	0.30609681814271633	0.11090733050390678	0.16928006283719443
0.29624888929543236	0.07959327202489522	0.2467612879206953	0.12779038600485643	0.2496061647541204
0.24821070356464534	0.08477817360743749	0.29953744379765845	0.14531547666457137	0.22215820236568715
0.25322451361539766	0.09668058943040903	0.2511052595292138	0.16958044610030482	0.2294091913246744
0.26784186910098823	0.10019914888401153	0.2527726300136323	0.1552167741303062	0.22396957787106148
0.3177717459749029	0.07749722286069997	0.3076654742797833	0.1288192433904689	0.16824631349414462
0.26310233496673346	0.08041702378082922	0.31374089080414963	0.14297570077418081	0.1997640496741066
0.34689036552686314	0.07605877648239198	0.23740136508412713	0.11150881606021519	0.2281406768464023
0.20886507477218574	0.07463867009817826	0.35304396775803587	0.14094421846595984	0.22250806890564007
0.21159672175042127	0.06210649247601119	0.35595853872315397	0.13562561317616983	0.23471263387424357
0.2912218124889814	0.07516117587628877	0.2906317034491382	0.1724405471444171	0.1705447610411743
0.25375227391605626	0.09485301575705517	0.29685809014140335	0.14584156991955524	0.20869505026592972
0.26505800941752905	0.07103199133032273	0.29190482402775597	0.10739455695139127	0.2646106182730007
0.22159868008254857	0.08117350472298654	0.2870077223534904	0.14068693490057285	0.2695331579404014
0.2948752794284254	0.06654142311411185	0.2548706163479181	0.11451537007509056	0.2691973110344538
0.24663882941277704	0.06290644835643089	0.3183095967360676	0.14958541281236243	0.2225597126823618
0.2867499757828009	0.08751160622225905	0.3017162725898138	0.10653098925779092	0.217491156147335
0.36000028218807356	0.08695540338673513	0.25366959731444266	0.12290675452278388	0.17646796258796443
0.41699651342693844	0.075370930796266	0.22542601552314295	0.12123210156913747	0.16097443868451472
0.3159763886345553	0.07790429540617469	0.27636959877106604	0.12954123275891505	0.2002084844292886
0.25207414039247483	0.08904861068737342	0.35136030973017923	0.11736781782013309	0.1901491213698392
0.21144432019287526	0.06672146516358671	0.3124632243564845	0.17732584866136347	0.23204514162568982
0.34069951357921	0.08797923108583582	0.2370734236078434	0.13920987175050578	0.19503795997660472
0.26938362919282594	0.09133063803629818	0.30223170047678144	0.1481871486040944	0.18886688368999976
0.21961897668679115	0.09384909275108286	0.3323636450841642	0.14782015666950912	0.20634812880845246
0.1771956894327136	0.08278305842200617	0.32669639769092096	0.1336105368766045	0.27971431757775456
0.22655591324815727	0.08164809849396788	0.313459075221132	0.147781299772473	0.23055561326426963
0.2848097259990531	0.09473966668978578	0.23939447631850078	0.14575983626625827	0.23529629472640182
0.22880331761982156	0.06532662052454347	0.32146572319307126	0.16421071118737676	0.22019362747518673
0.22796694102746143	0.10014717448445468	0.2904934615382088	0.16978928115539496	0.21160314179447987
0.2710303436124994	0.0776534192481693	0.3050294875893427	0.1228619874706227	0.22342476207936562
0.3167804044955311	0.08142318629914341	0.27003657399752534	0.12224235394877253	0.20951748125902736
0.29829729526722765	0.08365273860135566	0.33768425956652104	0.10973882944284324	0.17062687712205213
0.2414633115417299	0.09135610121105024	0.32109114752613244	0.111767148605534	0.2343222911155532
0.27088961205930284	0.07522116685831166	0.21613763855174156	0.16053779587510153	0.27721378665554214
0.21019551619968205	0.07380394480366248	0.35203558891035414	0.114035829954174	0.24992912013212712
0.30586141378749826	0.07231825046730941	0.25247419228630946	0.15684664369219448	0.2124994997666881
0.17003789770872976	0.06817762787112103	0.36421116909634776	0.13644594151557093	0.26112736380823026
0.27388133673220616	0.06795882099627945	0.2720044247356927	0.14093907051055987	0.24521634702526157
0.1889315657870289	0.066601834573118	0.35551858735703135	0.17775761175355426	0.21119040052926724
0.20042265382369576	0.0794801499022681	0.36605745423328	0.10916403150880521	0.2448757105319507
0.22220804305167208	0.07148520444583112	0.32731542524961355	0.12904553883331069	0.24994578841957238
0.21298055913536346	0.094203792987272	0.2664015168144696	0.17789907013435116	0.24851506092854353
0.38228151192256954	0.08170267388777516	0.2361648690267628	0.10935196939637487	0.19049897576651725
0.2548417825948904	0.06872817599138178	0.27152659066412443	0.1471772337140757	0.25772621703552745
0.2848839181018241	0.08840499828473741	0.26295941968585224	0.15072762398310965	0.21302403994447633
0.1553111343882132	0.09490542704346748	0.35815486134525093	0.17734291855108703	0.21428565867198116
0.1662142442706464	0.08554738596000167	0.3637819686009393	0.13054994664274835	0.25390645452566407
0.17059876070737726	0.08920882974225053	0.35754123866851484	0.15207431728298815	0.23057685359886904
0.2871460298634268	0.08390298470020711	0.2923074679265664	0.14680672917876925	0.18983678833103013
0.2724173611061714	0.08962364616986919	0.3192990111492642	0.15779004453168483	0.16086993704301017
0.3663904225743031	0.0607169413138334	0.2616931492671803	0.14816467201670525	0.16303481482797766
0.3494227293967587	0.08487140080987285	0.21229029795216472	0.17189028088920733	0.18152529095199604
0.29008249648922063	0.09654918833727044	0.29400644042267843	0.11353446286709862	0.20582741188373158
0.25772621204943835	0.09958623874404074	0.28722631384650493	0.17328632030236715	0.18217491505764857
0.19096835700967035	0.09120642552173448	0.34236835969418355	0.15696078085698273	0.2184960769174287
0.35631274061175966	0.06840372463465949	0.21242265030085536	0.11193048899585191	0.25093039545687323
0.29437433229894117	0.10115201417834836	0.2765144495616273	0.14947463025775135	0.17848457370333157
0.25449564028164734	0.06190597530846206	0.3443753575205416	0.15230320893214205	0.18691981795720664
0.2892717336458122	0.0913938631022279	0.2276976922062266	0.137528430794399	0.25410828025133403
0.23884316464290556	0.07713146001573	0.3663523396564473	0.1566180814561069	0.16105495422880994
0.3337315621382116	0.08475741849499448	0.21688093599616745	0.135195902338678	0.2294341810319482
0.38696888916537836	0.07159866980879342	0.24012129432454915	0.13390019344947823	0.16741095325180044
0.35179941264030595	0.07325611291564793	0.23082980257273947	0.11272604819692165	0.2313886236743847
0.14548874635580294	0.08384735096899738	0.35959774797995914	0.1523979668977935	0.2586681877974468
0.24965244028835226	0.07622016348122376	0.28140159589243186	0.15945526308955815	0.23327053724843372
0.22313871839998287	0.06186172433116671	0.35972287662546293	0.1769683403726847	0.17830834027070253
0.10239362495193124	0.08705244041712777	0.35227560056060214	0.17774975091690498	0.28052858315343365
0.18809858057481227	0.07335900906778683	0.3106163860855683	0.15345828374280493	0.27446774052902745
0.2848053207154897	0.09023372075659301	0.27573969284671823	0.16012228450363378	0.18909898117756507
0.3510077084903388	0.07844838649771485	0.26666485357214953	0.13453839254476674	0.16934065889502978
0.3448349505010766	0.06805694260968137	0.24026638400679484	0.1498768507798048	0.1969648721026421
0.28802588046015565	0.09231524191693824	0.3069273064143763	0.12862687624853691	0.18410469495999263
0.20561203764928013	0.07697260052985312	0.3213476829149126	0.169454340080057	0.2266133388258969
0.31030046015616686	0.07384512280207056	0.28431669941556004	0.1116224386691248	0.2199152789570774
0.323476648026402	0.08640523749671226	0.22517029945821013	0.1260188434769248	0.23892897154175044
0.2936776630321852	0.10181303515828555	0.29190843364026925	0.1104332829229617	0.20216758524629805
0.3073060984588119	0.0924415995350389	0.24907387380768398	0.10669711378867335	0.2444813144097916
0.2606077530196158	0.06846725684948601	0.23827847769154473	0.15646700972925226	0.27617950271010094
0.1552002207933907	0.09018094097287858	0.3464450944268371	0.15210111333671522	0.2560726304701783
0.35198456900515074	0.07157310394451455	0.22868951392339917	0.10759018559324497	0.24016262753369028
0.327067865335707	0.06081525239918728	0.23590117041438483	0.12618645864004518	0.2500292532106754
0.19222241867602452	0.08522994530556964	0.33837186380630435	0.16408483580703992	0.2200909364050613
0.26607757536188686	0.06084636367159235	0.34091868697583905	0.11115601500364965	0.22100135898703185
0.28122417248551324	0.07586857456061319	0.35639087167905126	0.12386715166361865	0.16264922961120343
0.2690453952286793	0.08033994465190841	0.3480195519194189	0.11440453274202764	0.1881905754579655
0.22145155846375494	0.10071821029956998	0.24918985990572934	0.17481570676898694	0.25382466456195857
0.24924335577756312	0.06087100924748323	0.30721869331356977	0.10970829870493662	0.27295864295644695
0.3458670428832546	0.09970407629196681	0.2133713021266069	0.17159818333837693	0.16945939535979446
0.3369355647835227	0.06327623352522599	0.31319565587924514	0.11905514125215876	0.16753740455984706
0.21513089741585642	0.07410085281062434	0.3260677868958456	0.14833666843067458	0.2363637944469988
0.17661398974221543	0.08676207228775938	0.3527861055112782	0.15774211454119838	0.22609571791754837
0.34488690698327373	0.06270990409311844	0.23035995025300815	0.10711709117831461	0.2549261474922847
0.2438844804135118	0.07028425390100831	0.25971983811241267	0.1451452095501264	0.28096621802294053
0.29557407152036663	0.07990824344325606	0.2780805843489425	0.11059704355116873	0.23584005713626577
0.22479544434638618	0.060938576219702306	0.3350970368086459	0.11613533744959809	0.26303360517566726
0.1593347983933185	0.08608063216780007	0.3536949991706768	0.1399347991236483	0.2609547711445562
0.27418357565347634	0.09851662038240432	0.25834873943034614	0.129948044921461	0.23900301961231196
0.16085739019600423	0.0825156275690095	0.3268397605665143	0.15820375510291945	0.2715834665655523
0.19295955191092767	0.09682968454794726	0.343260538226282	0.12452055484900366	0.2424296704658392
0.24827400854522508	0.08252282797896415	0.2297748546193825	0.1781764461427966	0.26125186271363143
0.2802833456254506	0.06326259047994193	0.3228244902731602	0.12337083796820744	0.21025873565323955
0.159016384963584	0.07621211725468006	0.3474862908137894	0.15613122026409226	0.26115398670385404
0.21264431964483807	0.06515059419617028	0.3636875868641689	0.16489352492009562	0.19362397437472684
0.3065291534186858	0.07254458845280809	0.2616132309418652	0.16900187221434976	0.19031115497229084
0.22061453809276527	0.07604539784204008	0.2874411327510571	0.16937096432636217	0.24652796698777513
0.19051324716165607	0.07565199852324547	0.32435663721962527	0.14154067767507528	0.2679374394203977
0.32229751607991486	0.07781937717149355	0.2798196331825664	0.14244056589938822	0.1776229076666367
0.2206099271688272	0.08652969936389864	0.2867641757458144	0.17034829137296909	0.23574790634849038
0.24015632133320414	0.0720756317727412	0.25836516008819543	0.16936404538485958	0.2600388414209994
0.255748703590048	0.06338783134188744	0.3479946452053372	0.12274675971993244	0.2101220601427947
0.33199283983203964	0.09441156940335005	0.26091031400853043	0.13691667375727778	0.17576860299880182
0.31524348571584615	0.06730034290486825	0.3327738460979692	0.12224714852179783	0.16243517675951827
0.31323704776395545	0.07230114288180925	0.26029378731868064	0.15546277275356013	0.19870524928199426
0.1368399890540188	0.09008505484927813	0.3481710110551085	0.14643977449419757	0.2784641705473968
0.2738899956004353	0.09917974828528792	0.31118426994185333	0.1465365637059517	0.16920942246647153
0.27440580972289774	0.09624296935821859	0.28948276067149525	0.11770728185338185	0.2221611783940063
0.20702365227908603	0.07108593032528104	0.3284366337163711	0.13640948906893668	0.25704429461032485
0.32834657570482867	0.09800513888047055	0.22076445546930878	0.16164304847230504	0.19124078147308665
0.1860275388939891	0.09188264748805214	0.35823802908184527	0.11900446048244744	0.2448473240536658
0.18198258398791897	0.0999069354642159	0.3566800455889144	0.140565676804117	0.22086475815483347
0.2647118218140929	0.08805304412260673	0.3200099076127927	0.1663473090018812	0.16087791744862628
0.12522328298647148	0.06651802766285445	0.3637226915918961	0.17584270889048528	0.2686932888682925
0.2234912079776418	0.09997786821921162	0.3172600884839093	0.12714101385066245	0.23212982146857458
0.13638461667444202	0.0955684115304658	0.3412656657805372	0.16490354866089302	0.2618777573536618
0.2781077655188315	0.08657815437992676	0.26551961100353755	0.13630487506877526	0.2334895940289287
0.22691517139590595	0.06012059995708352	0.3110077810797901	0.12816506210217454	0.2737913854650456
0.21647959828786528	0.07419485778134813	0.34005953531869026	0.14545159528315832	0.22381441332893778
0.1901013697642611	0.07607827585930726	0.3564217368170939	0.16374141046924942	0.2136572070900881
0.31807846462049594	0.06498026057595652	0.2626663866174309	0.148120485231518	0.20615440295459836
0.25393793044643675	0.097292588034086	0.31557854254487344	0.1348349231196272	0.19835601585497634
0.2616356693601818	0.08202697410940264	0.25209137637129436	0.13168473855373372	0.2725612416053872
0.3132496713963933	0.07799661155744785	0.24753468788548147	0.1697002470932971	0.19151878206738002
0.25062924507254436	0.10012359564841532	0.34429137465947623	0.12839726678021135	0.17655851783935247
0.33434363146019325	0.07222960501138276	0.21453983349201114	0.13127979529552292	0.2476071347408896
0.24299073567872465	0.07128624869762995	0.31480750039972527	0.1236935866067924	0.2472219286171275
0.2057055909053997	0.07245486989632885	0.34043311310117386	0.15870475256080796	0.22270167353628936
0.399371962968762	0.08961757945149258	0.21418481209721354	0.1235947411626272	0.17323090431990434
0.3329694212002655	0.07521216943839198	0.2706129040000782	0.1441524586187769	0.1770530467424871
0.29933464110285357	0.08732592764858488	0.22124257168672581	0.17244439541774859	0.2196524641440869
0.2651255174908519	0.0884935305417098	0.2729856888505103	0.10852364520200367	0.2648716179149241
0.3561138836133334	0.07608648686173719	0.21362236228065337	0.12409887835353077	0.230078388890745
0.2328303789518015	0.08211875694613328	0.35440246373471895	0.16832624230720594	0.16232215806014008
0.300792878893599	0.07477979700498863	0.2896151742276864	0.14812817958032892	0.18668397029339676
0.26120582350359495	0.07715563537041936	0.2377774729782167	0.16320434074365864	0.2606567274041101
0.26039696645944305	0.08636253992844238	0.3259472438886669	0.1682595872958566	0.1590336624275908
0.3083596178965793	0.09371833927871595	0.22847087822489626	0.10826201245163847	0.26118915214816973
0.2900144646847681	0.06636053325050922	0.2501946851788636	0.15493612054121564	0.2384941963446431
0.25418538370874516	0.0686907643720383	0.24525324686181754	0.17137048736147217	0.26050011769592657
0.24933528231907653	0.09621345056337312	0.24674702143175486	0.17196375071585718	0.23574049496993804
0.21189442487550905	0.07268083038160172	0.351449881249353	0.13739259798305528	0.22658226551048075
0.20732763814494773	0.09472116361597588	0.2586588419109126	0.16981902665300458	0.269473329675159
0.1911712707774007	0.10025911387706897	0.36176442642377293	0.1601448666973299	0.18666032222442724
0.2859756797922918	0.07119143824087007	0.25599733039712796	0.12073793542826743	0.26609761614144245
0.37548250030310076	0.07321909541316737	0.25188565066456914	0.12794552920793487	0.17146722441122753
0.2323857182420455	0.08608324712540229	0.3336385665704345	0.13893452098327308	0.20895794707884435
0.2402057400899259	0.07563160755943724	0.2926256190537709	0.12541787328734288	0.26611916000952285
0.19618553469424665	0.09556653499648823	0.3525164948494116	0.16933269010202312	0.18639874535783016
0.2493167394663828	0.07913770952221132	0.2601861825149786	0.15189138216821266	0.25946798632821444
0.29855568937987575	0.093775132331643	0.2711940194594582	0.17716620222099905	0.15930895660802366
0.20018963303431514	0.07565030884241111	0.34068702141721996	0.1732476091026858	0.2102254276033678
0.2401869721088961	0.07453349808473764	0.3585858550272951	0.1633460302845151	0.16334764449455574
0.20776207323975043	0.09596886883217798	0.3230558383536476	0.1294106142737718	0.243802605300652
0.26044347251240374	0.06307848268994701	0.2789425604857457	0.14362899476713958	0.25390648954476364
0.3305829689013889	0.07403160277929519	0.2624783667215081	0.12225387649058063	0.21065318510722694
0.2752039995128366	0.06942035513955766	0.30376148598780167	0.15398794902833357	0.19762621033147024
0.29335157193829675	0.067735044118344	0.21919559507770442	0.14385000625370128	0.2758677826119532
0.24971112743460241	0.06831088032948185	0.3007216873542827	0.11405675107755545	0.26719955380407734
0.3266368556519862	0.07582867121918221	0.21333339646771088	0.16865452801859168	0.21554654864252873
0.17062410561654356	0.06956138736466241	0.3676489838218441	0.11203376897942753	0.2801317542175221
0.3442571180971582	0.07044502229130722	0.2310243233205061	0.11503276433506596	0.23924077195596224
0.26396652983802865	0.06712418841805043	0.2551104201772847	0.14207807707563314	0.27172078449100284
0.2683845594015437	0.06276789619298798	0.33257135021133555	0.17535783185958442	0.16091836233454815
0.3326903886763576	0.06296787078258789	0.23038873398302304	0.12549600540933603	0.24845700114869518
0.256131929527907	0.06980087002890517	0.3413688832592472	0.11729222396533423	0.21540609321860626
0.19833959476283616	0.07156587092450134	0.296830771827066	0.15765647651876272	0.27560728596683354
0.22127767637030085	0.0828869416988618	0.3631513116728753	0.1460674857356128	0.18661658452234905
0.2416901671039104	0.06945746469997618	0.3129501542350652	0.14289585058537313	0.23300636337567482
0.2770805311713208	0.07977020357802807	0.24414399624203664	0.14945832427212447	0.24954694473648975
0.28495076361502925	0.09776377925355709	0.28832625386841815	0.1590753835948236	0.16988381966817165
0.29833409085691664	0.10078764190503464	0.2695794696903919	0.1668631163151878	0.1644356812324688
0.2802999711737384	0.08369241139243501	0.27799674397032065	0.1540176344487456	0.2039932390147601
0.30023862246409283	0.0670923932938669	0.2959973424729164	0.15668499590230958	0.17998664586681404
0.15446368100862146	0.08703801502669976	0.36049793155204957	0.13080699279096103	0.267193379621668
0.2273743062999189	0.09981145814207282	0.2973574375823173	0.16967440281926172	0.20578239515642904
0.2942850006687905	0.10187343489475208	0.23168014942042975	0.11871139325943923	0.25345002175658815
0.3692748122527985	0.08616765920823448	0.22342298851253684	0.10606265381875311	0.21507188620767673
0.2849649210875587	0.09728859824567446	0.28138541625266456	0.12258361940436399	0.21377744500973797
0.22100068327383549	0.08633971307711283	0.34390949309886	0.16563957677673474	0.1831105337734568
0.3509721508288992	0.08850236824553495	0.22356374657965383	0.15431463488443808	0.18264709946147364
0.17814025332605563	0.09625801347088755	0.3549841404036889	0.17323849865185625	0.19737909414751145
0.352410320039108	0.06695103304923458	0.2370120471279209	0.17174170065132327	0.17188489913241295
0.2544749356454291	0.07342222937293744	0.33184558294400296	0.16854549161112134	0.17171176042650893
0.33947949757037843	0.07111742349595898	0.21207305284192812	0.17105886733012451	0.20627115876160962
0.3312599606861676	0.08761970123216052	0.23468999272023555	0.15111342223662622	0.19531692312480986
0.2626968668976855	0.07460916792788805	0.3053071007780308	0.12447557355575554	0.23291129084063988
0.20140219276562715	0.0673585567869803	0.3469813871589099	0.1421319629770167	0.24212590031146577
0.19477619671112467	0.0748581276534111	0.3108399528839297	0.1472827611467708	0.2722429616047635
0.18021382103237668	0.06266092921459934	0.3210419334603831	0.1599312351471018	0.27615208114553885
0.24890903777096263	0.06676192558173122	0.29968647462121156	0.12303850680185513	0.26160405522423924
0.22213773367510314	0.06413158537718613	0.3155098948592125	0.15977264941833885	0.23844813667015913
0.2685676666854616	0.06804778367343334	0.2171138120950688	0.17220673096528907	0.27406400658074687
0.3910161423107238	0.08108455391378477	0.23952843441291527	0.12648457066182886	0.16188629870074694
0.35053095770573756	0.09397747383400752	0.2487154925838676	0.13869719013295057	0.1680788857434364
0.29049444522243534	0.08953374082554934	0.23127035902974163	0.15119722007799613	0.23750423484427727
0.3320914071192713	0.07469099836816576	0.22608132736195782	0.1642695343707905	0.20286673277981424
0.2189145323828574	0.09110757929367286	0.30561556745849006	0.15617559983286414	0.2281867210321153
0.2569285108752586	0.08919324088286538	0.254663113434467	0.11973081547858158	0.27948431932882717
0.21664426583267107	0.08902919769061092	0.3238828893978623	0.1429610904956961	0.2274825565831593
0.3823226957923047	0.07390012779838145	0.22706383849559897	0.14445609564207287	0.17225724227164171
0.39312742962314307	0.06943370636663249	0.21457466375115036	0.1272670148883478	0.1955971853707259
0.30706771336306854	0.09845970897200863	0.24574708264632836	0.17034672899485048	0.1783787660237437
0.30941172675984663	0.09021644232733503	0.24170585146459136	0.11291284947148604	0.2457531299767406
0.24381411425917862	0.06355950052083845	0.28040653795854253	0.13784399484598747	0.27437585241545265
0.23618181563823024	0.08946322696127723	0.34931128890127855	0.12468919536389277	0.200354473135321
0.2531296045073962	0.0889899742417872	0.29854925410661026	0.1688709688335847	0.19046019831062136
0.22559811955078923	0.08187076258256977	0.2914506365637716	0.14986299010200943	0.2512174912008597
0.18293037902103856	0.09873241824322593	0.34110721655182374	0.1394727883901703	0.23775719779374122
0.31018473076613134	0.08868339854586071	0.24989200064400557	0.10887374039413455	0.2423661296498675
0.2428699071845163	0.07056976832249173	0.32753697294935735	0.15859299795209394	0.20043035359154043
0.23450258105199878	0.07967103048725678	0.35519672428153	0.11462893770328848	0.21600072647592572
0.3600962484805489	0.06738976900849256	0.23353138720156466	0.11268002910077887	0.22630256620861472
0.3403244477180598	0.07825380925647814	0.253679290228078	0.10567237320333601	0.22207007959404776
0.3341437650814042	0.06794439056913115	0.2862669192860985	0.11145529910014468	0.20018962596322118
0.265835092284384	0.06974014821591132	0.34759148675268436	0.1372774630595644	0.17955580968745566
0.31903801952440863	0.06100286111051356	0.32371922502680794	0.11035956858707169	0.1858803257511979
0.3032341222278367	0.06721676532634324	0.27969308512366936	0.11592395873299834	0.23393206858915205
0.19856494607286543	0.07786951782051252	0.29674413941996136	0.16887718573557317	0.2579442109510874
0.23083665817755106	0.07075319179295653	0.32568027923127674	0.17195945202376117	0.2007704187744543
0.28762838816107084	0.08166153829027135	0.2902107108595082	0.12296935634361401	0.2175300063455353
0.2392888400926168	0.07843743821052934	0.2818866553148154	0.1348618298027307	0.26552523657930754
0.26670638619225184	0.08693568155806945	0.2610906181383522	0.15366047248228296	0.2316068416290433
0.3250794762489756	0.0814538020760639	0.2963900260119813	0.11718368698153322	0.17989300868144578
0.31174812040172806	0.0884449905507964	0.28566549039233846	0.11459466696818947	0.1995467316869473
0.18728930776411348	0.07142928691570541	0.3158844645102987	0.17501440187824346	0.25038253893163875
0.2315130438049855	0.07025390333709242	0.3572283242641474	0.12547250220989842	0.21553222638387598
0.37271328743661136	0.06762373045100292	0.24603589950018678	0.12945464247049063	0.18417244014170792
0.3110524918313124	0.07978696496246797	0.24053985747883289	0.10564425839116708	0.2629764273362194
0.33004128725635956	0.07628026820898777	0.2171409957679114	0.17060844964146046	0.20592899912528048
0.3806901303552479	0.06561491730899341	0.2218911963379543	0.1669767876783495	0.16482696831945454
0.23646604219535042	0.0912478339583533	0.25457958042952816	0.1493578093858817	0.26834873403088616
0.16013170683719005	0.0725047642030612	0.3487197116563363	0.14719783062600306	0.27144598667740916
0.3449115150493117	0.06670166237496386	0.2539068047576078	0.13610974354880098	0.1983702742693153
0.23400976064900517	0.08173282948521869	0.29667392534090203	0.12975082059317417	0.2578326639316997
0.31199119803237035	0.08859823412929518	0.2412839561585108	0.17003960086407482	0.18808701081574852
0.34634295410478083	0.0651565308685019	0.25395065901325176	0.1301395225051737	0.20441033350829152
0.210208177997259	0.1015928059743368	0.3049106887200537	0.1460789623946209	0.23720936491372938
0.18443213711748205	0.10124134162097963	0.2954520326711122	0.17044365947990966	0.24843082911051623
0.20541775807515797	0.08799993662185543	0.3581770588724616	0.15844804926284092	0.18995719716768386
0.30900283043701926	0.07160803342468439	0.2918658676789525	0.1313548621314412	0.19616840632790233
0.33371699807206334	0.07048031981138941	0.2642555578445512	0.14047052397797763	0.19107660029401816
0.3141568512113109	0.05995879227485729	0.22092915240537944	0.14900849504895725	0.2559467090594948
0.32033227559974764	0.08043111277470039	0.28253235385284325	0.1420227891400843	0.17468146863262413
0.2873715370093794	0.06436203592574369	0.342281138276318	0.14764994494642417	0.15833534384213444
0.18979186268535697	0.06271959507003169	0.319260659207758	0.15545592948854817	0.27277195354830497
0.221927996960983	0.06475389382905977	0.30462672625945264	0.13571969675061205	0.2729716861998923
0.26624559773398054	0.07493932598435582	0.2917146295560739	0.11637926842581003	0.2507211782997794
0.2588648806083552	0.06384908386014579	0.2333157978905088	0.1628323053684021	0.2811379322725879
0.2288926475442264	0.06495667082856513	0.2929886414235151	0.1697146550863362	0.2434473851173569
0.28362345734047173	0.08144328892804628	0.3522109649767924	0.1150617406238536	0.16766054813083578
0.23484654712293535	0.06728050829476279	0.2959507317837506	0.1371867066154662	0.26473550618308483
0.29535656195583515	0.08483315973290546	0.2782928074937242	0.13961580052313605	0.2019016702943989
0.21970489788056727	0.09126206821985065	0.2734135514696239	0.15567014517192548	0.25994933725803243
0.27504525305242833	0.0909728434390548	0.28046204244665124	0.11342679581856081	0.24009306524330454
0.31083738891302065	0.07268619412182198	0.24911062222263092	0.16166896741412348	0.2056968273284027
0.27507275211801974	0.06846486496469276	0.30162952286546124	0.1208182218873389	0.23401463816448703
0.23598662765391937	0.08436532694309998	0.31453177142970645	0.11392496686343748	0.2511913071098365
0.23204075404283958	0.06895362070853822	0.33289138569858345	0.13051524999981665	0.2355989895502218
0.22257584763131838	0.0996700133804267	0.360532806664037	0.1468065269136038	0.17041480541061388
0.3104144032242024	0.09206540660423589	0.2728302895395797	0.111441063768694	0.21324883686328772
0.42275823269323465	0.0777506889945888	0.21303577246590413	0.11078389790527791	0.17567140794099412
0.25636587333186855	0.09893590524522884	0.2707656777136899	0.1260712588680022	0.24786128484121023
0.2761504329340662	0.07341589874584292	0.3234009534288235	0.13770953354562132	0.1893231813456457
0.21462553795781544	0.06624730116764896	0.30772560029755053	0.166274713562657	0.24512684701432788
0.1802877585206686	0.07291163726074992	0.3587095478574002	0.1377387120045399	0.2503523443566411
0.2511210117724676	0.085569557332724	0.21489026845181336	0.1690997952531037	0.2793193671898911
0.19751563528058952	0.06741144585163908	0.2982655344411999	0.1622897701761806	0.2745176142503907
0.40888556049385794	0.062123675093189	0.23719739146694288	0.11804386369347146	0.17374950925253838
0.3245708539109792	0.08611229907720544	0.27827768422608035	0.1407066139955666	0.17033254879016818
0.15985627652497847	0.06127492419205455	0.3458922421365298	0.17406267025914154	0.25891388688729544
0.15865922542149208	0.08172374881904847	0.3581385751274466	0.15334092496187335	0.24813752567013936
0.2371523078696803	0.06793227682187716	0.3218739240164759	0.10541643085541748	0.2676250604365489
0.30353124865064907	0.09183435978324452	0.3070554943905103	0.10818989781222853	0.18938899936336737
0.3072708055748074	0.07536511237968017	0.2985405516525963	0.1112034778798102	0.20762005251310564
0.20323439280377542	0.07559423565533498	0.2663290044639963	0.17479389432458348	0.2800484727523096
0.32091143773029435	0.09469389660222537	0.2757445593075252	0.13216425998327969	0.17648584637667508
0.19343425518537252	0.09600963609063227	0.35934738280960454	0.15528372290725403	0.1959250030071364
0.2087024962066163	0.09755216119074715	0.3555555138144499	0.14401992536913677	0.1941699034190497
0.22036473039636267	0.061754683175409	0.29910646089839515	0.15234251485999642	0.2664316106698365
0.17506482613217617	0.0871282607343638	0.3657795227957392	0.13772465115986876	0.23430273917785183
0.20983491126643014	0.06672581393708366	0.3648282854200514	0.13781088215956863	0.22080010721686597
0.30531181492827375	0.08217756113183074	0.2247709746660662	0.1638641517258243	0.2238754975480047
0.340163921720225	0.05966308239321291	0.22007154113363123	0.11183999072741911	0.26826146402551143
0.2537280207332525	0.06840316558894574	0.26956625482517993	0.13808224263548477	0.27022031621713677
0.28951727897847557	0.0984366885894235	0.21799760713142088	0.12032753439543649	0.27372089090524326
0.2582579518486353	0.08018999184857019	0.357323402868244	0.13718213372510196	0.16704651970944834
0.29402352552432554	0.09350030075549486	0.23682477957006362	0.14651504256244563	0.22913635158767007
0.3592681986323989	0.07688049264154817	0.2334759403157713	0.13096840518404562	0.19940696322623566
0.3042330860486816	0.08358095050337672	0.22840000498271737	0.13463338232676492	0.2491525761384591
0.236423138330088	0.07061125832270079	0.3157895957788307	0.11678024283246115	0.26039576473591913
0.40380550037633217	0.09146838568261355	0.21511125395227562	0.11814696796648753	0.17146789202229076
0.27604469721725966	0.0977603379308948	0.27120897257527676	0.13572116117084937	0.21926483110571915
0.25522844046826154	0.08312755641363949	0.2548859322412805	0.17669723975198715	0.2300608311248311
0.19346750071520374	0.08263187785813399	0.28644062278355786	0.17476013181142322	0.26269986683168095
0.32343480108810957	0.068678982300239	0.24882253367340582	0.14079135617337155	0.21827232676487382
0.2563735133585374	0.08658286110051597	0.31579577102693224	0.1437535690138232	0.1974942855001909
0.24156080583733988	0.08201204853601235	0.35228907607553755	0.11465297641348163	0.20948509313762836
0.18997912530468894	0.09544076877649904	0.33145849895321133	0.12339869085735446	0.25972291610824605
0.30158029138661735	0.08681952586603205	0.3180575418910721	0.13577148610296724	0.15777115475331097
0.45915667294009477	0.0620423788155392	0.21505312391903	0.10577373383331762	0.15797409049201805
0.24992037103071946	0.09463881607381489	0.2997492925994864	0.1615035678373133	0.19418795245866569
0.27275942043398826	0.06098838423070024	0.25354442961949	0.14481109691390565	0.26789666880191565
0.3159045351451842	0.06501555156296979	0.25234145345910614	0.16142568349663683	0.2053127763361028
0.2343758526483072	0.06438044556767411	0.33746400723326414	0.13841798301271824	0.22536171153803605
0.3125003990693523	0.07579264709140002	0.21844911582860088	0.14372215242391131	0.2495356855867352
0.3246449136858585	0.07329673336531295	0.22741553421335986	0.13408413677185543	0.24055868196361296
0.29229374410787423	0.07529057982624009	0.2620508510310654	0.17068449139292283	0.19968033364189725
0.1794756007646983	0.0933556672528378	0.3507332827139228	0.13813239313817055	0.23830305613037037
0.2314004966954552	0.08295542269084187	0.27143474224484465	0.1512030746444948	0.2630062637243632
0.23544115140324307	0.07056846055294722	0.3284898984435687	0.11700501699904765	0.2484954726011932
0.24444481200561505	0.09915980638999447	0.2696006294685922	0.11397283561763055	0.2728219165181675
0.2602943285091465	0.06649339711119087	0.22450924087612967	0.17006745087651787	0.2786355826270148
0.16662665733449908	0.06753369815621238	0.3351487936338731	0.15938093795128117	0.2713099129241341
0.3321293538361739	0.09305264486359296	0.2483632907514303	0.16114970325484584	0.16530500729395664
0.13757994922231442	0.0970479961738513	0.36762896458058525	0.15442715506094887	0.24331593496229997
0.3459027865049983	0.08984896069741452	0.2569995843613925	0.13649936399935914	0.17074930443683525
0.30943214776510297	0.07654888942007844	0.22117174445831145	0.1268162390904156	0.2660309792660913
0.11307697800096449	0.08683976735354838	0.3549390529482611	0.17455709716098422	0.2705871045362417
0.27297627443444217	0.08665235864230465	0.2781105254895746	0.1453664799539954	0.21689436147968294
0.30066599698499213	0.07450049243793644	0.25512829326493636	0.11172463962334594	0.25798057768878885
0.3962765618303477	0.08869832843687465	0.2237985193311952	0.12058567616301447	0.17064091423856761
0.24432954952827474	0.08250872088216614	0.3081976852759764	0.13830590836249357	0.22665813595108888
0.16928037958284797	0.10107417816602218	0.36026420708102236	0.13611392074459794	0.23326731442550935
0.21261561640055462	0.10020232973924546	0.34367408754760953	0.16602959901170916	0.17747836730088096
0.23930340730827426	0.060382412130139396	0.3386309703033371	0.136392895444969	0.22529031481328002
0.3432506494238127	0.09266979225014937	0.23508697344221663	0.10546966566119394	0.22352291922262696
0.34190568134552146	0.05988502060389758	0.26805705151542725	0.17124662029023646	0.15890562624491691
0.24543470190499114	0.068836681417556	0.28394450771660346	0.14946054300302114	0.252323565957828
0.18929273156852408	0.07812604211053036	0.3562544908278644	0.13177572746448551	0.24455100802859542
0.21162418627490345	0.08114820322132639	0.3631388506675035	0.11779136659443272	0.22629739324183368
0.26107938973128625	0.09715050480013943	0.30773571193375504	0.14546921056813786	0.1885651829666812
0.22508488393697107	0.09178495420179951	0.26000402118029875	0.16266174508902664	0.2604643955919038
0.2302095415300628	0.09350143937706651	0.273034403413254	0.15226238051605087	0.25099223516356556
0.26412219657395297	0.0846646401790374	0.345103572727121	0.1087745332002199	0.1973350573196685
0.26567684924420776	0.06438355096794349	0.31986734287171603	0.12804225333627892	0.22203000357985353
0.3756073161814766	0.06320277852465692	0.22248421116489273	0.16477424908148047	0.17393144504749297
0.18119583039220055	0.08968914095049259	0.336807251139451	0.15639099473483564	0.23591678278302003
0.16048859518482855	0.061852657775972236	0.35388837336270884	0.16144704608804	0.26232332758845023
0.31911704871393287	0.09847240288920629	0.22080480033847916	0.12464931412049243	0.23695643393788898
0.3026272105058449	0.09472136251761694	0.21158506933798782	0.14959686642142087	0.24146949121712916
0.27256388112579927	0.06312386011831259	0.3111080905477896	0.12013061479887689	0.2330735534092214
0.19547723478494505	0.09872881145855723	0.32678168638531	0.1468530946750347	0.23215917269615272
0.30526684651247926	0.07979495120983118	0.2294832968551625	0.13395267376739856	0.2515022316551282
0.2749344921691036	0.06834290826838146	0.2711890931639465	0.150449530536276	0.23508397586229213
0.2565027029683052	0.0970649984211619	0.3141341373727118	0.12634428757153562	0.2059538736662853
0.32599593183293724	0.0835296462022907	0.32280475805359127	0.10975142659263316	0.15791823731854726
0.21929713687022395	0.0685795078984602	0.35543678476867424	0.1166047168505605	0.2400818536120809
0.22806259910030338	0.0748163647165902	0.30509178953826244	0.12235466135069309	0.26967458529415067
0.33934042086517435	0.066668555428926	0.2667950132333266	0.12148522360835348	0.2057107868642193
0.3830977093370885	0.09972499562444806	0.21196025589892042	0.1144972946901328	0.19071974444940992
0.22128112959696541	0.08994282792878884	0.27728758749387006	0.1727659710401741	0.23872248394020132
0.36758878667729095	0.07983130690180683	0.2622544612313954	0.11908406503639536	0.17124138015311108
0.3909728951288499	0.09717669498439933	0.22079246680476827	0.12187008678608081	0.16918785629590136
0.21161506010727174	0.0870376830442754	0.36682344845356385	0.14697651073748644	0.18754729765740238
0.24663829505583684	0.09713992039381572	0.26890128967404264	0.11326628362793918	0.2740542112483654
0.23593295136069686	0.06898911497043053	0.2935382803156887	0.13298056560548024	0.26855908774770343
0.24291957192262897	0.09823073361738958	0.2774765824513814	0.16350212915451756	0.2178709828540822
0.24931951878536	0.08157454559090208	0.33345556358348427	0.13695098518509266	0.19869938685516073
0.18353011338337735	0.0630201131042428	0.32862770586192896	0.14569061997011745	0.2791314476803332
0.26876553658398405	0.06478522703198347	0.2999464555697696	0.1376357269153743	0.22886705389888828
0.2429939865441818	0.09100875779990687	0.3082009845796403	0.1307625806785675	0.2270336903977033
0.2174181072621255	0.08796277978927636	0.27366459698861295	0.14681055235966115	0.2741439636003238
0.34832372449584514	0.08755215636645804	0.2571492069565204	0.13070280395574466	0.17627210822543146
0.27402961003533266	0.07651645835216432	0.3230071270173145	0.15936718695085952	0.16707961764432877
0.16238738657141152	0.0848699361990315	0.36308708423033353	0.13567574058269805	0.2539798524165252
0.2726597399864952	0.10184054873656881	0.3191687118032997	0.12935307283423791	0.17697792663939813
0.3772398837358726	0.06623837041998157	0.21580123222661968	0.16145456799415206	0.17926594562337378
0.357739118348423	0.061870306060834906	0.2901642111619709	0.11071449526509312	0.17951186916367778
0.21625625536045612	0.09216951726343149	0.31448520426161874	0.11089550684123599	0.2661935162732575
0.22053537232836928	0.09514628095663145	0.2834941159364782	0.1514575074143241	0.24936672336419669
0.24546016466552412	0.09830655362795461	0.253717692029429	0.12281792522691852	0.27969766445017347
0.23347856656484867	0.08361610338355392	0.29128904587647475	0.16970100087072137	0.22191528330440105
0.38948269399077873	0.06834622082393033	0.2142506278244062	0.1125768504800644	0.21534360688082
0.278010584339732	0.10020803921754795	0.2160744998003373	0.16773641545174753	0.23797046119063486
0.21501107706822864	0.07691956841428625	0.3346327233878692	0.13534579880318554	0.23809083232643016
0.32557151920698746	0.09844179009818127	0.2776703574301884	0.12008770769565386	0.17822862556898866
0.41578633196736237	0.08068341882579602	0.22424469990778892	0.11503795300163291	0.16424759629741945
0.2665755504605206	0.08937479253598225	0.2583616743097018	0.1629956300790814	0.22269235261471365
0.2716481554843373	0.0824089110415097	0.3454542217548413	0.13011920835890578	0.17036950336040563
0.2421939426966176	0.09600276278552394	0.31961257197309834	0.17034629021360592	0.17184443233115398
0.312863657227381	0.08767475686837485	0.287396089364367	0.1216690646874945	0.1903964318523824
0.25611332279466575	0.0683703328139004	0.34772463823809957	0.11630024317473757	0.21149146297859642
0.2123288343877208	0.07023346186868862	0.3542406705363711	0.1409777315320821	0.22221930167513718
0.2301414706134823	0.09990212320373351	0.3124652140029319	0.1733655251377778	0.18412566704207417
0.30224136158023324	0.06705249068351476	0.30362509263266285	0.14123798054138526	0.18584307456220361
0.2732744319601987	0.08882128112973564	0.31000851192650464	0.16247772991755038	0.16541804506601038
0.28205266606263335	0.06417469740166606	0.2946466808691832	0.17583751242787965	0.18328844323863747
0.29478294533878824	0.09918249588568374	0.21398307996985097	0.17011641958168772	0.221935059223989
0.2553435478447909	0.07835368942063678	0.3656758762140064	0.12501762962640958	0.17560925689415607
0.319176975725628	0.09343628791320947	0.28426510851595665	0.10831590716267767	0.19480572068252788
0.31828842987249156	0.0730193230606852	0.3369571428223721	0.10633768425902373	0.1653974199854271
0.24642047974433184	0.09686449058284408	0.2588783629443449	0.14169060902344877	0.2561460577050302
0.3675535914864376	0.062349279146607595	0.2292532422015581	0.11374332483123743	0.22710056233415896
0.15554947509681033	0.07807011344966114	0.3264310541634392	0.16185988298341558	0.2780894743066735
0.2183081103692069	0.08269594410026225	0.2847615781711965	0.13811035826537166	0.27612400909396245
0.3367738247900995	0.08947617316938157	0.2400165133596183	0.1451138462515229	0.1886196424293774
0.18274396939339604	0.06923435449398432	0.33710072529890106	0.13186963681123287	0.2790513140024855
0.2233592506488401	0.08139132674678659	0.29622032769595963	0.14041323121322413	0.2586158636951893
0.30180832174078087	0.0688585869835317	0.2562933332254685	0.13897659896221382	0.2340631590880048
0.14798359563732125	0.09385386714883648	0.33934187238448354	0.14930310441359548	0.2695175604157631
0.1517801858958944	0.09782213707150865	0.3422349513092502	0.15698058120902883	0.25118214451431775
0.28638088362067404	0.06289659399557646	0.3568882802667086	0.11263019932174088	0.18120404279529972
0.2863619523943646	0.08950192319927178	0.2795682327945283	0.13754254054377651	0.2070253510680585
0.27309108092157325	0.07153244459588329	0.3621361573713285	0.1209211857441095	0.17231913136710522
0.17220104703836342	0.08771463674691454	0.35683246013504966	0.11860249952175486	0.2646493565579173
0.27654112748926435	0.0966038706356137	0.23921785390327577	0.14444541149050574	0.24319173648134018
0.1964946676557467	0.06449263780414871	0.30097144940843457	0.1628148363913054	0.2752264087403644
0.409757996239037	0.08786042448702862	0.22037017957090116	0.12400572837834468	0.15800567132468818
0.1972804682507664	0.08899132276516919	0.35313936668785595	0.11015016612340148	0.2504386761728068
0.32421534964283305	0.0847797137223963	0.2803054266490535	0.12101198658004292	0.18968752340567385
0.33118015121679933	0.09461255711164346	0.2243449822870892	0.1658015860519037	0.18406072333256404
0.19875310556636688	0.09519439523462843	0.3501559667939252	0.16034891425540318	0.19554761814967614
0.26942621357352015	0.0953519922773608	0.22902620241146826	0.1317964847729443	0.2743991069647062
0.34141607222194836	0.07905981344983444	0.24939493171468916	0.12276304705474102	0.20736613555878675
0.2481730613984649	0.0817312254676986	0.36726525306850666	0.12807720929301425	0.17475325077231524
0.3605486232260441	0.06282354310936611	0.2159353414586034	0.11458732392530797	0.2461051682806781
0.23898568064300363	0.09968361790486208	0.2815654340496516	0.15022602503027782	0.22953924237220458
0.2585083808425456	0.06835713989067568	0.23591774082477907	0.17152633993430633	0.26569039850769305
0.4000262001285034	0.08981931967001956	0.2273131316714334	0.12310829848821633	0.15973305004182697
0.35951398592650247	0.08605481111944452	0.24962623353142963	0.14162214185727257	0.16318282756535052
0.3260023974117434	0.09528417549145042	0.2476229646935872	0.15595383333044074	0.1751366290727779
0.2673762357903253	0.07758938100627982	0.25476486559465483	0.12815413363476613	0.2721153839739736
0.44290128051689304	0.06819037873467357	0.2116235035339091	0.11729635929848893	0.15998847791603502
0.27204049909700634	0.09177213223306556	0.24355971373415336	0.1645437612552163	0.22808389368055818
0.36036284154401876	0.07560773907287283	0.23685981845408632	0.1114922729262231	0.21567732800279857
0.24790868072280456	0.069619786069057	0.35264853470923774	0.10562328940602435	0.22419970909287606
0.21259005052487473	0.08827774728208528	0.2745924111651728	0.17797481433107903	0.24656497669678795
0.24328863010006077	0.08835157514885404	0.2439976109574052	0.14613246793131435	0.2782297158623654
0.35036457298091406	0.06414056062448092	0.3004943293714759	0.11495320639876404	0.1700473306243647
0.21453774784140997	0.09622179945271882	0.3297185439067047	0.137343686674204	0.22217822212496235
0.18353165868187016	0.08617215030089573	0.31811457098159235	0.17754874971109189	0.2346328703245497
0.2323257347656167	0.06993218473568277	0.35139494888959444	0.10666283423387234	0.23968429737523347
0.23654425095596926	0.08494105045107736	0.34906535492417307	0.16352204015558566	0.16592730351319443
0.22176637736676927	0.07897771431669273	0.35528112773647713	0.11122589467667496	0.2327488859033857
0.36581189407773557	0.08614231618981678	0.24602549912604177	0.12302135368805948	0.17899893691834606
0.2592088270099996	0.07658969969409685	0.3153528024305642	0.17338561669148556	0.1754630541738536
0.3223509986699024	0.06430261047005129	0.30304126864851333	0.14814316628811758	0.1621619559234151
0.27102515080737005	0.08192531941351444	0.2549469593302366	0.1507411728071995	0.24136139764167913
0.22422185347268533	0.06487163000159879	0.3206834942293366	0.17436755346391375	0.2158554688324652
0.2702431522717601	0.07937801267504385	0.2752450579697313	0.11611125459857341	0.25902252248489105
0.24642098780680233	0.08840810596060465	0.29985338073738466	0.15188680226820622	0.21343072322700193
0.247540462685806	0.06474766391406389	0.34602402776380514	0.12025118865874714	0.22143665697757758
0.3329945974373637	0.06570480880266938	0.26538363117479413	0.1325051241423882	0.20341183844278427
0.28742858854817077	0.09354435177203171	0.24941501880232686	0.15332802387518363	0.21628401700228675
0.25372099779135715	0.07554811411162751	0.3184571382611793	0.1392371987837696	0.2130365510520662
0.1955362071361722	0.0901949764365679	0.3103174196146	0.17146073783457608	0.23249065897808358
0.2983088226872744	0.09871250305223504	0.3106796111868727	0.10605871438467697	0.1862403486889406
0.20921166533602856	0.06985592647533181	0.30063629775250955	0.1738295281365148	0.24646658229961504
0.3038185423235342	0.07076536519196769	0.25366566362385523	0.17711173482339498	0.19463869403724757
0.3859946765077195	0.09058061768109636	0.22405658546333207	0.13729108865442075	0.16207703169343102
0.34343693246314727	0.0961508054459524	0.2141655422129905	0.15156579744302695	0.19468092243488258
0.3321441007110325	0.0974346787981087	0.23471163231295128	0.158870423386813	0.17683916479109424
0.31906082805021474	0.07447209685868356	0.2834419295599055	0.12310739756252671	0.19991774796866912
0.3340325322109633	0.08428548252773971	0.25705119964818707	0.14170097525212477	0.18292981036098485
0.304467306929155	0.09489986914904971	0.27072396774181584	0.15025283168943163	0.1796560244905475
0.27267953182589943	0.061427604801636476	0.30423234690813494	0.16884659274564578	0.19281392371868303
0.2648939507009116	0.07460777575492195	0.3235961780817963	0.1647057740596358	0.1721963214027341
0.286066096972833	0.06657384210506848	0.26191477186286805	0.10645796555152984	0.2789873235077004
0.28720475611792523	0.07713550913904456	0.26835515851936637	0.12882899413881468	0.2384755820848489
0.2712725969612568	0.07284205871699836	0.25066611243596937	0.13236673531970566	0.2728524965660696
0.28576498090342806	0.06806498590005183	0.26499779769477805	0.16065059565269438	0.22052163984904743
0.3530818926247997	0.0819685168072212	0.25173013527627736	0.11638233946389309	0.1968371158278083
0.22762938070230268	0.07514270481070699	0.3407770862521957	0.10670460646982709	0.24974622176496725
0.36142143552222133	0.08552760008543728	0.23542573927419388	0.11944344328942946	0.19818178182871768
0.2625566955174681	0.08843081600077873	0.3010252629324109	0.1428188418287621	0.20516838372057997
0.2246126375437758	0.0951770436808158	0.2560800391380202	0.14920438955038334	0.27492589008700463
0.3987570292129971	0.0999361619602388	0.21385769024813592	0.10810443842230541	0.17934468015632243
0.2093909868725739	0.08863165592065353	0.32710794836965384	0.11661935723425362	0.2582500516028649
0.36367648175421813	0.06649013598381745	0.25538917245555404	0.1468568405890739	0.16758736921733616
0.2122909091746676	0.09795487683878062	0.2877693280448776	0.16429650979861632	0.2376883761430576
0.37140216004166327	0.10128876793828814	0.2318681923396393	0.10641098862221762	0.18902989105819137
0.33908963738760384	0.0701594928894485	0.21112467821392403	0.16456987347674898	0.21505631803227435
0.28978823198287934	0.08845226282527836	0.23797060342739476	0.17674846203227335	0.20704043973217395
0.24665186636066866	0.0950518336791533	0.2867870704504882	0.145833690810925	0.2256755386987646
0.25274770646030265	0.08330886427670335	0.2989573712687097	0.12104711689705777	0.24393894109722625
0.2457676617808272	0.09036463775403299	0.360211390407993	0.13721558568642359	0.166440724370723
0.23828765954440476	0.10036097131977247	0.30557691410918225	0.16033935713824482	0.19543509788839547
0.1616449929112447	0.09308297657270306	0.3628396024243046	0.14800305638477138	0.23442937170697606
0.37519920801845263	0.06486975657948352	0.21326549886543178	0.1457470354066981	0.2009185011299337
0.34737294357813553	0.06823179417224448	0.24498991558986832	0.1289183038957177	0.21048704276403368
0.4106713176566895	0.07485481945601424	0.2367084902445489	0.11541529886766556	0.16235007377508145
0.22926391351304173	0.09317383884152765	0.28481116019009955	0.14282625773036614	0.24992482972496466
0.2910237950279426	0.09576569644272684	0.2926177834966152	0.11625447549057935	0.2043382495421357
0.2268747676666172	0.06534321346015473	0.36576167193686293	0.13124645448205752	0.21077389245430728
0.273950870287203	0.07296328946348207	0.28207558073415173	0.15423216543672072	0.2167780940784422
0.4073305707880494	0.060090947430201797	0.21202822414068614	0.13077483135818138	0.1897754262828809
0.37205500070744124	0.06891610597893003	0.24870297975562447	0.11797904467113896	0.19234686888686497
0.3023782625568512	0.0966603630269018	0.24930828523045434	0.1163847771060663	0.2352683120797261
0.26180694162137824	0.0728879653038978	0.3436507592535497	0.14920757627889053	0.17244675754228345
0.2644173520399835	0.06607451588299795	0.2930526064431057	0.1161253353798583	0.26033019025405435
0.2770589504926051	0.0682452902198428	0.27218300939936585	0.14016234549078227	0.24235040439740368
0.24172276085820077	0.07392294443674505	0.3222957757561307	0.13659865521674144	0.22545986373218171
0.20694016646128263	0.06366156170055015	0.3645109232890974	0.14751160616699938	0.21737574238207025
0.1619104811790161	0.0788330695200456	0.34608386080013387	0.138684997956376	0.2744875905444283
0.3387617786705906	0.1011876105120243	0.2280844019122018	0.14429286511270595	0.18767334379247705
0.31484054185885824	0.10091989493636903	0.21188929223625333	0.1699030049982767	0.2024472659702424
0.32762058024404	0.09803678711898695	0.22472389499039025	0.11826648401698944	0.23135225362959305
0.240922117248017	0.09273321784281975	0.24694172843302398	0.15937780087985642	0.2600251355962826
0.32379185675389177	0.09743466813376102	0.2749824094739015	0.12082231179615964	0.18296875384228575
0.30519743888382506	0.07766550172047727	0.25110904795365746	0.11035319898167825	0.2556748124603616
0.23460152843706203	0.07300178621547831	0.3057430142739754	0.1216425280996607	0.26501114297382333
0.2515101403031014	0.06857391535982951	0.3307368568313319	0.16965663142741633	0.17952245607832054
0.2042813127875239	0.07671429167906163	0.34582416238964075	0.1426489105485807	0.2305313225951927
0.2851416752274284	0.08564211073348105	0.3062239513352449	0.11629213123868296	0.20670013146516245
0.1923035598386793	0.05958219738626147	0.34011610966867195	0.15120627665113737	0.2567918564552497
0.18275928140595765	0.08050511466749567	0.3597991407932376	0.11160017276051092	0.26533629037279793
0.2601935130907258	0.08071290046490702	0.3177587941438683	0.1521361855553189	0.18919860674517966
0.34990765910888266	0.09018774395258256	0.25754598652327776	0.13454008870857032	0.16781852170668646
0.18563870170001162	0.08386718322596785	0.3319770947563683	0.11791241243229077	0.2806046078853613
0.14798144902299465	0.0996640391069952	0.355728174959383	0.16035822876267494	0.236268108147952
0.2545124438115086	0.1000054702841762	0.30679541828011625	0.10839957886890837	0.23028708875529025
0.17941523818984978	0.09395015431096568	0.3525252065535954	0.10884283093240923	0.2652665700131796
0.32143637051692076	0.06337660514356203	0.28667260256003624	0.15748691081721017	0.17102751096227062
0.16684912470460428	0.0672847809685643	0.35512477908489093	0.1627243418101224	0.2480169734318179
0.29451505953805673	0.08963135681621767	0.2412338865152762	0.13904941767539658	0.23557027945505254
0.21361384485724433	0.08069918820431973	0.3666785131855256	0.14836960837145055	0.1906388453814596
0.19887298426250694	0.06828768241825184	0.3193506097295372	0.14780680503052412	0.2656819185591797
0.26927455109110693	0.07650592083209919	0.2936253337673513	0.10777891993614347	0.2528152743732988
0.26578462221295296	0.0821092207736892	0.28928839192190886	0.13484697419435546	0.22797079089709327
0.29113708777362046	0.06375623286847706	0.2893466808202767	0.13494297244932052	0.22081702608830495
0.3091052996174125	0.06228606953838181	0.34690620268590333	0.11753490959038541	0.16416751856791667
0.3482253992423381	0.08062522981193154	0.24390238478262782	0.11946069983795832	0.2077862863251439
0.3552746344136132	0.06558720938659016	0.2475071842671695	0.15286994481308416	0.17876102711954267
0.2190688455932719	0.09501798227219804	0.2659573423035911	0.16085212664651205	0.25910370318442666
0.35187259746736843	0.08202033053704721	0.23281281071910892	0.17266707558515063	0.16062718569132445
0.25995326229204263	0.07181539588989644	0.25863215711431864	0.15524441878520523	0.2543547659185368
0.26794430444182177	0.0761259125920055	0.2901303764106995	0.15138839937567838	0.21441100717979464
0.21755181920468006	0.09805075669678495	0.28174663250414883	0.1617652670227895	0.24088552457159643
0.3040573174305874	0.07641672079823829	0.23079676332448618	0.1514060094795528	0.2373231889671351
0.2039776996400218	0.09070393670551415	0.36180425115138015	0.12594842655961583	0.2175656859434679
0.1679975329773276	0.08432776461430296	0.3547230322787391	0.1301944695446648	0.2627572005849653
0.22755756506232497	0.07190570670308208	0.33433355869076503	0.1309878006510196	0.2352153688928081
0.35213000492960805	0.1013747870911954	0.24818903645769208	0.1361242030215889	0.1621819684999152
0.2288960304973758	0.09938037478178498	0.35919156975820654	0.11408849450139229	0.19844353046124014
0.23467697903176332	0.07981221750754182	0.2663155693126888	0.14835770291614972	0.27083753123185605
0.2578753728171792	0.06821234109788854	0.3016764529197698	0.12840042938948498	0.24383540377567725
0.19000172858063422	0.08974499015594598	0.31420549783407425	0.1627438032039742	0.24330398022537114
0.3991777346896017	0.0992381283236778	0.21663397104500087	0.10714336505898474	0.17780680088273454
0.22601829016166525	0.09513363676727796	0.3292532741472902	0.16572265909304515	0.18387213983072123
0.327564733685578	0.08714790513331526	0.24012917584545337	0.10597242091642846	0.23918576441922462
0.30059643410005954	0.086634501845106	0.3261096635433861	0.11488482306416208	0.17177457744728605
0.21655502585694852	0.09934571247409879	0.309289063670911	0.1413296243071918	0.23348057369084965
0.2939110443422154	0.09626416099651203	0.25229789110642603	0.1269634246338563	0.23056347892098994
0.2805156085012315	0.06618215496010516	0.3232522237979971	0.11365807626924648	0.2163919364714195
0.3617656069675933	0.08644866686621379	0.2345975560966463	0.13758289121846487	0.17960527885108146
0.2657189745446239	0.08246934679214227	0.27496190890906685	0.16593275162176224	0.2109170181324045
0.28145732981473437	0.08235257183974125	0.2557833892588209	0.11147161788709035	0.2689350911996128
0.2804104845482277	0.09806996452274191	0.32593205131966174	0.11948125779164863	0.17610624181771975
0.2370620472256419	0.08415914904857488	0.3349526279286833	0.11671258911660144	0.22711358668049822
0.2807835377895729	0.07176081944027471	0.29826632302608636	0.15741580733179078	0.191773512412275
0.2690962908722236	0.06416830681572164	0.3069655529744864	0.15157422270975696	0.20819562662781113
0.1416207913356589	0.08477303395405418	0.3599293802168504	0.1765716273219821	0.23710516717145425
0.2544011006834759	0.07037739523370581	0.3248934588635009	0.15675480638079917	0.19357323883851804
0.1693188151035777	0.08424774090791025	0.30743852352535134	0.15840561000391748	0.280589310459243
0.18474210763485374	0.09459491102203173	0.3576294760241874	0.12195384072495921	0.24107966459396776
0.2834468334083865	0.09144983518394906	0.278468914799732	0.11537445283424923	0.2312599637736829
0.25433620350493896	0.09381520375534774	0.29454214717551686	0.1089551360613815	0.24835130950281467
0.22209378628099394	0.06370861936314295	0.31260614262793385	0.17407848558847228	0.2275129661394568
0.3537747713939838	0.08372661486329211	0.25636260523492777	0.11670318270907251	0.18943282579872353
0.3475396803229329	0.08851325519670405	0.22250046735726214	0.16641432351174823	0.17503227361135237
0.3166843347971853	0.09283192663920897	0.24914484692109407	0.10677955594944892	0.23455933569306248
0.19018022590933134	0.09966823925304433	0.2897932353532523	0.14678854066966246	0.27356975881470935
0.2926996561641395	0.07284200989310813	0.3028108674508374	0.17196215956291866	0.159685306928996
0.2829861245533652	0.06049779719704876	0.3658047289809625	0.13173458009678776	0.15897676917183554
0.2761839831136574	0.09244174435185423	0.3052628571739268	0.12209261080425662	0.20401880455630467
0.36337265919199624	0.06347757433274598	0.2590418236646184	0.10965115638781586	0.20445678642282314
0.20647486670711454	0.05970682214944986	0.30602044801154793	0.16994967525197444	0.257848187879913
0.15596022629911122	0.07928171411957724	0.34083446020820074	0.16828731821824644	0.25563628115486414
0.21863636518970558	0.06598605001085006	0.27854799632727506	0.1610821132614803	0.27574747521068876
0.14343249678601466	0.08886582951363116	0.35415668165565156	0.15175962011996244	0.26178537192474
0.2867373527504733	0.07342578976674083	0.3314840528869657	0.13607733598774732	0.1722754686080726
0.3715551972966485	0.09953903496516098	0.21907905597667005	0.12355236137187744	0.1862743503896427
0.26684895848088747	0.07782540722034265	0.24767500569826514	0.12987420628491753	0.2777764223155869
0.2853644205916736	0.07754275529646695	0.25331369062901016	0.14813893091036096	0.23564020257248813
0.3324509061484707	0.09593946774144697	0.2628189627099138	0.11849954319940881	0.19029112020075942
0.2359472478719653	0.06246036558472168	0.3538580016445056	0.13428533077462257	0.21344905412418466
0.3517242573008294	0.06232083803930244	0.2302544844693417	0.16150723205431308	0.19419318813621309
0.3925368955877484	0.0848767218905921	0.2158786068854079	0.13732297945432875	0.16938479618192248
0.25657581432635135	0.1019444844172894	0.26756717906372746	0.1100390991532207	0.2638734230394108
0.3032741333121237	0.05972712417052142	0.27403792295928636	0.13677862346827704	0.2261821960897912
0.31711048685320725	0.08240694974202306	0.21915856572255593	0.1157133327515331	0.2656106649306803
0.22760814616854377	0.09830232206590457	0.23366032182822588	0.1658834947885348	0.2745457151487907
0.28766399142609755	0.07567569492489873	0.34088407564253675	0.11904087654905306	0.17673536145741367
0.24157774010100838	0.09071206467168778	0.3335438344998817	0.1751707043555552	0.1589956563718667
0.2745772977201481	0.08501099423741124	0.2775081467044743	0.14589849924044018	0.21700506209752587
0.2718601062231726	0.06399146642013637	0.2751356889453538	0.169700698948646	0.21931203946269098
0.3330070223635729	0.0899301019617028	0.2646843524322791	0.15050315773800088	0.16187536550444398
0.16211861195405033	0.1003622391855226	0.29501003002514836	0.16383328880971518	0.2786758300255633
0.27914319726689585	0.06315319771705397	0.3561758790829647	0.11164992946778005	0.18987779646530523
0.31035819862750413	0.07186487319693241	0.267304189042179	0.10657862398355122	0.24389411514983295
0.22595134707516382	0.08103301978487404	0.2538891146869021	0.17811444412697863	0.26101207432608114
0.3934876779115618	0.06453859614825308	0.238214972164617	0.1415904105284741	0.16216834324709367
0.19882882611699126	0.07297894123814791	0.3312640827411748	0.15108125368918832	0.24584689621449754
0.27344576104696633	0.09446156402937617	0.26039264781008453	0.11715369601328263	0.2545463311002901
0.277397511167892	0.06458759652573243	0.33089967881036547	0.1388832179493698	0.18823199554663997
0.245166509509121	0.09475840501571063	0.24521124157488575	0.17827014642972372	0.23659369747055864
0.3414489840373973	0.0720591383959037	0.2397776044286634	0.13951034776178703	0.20720392537624827
0.266462784274828	0.07882520335668498	0.26441771382188306	0.12216948762448014	0.26812481092212354
0.36628604485363137	0.06590139143458904	0.2657956197151116	0.11656550730468133	0.1854514366919863
0.31810484103910397	0.09768194550970233	0.26079550319483513	0.14770481958761555	0.1757128906687427
0.32347557793356374	0.08796367860508483	0.31002637958645773	0.11805382873850985	0.16048053513638352
0.2938659247464962	0.0773583587790927	0.2906704823483778	0.11477538809081751	0.22332984603521552
0.21300618869743607	0.09752049726776255	0.322683595206239	0.14109539958494371	0.22569431924361844
0.19162688372714826	0.08907948636179104	0.3556083407393616	0.1167211977473612	0.2469640914243377
0.3127994819043289	0.06223057418589073	0.23105937123570913	0.12786645403902447	0.2660441186350465
0.1631396027002609	0.0914175192199895	0.36137756583816016	0.17400644816709418	0.210058864074495
0.2760093219651938	0.09639515232354723	0.25732226206870373	0.1504751222218018	0.21979814142075324
0.2722402793786479	0.07988835565108773	0.26824616555799863	0.13856274693174078	0.2410624524805247
0.35381370625795766	0.08721445163724303	0.26127721881207894	0.13033284938339906	0.167361773909321
0.33070601424957824	0.08564976778369242	0.23144381429125438	0.12541441494512007	0.2267859887303546
0.23309030539022665	0.10005380621885344	0.24408820729540467	0.14845515942388327	0.2743125216716317
0.19796317946488104	0.08898803832490694	0.3382495899867609	0.15929546377824835	0.21550372844520255
0.40848301445705326	0.0606236715238182	0.2245436654153285	0.145673432266398	0.16067621633740164
0.23824078308486457	0.0871398921240448	0.24911884726641637	0.1495135184904902	0.2759869590341838
0.19846419125170162	0.08469900064307583	0.29675579909964744	0.1533259564214048	0.26675505258417015
0.3748683619173051	0.07072896740138235	0.24219041251356271	0.14836468126617708	0.16384757690157242
0.3792469403733737	0.06744825544921468	0.21870710794007567	0.16362374709209324	0.17097394914524244
0.3268865746079961	0.06691353509780781	0.25869544631574365	0.11446119617205479	0.23304324780639732
0.37564321652100047	0.07378792032668002	0.232542101132379	0.13598848677058595	0.18203827524935423
0.18858804300322154	0.0979911986840849	0.3534273715369848	0.1430446457600822	0.21694874101562628
0.3382502036549325	0.09036061083424297	0.3006126715439804	0.10603532236923983	0.16474119159760386
0.3515890199465129	0.07959559218137426	0.28085533172111615	0.12936129718152378	0.15859875896947256
0.2677880438383552	0.06753955699469205	0.32744602651876176	0.15884478097261365	0.17838159167557707
0.19272610222026243	0.06807274667725904	0.3294672194476179	0.13535540266652663	0.2743785289883337
0.24855797056656878	0.07086331170774005	0.29730310432312945	0.11919549396385035	0.26408011943871107
0.25420121153476866	0.10058951192176585	0.29496267966759804	0.1755473247979249	0.17469927207794234
0.3423979488285248	0.08652131418333012	0.2365403043773186	0.15345540236888885	0.18108503024193728
0.39655806553201417	0.06593812567444102	0.22176695092809284	0.13393049213911912	0.18180636572633255
0.19758982866875688	0.07035453174127293	0.3615168015885928	0.14372174120294995	0.2268170967984272
0.21209114644927107	0.09599348174026928	0.35507645157399476	0.16987244161677933	0.16696647861968536
0.20179515402006312	0.10097603638169927	0.3406602095626896	0.15758712686791487	0.19898147316763284
0.2515162416625914	0.09825706367430392	0.28814930420273427	0.1513354362287655	0.21074195423160463
0.20723614870128404	0.06435419895904174	0.3463181539950199	0.14057972779525307	0.24151177054940098
0.24822541834870396	0.09227679712849032	0.295222012344776	0.15705957026259726	0.2072162019154322
0.26502087625663007	0.08704018638134052	0.3624336621062825	0.11451968647731384	0.17098558877843287
0.2699088370907299	0.07754950404668323	0.28987099282966267	0.12052380534233027	0.2421468606905937
0.2890054043963882	0.09230776341747138	0.29707163897094196	0.15882159231814572	0.16279360089705247
0.2900433220312205	0.08869841336395894	0.32673406695035767	0.11824323983782321	0.1762809578166394
0.2753915302163594	0.10080537988427829	0.28187387073299797	0.11600482519575053	0.22592439397061348
0.29477351463689355	0.08014604858896394	0.2224964937422334	0.17572604578450662	0.22685789724740224
0.3515205785622592	0.09009956760479373	0.2657689617535297	0.12532176650010762	0.16728912557930942
0.22920639496909964	0.08742553269683673	0.30996609711810785	0.12391144364461053	0.24949053157134504
0.26079450818433614	0.06748037126099093	0.27281465789464293	0.1627611094788951	0.23614935318113467
0.24305855761805717	0.06190921639519109	0.2938096450531198	0.14727817578366348	0.25394440514996824
0.31128486335140326	0.09975467346010079	0.2112744590235086	0.10835894339075881	0.2693270607742283
0.3070056938540313	0.09049489309443615	0.23866355850651397	0.17075719041605578	0.19307866412896252
0.2641699801816862	0.09054836567719282	0.23157391298647922	0.15691418596695622	0.25679355518768526
0.25146473822250065	0.0685000060623345	0.28439195900026437	0.1660353983579796	0.22960789835692058
0.24677843829160495	0.0865291822545864	0.22843912703390484	0.17645113601243698	0.26180211640746653
0.2911031505933843	0.05998437208756638	0.2717469047822664	0.12550136084687896	0.25166421168990366
0.2944913100424331	0.09899617746239277	0.24191989876587222	0.11846871096554479	0.24612390276375679
0.3452761679554998	0.09001588703126627	0.2426945428472047	0.16276357591092838	0.15924982625510054
0.27143890144972627	0.10031020350263961	0.3459120086677905	0.12132410836271197	0.16101477801713146
0.2603187837472825	0.08154358707266267	0.3281974425680091	0.13596308360660417	0.19397710300544124
0.33496472300967295	0.06963315302695142	0.22093854167572227	0.14257229772808955	0.23189128455956357
0.2838494081852647	0.08267541367482807	0.25224810669790737	0.10777466262884257	0.273452408813157
0.2869119675181409	0.07781763189114371	0.3220360822930013	0.13472596132347903	0.17850835697423478
0.20179074110676765	0.09883212356658434	0.3375582651100092	0.120076221713665	0.24174264850297356
0.18344575343101316	0.08108873113039401	0.30475963154260344	0.16700698297678263	0.26369890091920656
0.3418204386779937	0.06231821660172146	0.23464763049236156	0.1123135021739884	0.24890021205393453
0.40608158753476864	0.08064760754923904	0.21215643467038206	0.12122224149383921	0.17989212875177074
0.17814643998923815	0.09260990858334503	0.30583767951586277	0.16973737402978592	0.2536685978817679
0.29068779847485304	0.10157950140496183	0.2693032363886424	0.1455640595818416	0.19286540414970088
0.3810243585857212	0.06139448815508522	0.2692181992299617	0.12503181958306508	0.16333113444616648
0.36340354137960096	0.06444560423475601	0.23322196471751372	0.16350886948248394	0.17542002018564504
0.18394571998155848	0.07062732037358202	0.3496231878831213	0.16806876490701117	0.22773500685472686
0.20129070815066827	0.08432737589083301	0.36483785984465433	0.1460346864536119	0.20350936966023228
0.27482773254710235	0.08135108779252663	0.3288485609094539	0.12403394467587156	0.19093867407504522
0.22051453033065785	0.07993986494059654	0.3061870687421343	0.13704515334685724	0.25631338263975384
0.25257671118416347	0.074875447871009	0.3111719466356114	0.1755468716380553	0.18582902267116058
0.23873475338771843	0.09560960464575362	0.357909043645068	0.10616669886473235	0.20157989945672738
0.2571432431345715	0.09951945853053498	0.32626619221968145	0.12194873173543198	0.1951223743797798
0.24092706286682453	0.07793053068551853	0.26299602761043017	0.17085547475153778	0.2472909040856887
0.29627340693118837	0.09187257317918521	0.2755229775773701	0.12788265888396724	0.2084483834282888
0.25559494473203725	0.06739595143943236	0.26340616816260465	0.17671096808919076	0.2368919675767347
0.15280472185370114	0.10009613382541548	0.33048399409527734	0.15206222657317833	0.26455292365242755
0.30456234081704614	0.08257419259783272	0.3137058275959021	0.12090886143071033	0.1782487775585084
0.34982931546286633	0.08491018977485457	0.23860515008691788	0.14910652183948783	0.17754882283587303
0.3517400164120045	0.09264858068078295	0.21473580477940196	0.14391627080262387	0.19695932732518645
0.15806706538330473	0.0992016781264191	0.3156715508899892	0.16853101600749626	0.25852868959279046
0.277779109744718	0.07212171762061323	0.2804595595303191	0.14196143537809058	0.2276781777262588
0.2927035822801128	0.06861047314701968	0.2866326467717377	0.16567718196663667	0.1863761158344929
0.18625049012310052	0.08870079410050212	0.33646973668035873	0.1360037569945038	0.2525752221015346
0.23736592984832955	0.09267732948137951	0.24876838470074966	0.17596158145110363	0.24522677451843738
0.2046703476923953	0.06681598220746196	0.3308317389305652	0.14259132444123923	0.255090606728338
0.2538468265326982	0.08943234060834397	0.3052628957148509	0.11835396096395823	0.23310397618014847
0.25988055720294634	0.09779578878165769	0.32480109393163403	0.13822581680805235	0.17929674327570932
0.34462035573597327	0.06224386452499345	0.29144004911292487	0.13369597837599606	0.167999752250112
0.2965244548910701	0.08970919070739734	0.28287064354678504	0.10771071453177346	0.22318499632297373
0.19737523785731903	0.0981055617041281	0.33611512916802316	0.14437589823935307	0.2240281730311764
0.3484901777964854	0.09197051695064777	0.24255096906259527	0.13004249552982333	0.18694584066044792
0.36775203616162866	0.0876247466116484	0.2419413563177431	0.12271988697535108	0.17996197393362842
0.3501454030146004	0.08553090509636954	0.2809782026840535	0.11980052209506561	0.16354496710991062
0.2750002968024082	0.08851965319571446	0.28917029045786546	0.1088750729907852	0.23843468655322642
