0.2381251316039701	0.2076549092791078	0.10479043085154698	0.27654200919300476	0.1728875190723701
0.2381832893600347	0.2075273306936968	0.10434870891807463	0.27679745782831533	0.17314321319987827
0.23806889127281117	0.20761491430105722	0.10453216234347003	0.27683198215554516	0.17295204992711619
0.23833954556514209	0.2073912506255164	0.10440940378351111	0.27702912875885244	0.1728306712669777
0.23777410324149284	0.20750369863538434	0.10466100381674065	0.2767805707306621	0.17328062357571977
0.23806928314162965	0.20763975819970848	0.10440111700764639	0.2768073764337322	0.17308246521728302
0.23850426301501396	0.20778911383568968	0.10423209223787118	0.27654495010165514	0.17292958080976983
0.23790146997961903	0.20780030470488628	0.10412839031157772	0.27701952505579275	0.173150309948124
0.2380738009506696	0.20747932679390238	0.10470049347368997	0.2766764198592002	0.1730699589225376
0.23801929619434753	0.20751389923164257	0.10393661803466397	0.27706905779045155	0.1734611287488941
0.2381288302916934	0.20780904168508021	0.10376571500729712	0.2770137370818103	0.17328267593411875
0.2380554500018559	0.20742423431950072	0.10453481986569435	0.27691061810474626	0.17307487770820254
0.23793323568948255	0.20738184656333103	0.1045728365201464	0.2768946133743442	0.17321746785269557
0.23844268181715994	0.2076836372084642	0.1041170361212565	0.27653712274175424	0.1732195221113649
0.23814128592043857	0.20757844217494661	0.10443687901278124	0.2765956834882546	0.17324770940357875
0.2384254662532242	0.20748698390404377	0.10409069632287883	0.2766814861368271	0.1733153673830259
0.23819355678618298	0.20767303609496565	0.10446772289974986	0.2766545695768278	0.17301111464227342
0.23832874591268755	0.2076584806510791	0.10454910545470376	0.27654114156383225	0.17292252641769706
0.2383431324760108	0.20766484705549978	0.10388287132412133	0.2770120635552972	0.1730970855890706
0.23816846087333987	0.20743351608627625	0.10417132058991627	0.27710799469850295	0.17311870775196447
0.2384652401449459	0.20744713119203298	0.10442140803785457	0.2765233782205355	0.17314284240463076
0.23835883740009572	0.20739844571025565	0.10447512933781325	0.27692536835870857	0.1728422191931265
0.23853273294147026	0.20760050492730536	0.10390729162107533	0.27650820050741	0.17345127000273886
0.23845530640949364	0.20774193090832802	0.10416030914662418	0.276559791361776	0.173082662173778
0.23832712194440986	0.2076036727091247	0.1042881225386983	0.27666217457014625	0.1731189082376207
0.23807726007470015	0.20778397250920277	0.10414650881698612	0.2768293192347485	0.17316293936436222
0.238384575943709	0.2076847223041274	0.10439514621954124	0.27671705907202937	0.17281849646059272
0.23817219981321208	0.20765208596630622	0.10402923167091127	0.2770350852144082	0.17311139733516198
0.23835149597801222	0.20761159657374587	0.10410032087560583	0.27652681748391755	0.17340976908871825
0.23846979598501133	0.2075352504799053	0.10424781511888113	0.2768331023432883	0.17291403607291372
0.23833440172668727	0.20736250386454433	0.10419089709762101	0.2766534685158199	0.17345872879532725
0.2381697282934655	0.20755389216008724	0.10453122131273006	0.27685793772988465	0.17288722050383226
0.23789760981289873	0.2076292246035695	0.10446731417985895	0.27655024430518926	0.1734556070984833
0.23811733968700216	0.20744060932403427	0.10421601882806047	0.276979096160088	0.17324693600081487
0.23807991681640311	0.20768688098356033	0.10415816860867917	0.2766271187020967	0.1734479148892604
0.23837693788477912	0.20736344287857872	0.10457526065686573	0.27661966590076337	0.17306469267901284
0.23842310961439023	0.20776823511185996	0.10395301228666799	0.27707894832313534	0.17277669466394624
0.2379929348406611	0.20760655364975503	0.10456753191991452	0.27709201806847994	0.17274096152118915
0.2384701427594681	0.20770231178050744	0.10453748207032076	0.2764944754603482	0.17279558792935518
0.23852121790893743	0.20750187642063025	0.10397120896064693	0.2766606683667152	0.17334502834306995
0.2382838488589386	0.20735856149053564	0.10453006270798038	0.2769075556533568	0.17291997128918837
0.23838873088408027	0.20731910867516584	0.10447727619285778	0.27653740453957965	0.17327747970831622
0.2379847837660981	0.20776052856088004	0.10430728661054504	0.27699068086713985	0.17295672019533676
0.23816649597002681	0.20741793294274696	0.1043540909258026	0.27669892062661855	0.1733625595348048
0.23796109128551304	0.20774465480030435	0.10394770176452275	0.27700548598958497	0.17334106616007464
0.23781846870998527	0.20779420298581003	0.10445260644411049	0.2764839770591216	0.1734507448009724
0.23858058252869352	0.20751313539721447	0.10385207003959697	0.2766590465940244	0.17339516544047043
0.23858119188912869	0.20753510693335636	0.10417867527681189	0.2768066086633638	0.172898417237339
0.2382802327168616	0.20770592841318627	0.10473454174837965	0.27644532033570157	0.17283397678587062
0.2382688287149652	0.20770538360932425	0.10419906069218936	0.27661948305038175	0.17320724393313924
0.2379942632047256	0.20749750583159352	0.10476980775978025	0.27689618025578633	0.17284224294811407
0.23847045529276906	0.20739232538483982	0.1040574270713823	0.27660250569401307	0.1734772865569955
0.23854312035070302	0.20758171885028565	0.10394290457734881	0.2767572717526258	0.17317498446903648
0.23819588605306216	0.20773742088923328	0.10401369552721201	0.27658675004157596	0.17346624748891637
0.23788636479446096	0.20757974807263618	0.1045660438128009	0.2767236455385262	0.17324419778157552
0.23838723222132036	0.20768238603949452	0.10414027493397032	0.2769266068076998	0.17286349999751474
0.23810882185087734	0.2075652033721147	0.10429829006219067	0.2767557768655373	0.1732719078492797
0.23779523590153812	0.2076340775994723	0.10469256721765349	0.27706637518540456	0.17281174409593125
0.23796418729076685	0.20779514145074385	0.10422048066417165	0.2770839874061528	0.1729362031881646
0.23830982506481688	0.20744739840220192	0.10475236474088469	0.27659690910085927	0.172893502691237
0.23795798158844944	0.20754786421648372	0.10477870659877414	0.27660457645274084	0.17311087114355161
0.23826870309822606	0.20767940483813013	0.10459279631891069	0.27671235164876723	0.17274674409596563
0.23851904812926059	0.20739515616626303	0.1044268216207204	0.27662334436291913	0.1730356297208366
0.23797123970018652	0.20745224158092437	0.10409395809587232	0.2771197066903581	0.17336285393265846
0.23810267234802712	0.20742837871182193	0.10440473991026639	0.27691308566311856	0.17315112336676577
0.23852094650901637	0.2076652372663975	0.103808685826036	0.27699891572963137	0.17300621466891852
0.2380034984074141	0.20741276958708638	0.10421465621895457	0.2769744104287525	0.1733946653577922
0.2378407633536555	0.20753277977442502	0.10413100495163981	0.27704693140967485	0.17344852051060458
0.2383528770845081	0.2073358913099253	0.10453105066756702	0.27679557041565533	0.17298461052234398
0.2383513721529491	0.20776798359385576	0.10411557653084917	0.27649065317719224	0.1732744145451535
0.2380600951628808	0.2076414368566461	0.10450573718788607	0.2767666491262992	0.17302608166628755
0.23780929046269658	0.207367343271204	0.10454934095602524	0.2771143829152336	0.17315964239484036
0.23849361173805073	0.20749376065510808	0.10412918140731464	0.27704599998103996	0.17283744621848635
0.23807995108598823	0.20743392836539765	0.10431912081372949	0.2769398696300498	0.17322713010483465
0.2378311778522807	0.2077212850215797	0.10426640693238273	0.2767090742607879	0.17347205593296874
0.23836315289569343	0.20744383325411667	0.1045983584163	0.2765507728556287	0.173043882578261
0.23821394692222422	0.20765859546003115	0.1042710448885352	0.27702884695048485	0.17282756577872432
0.23836817907609875	0.20742773167225245	0.10428650522361022	0.27708365721182954	0.17283392681620882
0.23856472034290108	0.20744178398692645	0.10383916703726613	0.27689435984896793	0.17325996878393818
0.2382111795239644	0.20777395572281707	0.10411249440345319	0.2769016906535571	0.17300067969620803
0.2383301345003501	0.20759606058425545	0.10391446902797113	0.27673968801912496	0.17341964786829814
0.2381777381565161	0.20735233816149692	0.1047358430199507	0.2767427191419814	0.17299136152005462
0.238341183092807	0.20750263122126908	0.10410945152653309	0.27705632743784275	0.17299040672154786
0.2379351966625764	0.20772881652751887	0.1044977268531956	0.27690624076404113	0.17293201919266774
0.2385289971652932	0.20734727370107567	0.10444627399904804	0.27665178697954956	0.17302566815503329
0.23780830487859814	0.20766189755519174	0.1040501925648814	0.2770200743656197	0.17345953063570882
0.23855365124959252	0.2076423749610823	0.10440625091947542	0.27658436675522874	0.1728133561146208
0.23831092342930893	0.20754644886785606	0.10409844785069525	0.2767526311786675	0.17329154867347202
0.23833977887330016	0.20731856380784394	0.1047962580695901	0.2766277286194404	0.17291767062982516
0.23824122323051194	0.20736009795007246	0.10441560724530771	0.2767062959518411	0.17327677562226657
0.23825653585746828	0.2076269135351639	0.10445188385745882	0.27662239101121855	0.17304227573869016
0.23858761668340672	0.20766742305695585	0.1037768644495049	0.27693554532184944	0.17303255048828284
0.23783797710405993	0.20734624389267892	0.1046653271691993	0.27673558995633407	0.17341486187772753
0.23814574239164063	0.20759712184199397	0.1044077489052936	0.2770269120653763	0.1728224747956953
0.23804827908918785	0.20769012333951953	0.10437284019165052	0.2765220379985137	0.1733667193811282
0.23842061581996388	0.20764005793415638	0.10380572787902179	0.27675649102268035	0.17337710734417733
0.23799266662795682	0.20736088021704024	0.10428882394649898	0.27710828948768235	0.17324933972082135
0.23852852213704162	0.20739331232507197	0.10446989193537876	0.2767993192670263	0.17280895433548116
0.23843785530583983	0.2074793902694889	0.10445053279894513	0.27646146623048135	0.17317075539524457
0.2382523997315972	0.20777072652003073	0.10424614150985143	0.2765856576972098	0.17314507454131065
0.23807506008039328	0.207516049450385	0.1043572569071656	0.27703793663782494	0.17301369692423096
0.23783691214805175	0.20769984312847833	0.10455119887340227	0.2768589988775722	0.17305304697249516
0.23836770332339946	0.20733296184594005	0.10449241237681774	0.27693229615055803	0.17287462630328443
0.2382241150086371	0.20774740170299635	0.1042040735575293	0.2767054241530446	0.17311898557779237
0.23854441583721714	0.20770116090693558	0.10423367101111644	0.27660513100132716	0.17291562124340348
0.23794661661879526	0.20760489605091267	0.10451824645868552	0.27686284921047694	0.17306739166112936
0.23805924062969197	0.20763971241012893	0.1045704340407873	0.2765846891761432	0.17314592374324836
0.23839717023829676	0.20751283532212167	0.1046725624235922	0.2766786732980696	0.17273875871791955
0.23839503286064045	0.2073664866712174	0.10436102422598627	0.27657778461369753	0.17329967162845808
0.23856241620489804	0.20759761116651684	0.10410245146825547	0.2764642589491453	0.1732732622111841
0.2381904425408226	0.20756627628561614	0.10396639564912058	0.27704794107419345	0.17322894445024695
0.2380754840511582	0.20743186472348518	0.10446693227528585	0.2770288955746662	0.17299682337540434
0.23832523557772017	0.20761872637667853	0.10420492213409492	0.27695288629569803	0.17289822961580814
0.23799433950601262	0.2074927276759863	0.10464315789942957	0.27661549603739816	0.17325427888117315
0.23790524581517875	0.20759066473332238	0.10409058635010714	0.27706938636443634	0.17334411673695516
0.23785562458472123	0.20768868643769717	0.10456318828950036	0.2770894181596208	0.17280308252846022
0.23788370471451603	0.20746207126221694	0.10474252365065474	0.27669405955859944	0.17321764081401259
0.23828002598252174	0.20771680321920247	0.10407112702950577	0.2765163422011683	0.17341570156760144
0.2381072317901472	0.20764884116201432	0.10447765004965058	0.27674083400846117	0.17302544298972655
0.23787831003501864	0.20751577260339088	0.10475305079343734	0.27664377989704736	0.17320908667110554
0.23839576043432598	0.20747164307151755	0.10443476881653892	0.2768073301169114	0.17289049756070596
0.2382302204397728	0.20774764420328573	0.1039763433203487	0.2765734091169797	0.17347238291961278
0.2385911323701313	0.20747992309465474	0.10408445599171975	0.27684194023819864	0.17300254830529532
0.23858244054785088	0.20755545408085468	0.10425861144802209	0.2767825697330222	0.1728209241902499
0.23816751580915402	0.20754065791528753	0.10427962476901691	0.27698661187468787	0.17302558963185344
0.23819136933543028	0.20731248048584627	0.10480023968854976	0.27671581408775525	0.1729800964024182
0.23795775124637786	0.2077249689649164	0.10449555847610345	0.2765165314620448	0.17330518985055723
0.23842817354195628	0.20780652654259515	0.10409083949151274	0.27666139306217785	0.17301306736175776
0.23800236833430322	0.20749764999025783	0.10407520190141137	0.277122580632861	0.17330219914116637
0.23835637876460747	0.20743177796222112	0.10450982865706204	0.276573897528281	0.1731281170878281
0.23837919356107376	0.20754834781838982	0.1041022479506445	0.27695400948051374	0.17301620118937788
0.2385419938016478	0.20735010629982137	0.10412093699825783	0.27658176763101405	0.1734051952692587
0.23808802673464025	0.20763451468377048	0.10438301593355243	0.2770204821099626	0.17287396053807402
0.23839950254759393	0.2074877253415398	0.1046124051656793	0.2765492815075967	0.17295108543759002
0.23798075210629052	0.2074459438505452	0.1044634510530814	0.2769381627241406	0.173171690265942
0.23839053252926956	0.20779970381998958	0.1039800483446183	0.2768702236943902	0.17295949161173219
0.2379173539812118	0.20764250458881423	0.10460553927449975	0.276655497241879	0.17317910491359498
0.2385863228764742	0.2076763929285764	0.1039372915434249	0.27687097989364673	0.1729290127578775
0.23813179103814341	0.20780517809128024	0.10395714609141275	0.2770338565496681	0.17307202822949522
0.23819239563403743	0.2075132211750787	0.1045070230209909	0.27647623842114394	0.1733111217487488
0.23790701364922975	0.20754260859187532	0.10467625313917739	0.27667512845212033	0.17319899616759696
0.23830378935660815	0.20779445931814886	0.1042579085321225	0.27671714806996317	0.1729266947231571
0.23842932570797554	0.2075114552534536	0.10412424117095188	0.27695700127841993	0.17297797658919875
0.23803848723131826	0.20767549979936445	0.10446000808503898	0.2766189974862875	0.17320700739799058
0.2382187320809222	0.20779018588523385	0.1040258376040469	0.2769603878806074	0.17300485654918937
0.2385889639414677	0.20757845408959985	0.1044112991909557	0.27659641809031293	0.17282486468766356
0.2377724166246214	0.20744837695866272	0.10480514532609501	0.277048564948394	0.17292549614222655
0.2382375162705539	0.2074468879191541	0.10466906115792668	0.2767240346489961	0.172922500003369
0.2385628995819864	0.20778122409379607	0.10377536572527374	0.2766821555199408	0.17319835507900277
0.23821163900078451	0.20762187770058027	0.10459258667918896	0.27670659249566876	0.17286730412377727
0.23832730589050827	0.20745471907781665	0.10451858183960754	0.2765565136240661	0.17314287956800123
0.23827828487779942	0.20747537020737902	0.10408955456176815	0.27680008633405195	0.1733567040190012
0.2379280228016249	0.20756788575768556	0.1047293068438692	0.27652379236637725	0.17325099223044285
0.23817073760579943	0.2074706435276563	0.10436144788411353	0.2768094349907154	0.1731877359917151
0.23817340144847055	0.2074219673195393	0.10448470002792748	0.2771202232951243	0.17279970790893812
0.23817401590277248	0.20755896451613767	0.10403111465309585	0.2770028902355732	0.17323301469242058
0.23817592193802137	0.20751819218651754	0.1046406509032722	0.27685204611701497	0.1728131888551737
0.2380933298458384	0.20771701334401305	0.10417830585052082	0.2770816578696825	0.172929693089945
0.23857260689242968	0.20736772100473153	0.10390782624454278	0.2766902020640539	0.1734616437942419
0.2378027740481995	0.20762092511676644	0.10458054795190627	0.27711263364020167	0.17288311924292588
0.2385168923047743	0.2075575999517189	0.10401896851958473	0.27661013539174034	0.1732964038321815
0.23799772155945778	0.20747914696319442	0.10465643983685124	0.27661220089415445	0.1732544907463419
0.2382033904547217	0.20734379382026108	0.10476376061332472	0.27689250481865146	0.1727965502930408
0.23814003689426347	0.207752222228203	0.1039402474321178	0.2767397777618736	0.1734277156835419
0.23819998590479838	0.2076928282511775	0.10465951179774047	0.27655908505269755	0.1728885889935859
0.2380236474207153	0.20747046019276186	0.10435498586076962	0.2770638901742657	0.1730870163514873
0.23820224836066703	0.2075959362643044	0.10429288033864606	0.27683993931687184	0.1730689957195104
0.23811840215266086	0.2075143654998887	0.10435118725275909	0.27682205974782853	0.17319398534686256
0.23846652163717924	0.2075394361837835	0.1045174627321838	0.2765130391766254	0.1729635402702278
0.23849405972271695	0.20745658171180242	0.10434782140161646	0.2769162762599564	0.17278526090390753
0.23797336450664833	0.20780830727140598	0.10429160948234684	0.2769230215788553	0.17300369716074332
0.23853661775451968	0.20735050767534466	0.10408010862200055	0.27670506587651755	0.17332770007161735
0.2383757009362908	0.2077589373442685	0.10429576018370437	0.27683067544287115	0.17273892609286493
0.2380930251365943	0.20773551292546313	0.10429421928260635	0.2767818411459166	0.17309540150941932
0.23829259544611286	0.20738924864641178	0.10393151302707071	0.27705457752115403	0.1733320653592504
0.2384314617835879	0.20751326016075594	0.1041732659815267	0.2768685224163293	0.1730134896577999
0.23858251556365456	0.20742473062095357	0.10387110892534193	0.27690885640529295	0.1732127884847568
0.2383137990654696	0.20775865181505426	0.10415005803312682	0.2768836606497431	0.17289383043660597
0.23824986902563636	0.2075553017403657	0.10433422871807013	0.2769139754414509	0.17294662507447664
0.23797620036703238	0.20743305676715137	0.10420550226313437	0.27692469588612395	0.17346054471655767
0.23847763592547755	0.2073959495423864	0.10429687824023186	0.27672307405052193	0.173106462241382
0.23835129955618858	0.20737958288803365	0.10478050669246904	0.2765257919856482	0.1729628188776603
0.23856139872610013	0.20750060790801422	0.1038539081667796	0.27686396215413467	0.17322012304497114
0.2380312850701231	0.2076061615791973	0.10480679446160268	0.27645242067302167	0.173103338216055
0.23846431890731995	0.20759996956663945	0.10446816119120533	0.2766928620758908	0.17277468825894424
0.23800121733282262	0.20780497507192736	0.1039723778143474	0.27674754041040195	0.1734738893705004
0.23802114867221935	0.20733024462850153	0.10476990819245982	0.27693658145138095	0.17294211705543813
0.23840099410322102	0.20739570585330216	0.10435003051391556	0.27701280150133223	0.17284046802822875
0.23844793710697698	0.20750135950685417	0.10406209485458912	0.2769546522329135	0.17303395629866603
0.23826768475120197	0.20772957598209418	0.10427311581835434	0.2768797989422376	0.17284982450611167
0.23838665401476936	0.2077097872120664	0.10388412665208743	0.2769997424508314	0.17301968967024517
0.23831538646201333	0.20749807095208816	0.10433050243882964	0.2765062475260319	0.17334979262103667
0.23851326515580862	0.20758494573137914	0.10414308675013115	0.27648116669280226	0.1732775356698786
0.23830157326942067	0.20738913394668504	0.10439972131922516	0.27683001798892937	0.1730795534757395
0.2378199605611301	0.20777461715089554	0.10432560215290115	0.2766240534888809	0.17345576664619203
0.2384516737128526	0.20746867034253394	0.10460392983931774	0.27644915330900666	0.1730265727962888
0.2380800220067743	0.20740551841505436	0.10430669019128874	0.2770696608143671	0.17313810857251521
0.2383037144953602	0.20743908381311532	0.1040431359114812	0.2769190000654953	0.1732950657145477
0.23795247660165955	0.20731657740970294	0.10447020835904759	0.27701231300836093	0.17324842462122875
0.23834855156952858	0.20752735570596528	0.10445729790198813	0.27650732118526333	0.17315947363725448
0.2380579916412494	0.20732267824077386	0.104692612026245	0.27671725475417663	0.17320946333755488
0.23796548668547202	0.20766141353015105	0.10477429240585984	0.2766112375010153	0.17298756987750155
0.2378181661598113	0.20759942029653075	0.10478836808663823	0.27705571191537065	0.17273833354164883
0.2385874702920272	0.20749381048735413	0.10436709437480832	0.2765884967880873	0.1729631280577228
0.23800276428690156	0.2075400750248186	0.10473650188636065	0.27676236247061825	0.17295829633130066
0.23834758965147756	0.20746831795052684	0.10418004120880073	0.276905715504102	0.17309833568509267
0.2385321368990066	0.2075575524121237	0.10437492842403145	0.27651089254280553	0.17302448972203247
0.23780369443557778	0.20770168038529263	0.10418837777875395	0.2769673094573303	0.1733389379430451
0.23826930241484034	0.20749804069120692	0.10477472635325971	0.27658039215109365	0.17287753838959918
0.2384250119463925	0.20739555303520013	0.10453376331795189	0.27651215793288914	0.17313351376756606
0.2382369935337746	0.20780966984582072	0.10403703436968861	0.2770320153713796	0.17288428687933619
0.23829018130595853	0.20742978599361103	0.10448628085948555	0.2770299222481827	0.17276382959276196
0.2383829766925133	0.20744623352768113	0.10444670886086249	0.2766631532785362	0.17306092764040662
0.23782178101597054	0.20758147126581056	0.10429949616681687	0.27711328594583556	0.1731839656055662
0.23799512189433977	0.2077006637154486	0.10413165124534386	0.2767196920916415	0.17345287105322604
0.23835393551749534	0.20758848728657467	0.10455481328609753	0.276554471974157	0.1729482919356752
0.23858275907172366	0.20739237097323726	0.1044843081810025	0.27648857371899743	0.1730519880550389
0.23827967135440786	0.20750630744429188	0.10455570142711011	0.27672569352496384	0.17293262624922603
0.23815056939632934	0.20759208716744107	0.10401997233694822	0.2770803822045221	0.17315698889475906
0.23860238109860682	0.20739084636033658	0.10413264718501361	0.2767503694587875	0.1731237558972552
0.2380259777245532	0.20754004176661506	0.10478203775907521	0.2766119802856811	0.17303996246407513
0.23785101456851276	0.20759044633619061	0.10412200834432882	0.2770314889493992	0.17340504180156832
0.23800595589806936	0.2074648767928884	0.10448252344404785	0.27670883003223146	0.1733378138327627
0.23813755655561367	0.20775206438715002	0.1046549644749472	0.2766296828918744	0.17282573169041446
0.23779694511921737	0.20765616547852273	0.10462992019903558	0.27657303849487014	0.1733439307083539
0.23796675576687	0.2077622588629058	0.10471576542242858	0.2766005745464345	0.1729546454013609
0.23778683316683621	0.20771961480626705	0.10447783349874647	0.27670840055506185	0.17330731797308818
0.23858918233307044	0.20740807005072762	0.10414045801478179	0.276639849451369	0.17322244015005095
0.237963266310874	0.20780677947815324	0.10377320761586892	0.2770347115870395	0.1734220350080641
0.23813149535914793	0.20747681643549018	0.10391305937321896	0.2770081040778483	0.17347052475429434
0.23806685041006548	0.20732573747070362	0.10444670841433935	0.27702020710654696	0.17314049659834435
0.23830886323650624	0.2077926280687672	0.10431030743759914	0.27659053024279673	0.1729976710143304
0.23783659347932556	0.20733988218549715	0.10467405725317855	0.27700674605510994	0.17314272102688857
0.23823535966748877	0.2074111390889191	0.10478790450840961	0.27659150752823686	0.17297408920694543
0.23851050334762391	0.20770691850264605	0.10416843075298679	0.27680273105084635	0.17281141634589664
0.23849518397990108	0.20769293019741936	0.10402154956152704	0.2770410037035549	0.1727493325575974
0.23784331955682722	0.20761947124845118	0.10467541093723227	0.27673538904171896	0.1731264092157701
0.2383820451322999	0.20768374742705867	0.10406050411809108	0.2766390098243604	0.17323469349818976
0.2378605597365867	0.20738098642809133	0.10475237222920547	0.27691234084684035	0.17309374075927586
0.2380042822290933	0.20756661353809255	0.10428303982176121	0.2768347330449678	0.17331133136608484
0.2384717081819521	0.20759724937801866	0.1043773394059461	0.27676485583761073	0.1727888471964722
0.23790919154590645	0.20742997558840795	0.10465041848039136	0.27683300002300926	0.17317741436228473
0.2383065908034985	0.2077232415697753	0.10427759778121524	0.2765261452129828	0.17316642463252788
0.23793507693943344	0.20736485311341035	0.10429353089949775	0.2769819413456062	0.17342459770205204
0.23848121499603267	0.20763390029068737	0.10389887158948123	0.27690753121175743	0.17307848191204103
0.2385698065097369	0.20738311602108075	0.10378802400296544	0.27707576727331373	0.17318328619290294
0.2380076562863215	0.20735082946051156	0.10476732742177493	0.27659222264307215	0.17328196418831956
0.23850527891480783	0.2077451622109997	0.1040665859181233	0.2768274130813961	0.17285555987467283
0.238407859141398	0.20759867165355403	0.10390390519635594	0.2766394150946399	0.17345014891405192
0.23838358899846024	0.2076102826628174	0.10410998363351581	0.2769802212496592	0.1729159234555471
0.2381143269865079	0.20745928699117533	0.10411894035738008	0.2770920098589639	0.1732154358059726
0.23851708506545943	0.2074699704553757	0.1042788775425018	0.27645081129479676	0.17328325564186603
0.23813647147069764	0.20769371143610654	0.1045345590866779	0.27644068632495034	0.17319457168156735
0.23823414802760684	0.20761105598821658	0.10427735025040057	0.27666370334815515	0.17321374238562057
0.23780740840612613	0.2076862433160385	0.10436892758660055	0.27686896431357144	0.17326845637766314
0.23810366714907943	0.20736355428323222	0.10459457305564232	0.2764708508109418	0.17346735470110397
0.23836929029962467	0.20750117520162656	0.10380617586141845	0.27693591350101154	0.1733874451363185
0.2384089780355732	0.20748148313127973	0.10448087955033017	0.2767031127732583	0.17292554650955838
0.23825739517841166	0.2076776119512897	0.10429126062977663	0.27678443743109965	0.17298929480942207
0.23832288918257333	0.2077654062211037	0.10409603505475468	0.2765576381662802	0.17325803137528786
0.23785388937271307	0.20735082670198296	0.10458890639128839	0.2768733161788351	0.17333306135518023
0.23854346186420333	0.20762897170463468	0.10399988081712233	0.27670343867628155	0.17312424693775785
0.23833319683124976	0.20751230163916728	0.1039564216764188	0.27682874318276607	0.1733693366703978
0.23847436545486636	0.2077400992773341	0.10387911432377048	0.27684507847090556	0.1730613424731233
0.23778160265964204	0.20766260270428033	0.10446836395631034	0.27688799569353534	0.1731994349862317
0.23847880660932894	0.20749445957464333	0.10387498129270988	0.27711159199355373	0.17304016052976387
0.238134480700093	0.20753264364896512	0.10448703422935779	0.2768148995256905	0.17303094189589335
0.23776975629652125	0.20732746419509865	0.10446671500401201	0.27697973442240353	0.17345633008196432
0.2383824566756062	0.2076003925684422	0.10459314220948686	0.2764485050851889	0.17297550346127558
0.23829464652509183	0.20771249632204725	0.1042437733972196	0.27692869866704706	0.17282038508859404
0.23825421100610522	0.20778266565676304	0.1046657117366403	0.2764966710262032	0.17280074057428804
0.2383858001979735	0.20731732078938991	0.10423992134556288	0.27694152664334504	0.17311543102372845
0.23834624076419583	0.2078138963999701	0.10401106223876457	0.27656472795474735	0.1732640726423219
0.23807236182088898	0.2076720403822259	0.10462592214772153	0.27687754823681016	0.17275212741235318
0.23838064742842152	0.20757421854160096	0.1039908761377945	0.2766146061482643	0.17343965174391848
0.23800039889053598	0.20748042158034272	0.10457878933120897	0.27676188095080556	0.1731785092471065
0.23829019144780778	0.20737525736174534	0.1047556211864635	0.27659001857700194	0.17298891142698122
0.23816126402901466	0.20738872018276397	0.10456538640746779	0.2764470985377599	0.17343753084299343
0.23856268452455992	0.2076181723592667	0.10460621262911915	0.27646575193718453	0.17274717854986946
0.23834022411192982	0.20762914197090374	0.10439439108638471	0.2764533495106718	0.17318289332010967
0.2379401993467738	0.2077318264284221	0.10421535718186031	0.27709655642381276	0.17301606061913077
0.2380882890161215	0.2075640019912912	0.10439206899709703	0.2766383005056978	0.17331733948979214
0.23829175357819282	0.2077941841827832	0.10425989063181047	0.27672336311727797	0.1729308084899353
0.23830364640007073	0.20780418049475138	0.10424806856590682	0.27645949985926455	0.17318460468000627
0.2377691573766036	0.2077476894683444	0.10480903662710717	0.2764615889911695	0.17321252753677507
0.23803082299509848	0.2074035022067791	0.10430329989275114	0.2769344008820485	0.1733279740233225
0.23801746815640784	0.20776930110920938	0.10479132452391579	0.27648993519423737	0.17293197101622937
0.23840499889584285	0.20754673414837596	0.10429429426688058	0.2765182757431196	0.17323569694578075
0.23794630452200927	0.2074329090775785	0.10458612882022926	0.27667345863450954	0.1733611989456732
0.23798822794854818	0.20733111185286368	0.10458975877965385	0.27711554092542967	0.17297536049350434
0.23804672880434374	0.2076002809020925	0.10409492165038652	0.2767896594380339	0.17346840920514303
0.2383849827132486	0.20743754793278363	0.10412638488688156	0.27709084313951815	0.17296024132756782
0.23845031534985534	0.20746145780841596	0.103884445865082	0.2767730120424686	0.17343076893417783
0.23785169498677602	0.20777001207548734	0.10437400293588422	0.2765732079951332	0.17343108200671897
0.23860202372658146	0.20747745197087833	0.10417846099573155	0.2764747312943339	0.1732673320124745
0.23859365839907815	0.20731397903628906	0.10432841308378459	0.2765645494334136	0.17319940004743437
0.23822078459006427	0.2075550608608653	0.10469228156942874	0.27662897475190307	0.17290289822773836
0.23838204161664267	0.2076796409255874	0.1039946689656116	0.27658501437025673	0.17335863412190128
0.23824008755295714	0.2075316406903444	0.10461975855198828	0.2766379198161521	0.1729705933885578
0.23847473643027167	0.20772039173919107	0.10411422500298684	0.2764433656702052	0.17324728115734495
0.23788830322075954	0.20740176400905463	0.10468785305156689	0.2769202722260724	0.17310180749254628
0.23841810191506208	0.20772967537928735	0.1040766845668003	0.276928148253276	0.17284738988557405
0.23820059145762684	0.20780836403832154	0.10465319141863678	0.276471777789308	0.17286607529610662
0.23788665638422865	0.20740234520010495	0.10457925764925433	0.27712236360504555	0.17300937716136625
0.23825592916186733	0.20742660757439038	0.10454382150102602	0.2765916228070414	0.17318201895567464
0.2381498991247315	0.2076652695234823	0.10411518428933553	0.2770260690356001	0.17304357802685033
0.23813882208633602	0.20745674627223615	0.10422863757377591	0.27709885634377646	0.17307693772387522
0.23816371348493615	0.20765207905896127	0.10423007261928666	0.27684457529173095	0.17310955954508472
0.2382684559524872	0.20763030452130782	0.10435607466000436	0.2768087198309065	0.17293644503529387
0.23820079805759437	0.20737182639718188	0.10454026135388715	0.2766037624770551	0.17328335171428128
0.2380786046451413	0.2076144311790049	0.10469045940749026	0.27661683407255827	0.17299967069580502
0.2380324631205079	0.2073742688925233	0.10434168990706286	0.2770529729302511	0.1731986051496546
0.23789576508513516	0.20755711853437098	0.10458193163638331	0.27671984367209235	0.17324534107201797
0.23813625088701507	0.20752202690448968	0.10385824399669599	0.27708541143649373	0.17339806677530525
0.2378053801256871	0.2077993981833122	0.10451974426583766	0.276557778727064	0.17331769869809877
0.2383655278779768	0.20737228599289478	0.10447368936605612	0.27657344178984694	0.1732150549732251
0.23850045841366596	0.20733333067595477	0.10443917406050802	0.2765199582857257	0.17320707856414533
0.23819895400900482	0.20776429449131323	0.10377442266247884	0.2770614842784074	0.17320084455879553
0.23826431569366482	0.20732960043289483	0.10455732397480326	0.2769824236763452	0.17286633622229164
0.23798809920264763	0.20740755757524745	0.10428240206130324	0.27709895146767427	0.17322298969312716
0.23802878026974378	0.20753095691181547	0.1044959048556165	0.2767901108041153	0.1731542471587087
0.23800162118427276	0.20742362396924358	0.10465043193814556	0.2764609285799304	0.17346339432840746
0.2382004593510454	0.20737357712994814	0.10467333407780592	0.27643973574123826	0.17331289369996203
0.2381902035486534	0.20773572874030968	0.10406002075598207	0.27691102222336644	0.17310302473168812
0.23840655637906005	0.2075277627561574	0.10446165958779069	0.2766145712422703	0.17298945003472133
0.23825635382856997	0.20771616955936067	0.10471328566374968	0.2764536982915247	0.1728604926567947
0.23821647177931823	0.2074052619149335	0.10428190846482252	0.2769244820112206	0.17317187582970492
0.2384185889881577	0.20763854429668743	0.10385675165497593	0.2770341971336279	0.17305191792655075
0.2382184406433986	0.2075942416501625	0.1045324538059542	0.2767422208447131	0.17291264305577136
0.23847686114541863	0.20759699102817666	0.10417758499014945	0.2767673953120291	0.17298116752422593
0.23813542079405284	0.20750887566151666	0.10467050148019001	0.2764918114919999	0.1731933905722403
0.2379380329811341	0.20768257828211306	0.10457270949831736	0.2765228941338188	0.1732837851046164
0.2382708954030296	0.2074495576736791	0.10458368645497054	0.2769412065457764	0.17275465392254413
0.23808469112864777	0.20772463397961247	0.10430159353428921	0.2770387657218676	0.17285031563558273
0.2380314757480147	0.20762804647802016	0.10437748542024593	0.2765913358002488	0.17337165655347014
0.23835162262489798	0.2075154482907702	0.1041444565776697	0.27676048627707184	0.1732279862295901
0.2384662882335258	0.2073921015392414	0.10456803157789184	0.27653072847600574	0.17304285017333498
0.23796957496449628	0.20761522506430366	0.10448641720700447	0.27668038981155996	0.17324839295263542
0.23790393038696697	0.2074822567985605	0.10467386636166254	0.27695152425533914	0.1729884221974706
0.23857053146105112	0.20762637600977413	0.10399492170113016	0.2766877770663689	0.17312039376167546
0.23786395661509133	0.20774526117793463	0.10475298565041569	0.2768671028947012	0.17277069366185685
0.23785632953627134	0.2076433205409262	0.10455597142127479	0.27660852202894287	0.1733358564725845
0.23793011439632555	0.20743276652619622	0.10468219587989605	0.27663124030976827	0.17332368288781366
0.23849038470095432	0.2073570583206054	0.1042310940877009	0.2764909800364996	0.1734304828542396
0.2385531344084238	0.2077472292423731	0.10389434034404085	0.2770580107130491	0.17274728529211292
0.2382029899539987	0.2074928203890302	0.10429900986620519	0.27701698649605533	0.1729881932947104
0.23785081777850298	0.2074544816628165	0.10462102051112403	0.27709371808071764	0.1729799619668386
0.23813850053223418	0.20737279596587366	0.10476775978509045	0.2769382310962867	0.1727827126205148
0.23787881989339826	0.20735807540786105	0.10476200195650164	0.27697281123786105	0.1730282915043778
0.23799565474242051	0.2074984739025044	0.10414602135952711	0.27689603299672383	0.1734638169988239
0.23849090361462322	0.2074680732855142	0.10427360885460474	0.27662985738181456	0.173137556863443
0.238443492968146	0.2075894149962609	0.10423821164197888	0.2765907591191419	0.17313812127447203
0.23784079807576383	0.2074452132572048	0.10477540151523282	0.2770139196209137	0.17292466753088456
0.23826620168530052	0.20745276891986478	0.10461720978881776	0.2764682447555064	0.17319557485051026
0.23856499492962918	0.20762901875917295	0.10437847594949796	0.2765284683625896	0.17289904199911008
0.23818505307129045	0.20732288045736488	0.10449103660344485	0.27705850472606786	0.1729425251418317
0.2383628291726992	0.20753393628686395	0.10421255710353637	0.27657245412081	0.17331822331609026
0.2382041850930064	0.2075416420810288	0.10465038246337255	0.27677662073069026	0.17282716963190178
0.23814737885980086	0.20740125736528153	0.10472278303634439	0.27672673211567705	0.17300184862289594
0.23820207808855662	0.2077029088529626	0.10427428045883332	0.2767710405823316	0.1730496920173156
0.23851722927720287	0.20780579432577365	0.10385992448702065	0.2769366762283914	0.17288037568161116
0.23794585101300753	0.20758071325486774	0.10463091893325528	0.27662043075858367	0.1732220860402855
0.23833770130525841	0.20754643093900077	0.10399922539736686	0.2768562747853067	0.17326036757306704
0.23824666064793637	0.20743998467169256	0.10446012044872736	0.27657013838504496	0.17328309584659854
0.23846659191873448	0.2073223585496557	0.10461643272959713	0.2765014109500047	0.1730932058520078
0.23842975358692808	0.20732622304236842	0.10421719489433616	0.2769848398128387	0.17304198866352838
0.2384567691935195	0.20780230123515236	0.1042107290318158	0.276631961813306	0.17289823872620608
0.23793408565789637	0.20755606534384313	0.10470300127674365	0.2769486727211645	0.1728581750003521
0.2379734163585317	0.20775230353528093	0.10460522039955382	0.27681846876722416	0.17285059093940913
0.23788195468796	0.20756084769988886	0.10476175814604154	0.2765257439566482	0.1732696955094612
0.2385871477733277	0.20732643044733973	0.10422808751211136	0.2766470510157161	0.17321128325150492
0.23807323697672048	0.20764368624768187	0.10448981243102269	0.27650027451110476	0.17329298983346997
0.2383230039914439	0.20742725344080062	0.10435782267920356	0.2769025890876151	0.17298933080093654
0.23814686271933538	0.20772632409229608	0.10382144478344096	0.27707036162458676	0.1732350067803406
0.23844830404987946	0.2077809431524384	0.1039359750211581	0.2768347137600239	0.1730000640164999
0.23816154693375724	0.2073289305227503	0.10480806742867198	0.2765965427732555	0.17310491234156472
0.23836903755072802	0.2073226972164315	0.10465901496853539	0.2768943361428895	0.17275491412141533
0.23823380071671724	0.20758221988305692	0.10411564354956183	0.2767327046048901	0.17333563124577367
0.23843588355854017	0.2077921846653487	0.10381672871797089	0.27667509799234485	0.1732801050657951
0.2380109773163017	0.20768340169740523	0.10425682249186508	0.27692948485467256	0.17311931363975516
0.23839309245431103	0.20739709229190634	0.10413067630007553	0.2771037453988429	0.1729753935548639
0.23809013673038681	0.20735888665240262	0.10467783707710494	0.27692815372744245	0.17294498581266293
0.2383621791734336	0.2075815834601042	0.10454146917439082	0.2767731202431566	0.1727416479489145
0.2379957732613528	0.20772233569460824	0.10471219603712008	0.2766322944923156	0.17293740051460307
0.23837651333910795	0.20743418718026005	0.10424649732213574	0.2765192263784238	0.17342357578007225
0.23849696847233526	0.2076796258926061	0.1041211434706722	0.27674031675295313	0.17296194541143306
0.23781106655582762	0.20757701056056593	0.10442530166433542	0.2770482302384546	0.17313839098081618
0.23825806804148902	0.2076316520760257	0.1038284836909399	0.2769873756497308	0.1732944205418143
0.23789761664940046	0.20781257579962628	0.10428034232942857	0.27678635809328456	0.17322310712825992
0.23845227692120344	0.20752369071832766	0.10419719976755892	0.27672887125395484	0.17309796133895491
0.23828701239679445	0.20758738751942682	0.10449999289239878	0.27649120728262466	0.17313439990875507
0.23815563580274518	0.2077892036168976	0.10391377326694247	0.27686320500849465	0.17327818230491984
0.23854518248520049	0.20778750809249283	0.10394992578755127	0.276845086454193	0.17287229718056218
0.23828437272571013	0.2073158060129371	0.10420385928656992	0.27691435745784354	0.17328160451693908
0.23829443237829298	0.20738684265970264	0.10414367937332891	0.2771233001814569	0.17305174540721832
0.23812279923620733	0.2074169529770016	0.10461616523602711	0.276768616761686	0.17307546578907768
0.23785440238656722	0.20761593062574046	0.10451404673679138	0.2769751104131686	0.17304050983773211
0.2385140945962017	0.2073354583554251	0.10447561225523497	0.2768317304021218	0.17284310439101613
0.23833239747282814	0.2076884332694166	0.10379608430323936	0.27709736558630327	0.17308571936821232
0.2379933570960348	0.2074174481436466	0.1047793619797585	0.27672115488033716	0.17308867790022267
0.23785006765741473	0.20742402667204807	0.1045442797129546	0.2766885579124701	0.17349306804511225
0.23785457200378574	0.20768123742742747	0.10479330844721872	0.2766109663157944	0.1730599158057734
0.23827946839799802	0.20779753349397292	0.10398691762743605	0.27657477745550363	0.17336130302508918
0.2378136501881583	0.20774722952530997	0.10425891178267059	0.27671408831759775	0.17346612018626312
0.23822949472942567	0.20779516929695052	0.103801731146975	0.2767636632088199	0.17340994161782863
0.2384410450465591	0.20755346990482582	0.10389159171363804	0.27691878929143177	0.17319510404354505
0.23856797544899738	0.20742787406009208	0.10390828321698811	0.27684347524439296	0.17325239202952925
0.2384494897854672	0.2077242504194994	0.10419472486449724	0.2765462263792326	0.1730853085513033
0.23804723540411954	0.20779593905947735	0.1039437979911616	0.2769006123240804	0.17331241522116084
0.23845515865822098	0.20731574481986995	0.10447478502716882	0.27644368364492916	0.17331062784981086
0.23849014791294504	0.20733997037028054	0.10439551429933693	0.27660858819490547	0.1731657792225318
0.23831026158175597	0.20761335151489205	0.10433856821314753	0.2767524308078769	0.17298538788232729
0.2381551172342615	0.20761695185822163	0.10436187419128691	0.27680944344107844	0.1730566132751513
0.23798334528944953	0.2076789048124767	0.10462956354985851	0.27678622159517086	0.1729219647530441
0.23798405420522337	0.20766595776730185	0.10394197316279614	0.2770354066350803	0.1733726082295981
0.2385234530275482	0.20758060961525293	0.1039211712718109	0.2769180692968431	0.17305669678854463
0.23851860766673627	0.2075999661204207	0.10387870694005649	0.2768796048639792	0.17312311440880712
0.23842434359264308	0.20741929822003494	0.10427857778287362	0.27691891897820065	0.17295886142624742
0.23790543931238675	0.20779690167324927	0.10467145264915727	0.2768367158402347	0.1727894905249718
0.2379097013867047	0.20761646677680232	0.10447038951565504	0.27689691292993257	0.17310652939090515
0.23817136574938652	0.20752484321573042	0.10448658737663016	0.2764984670150651	0.17331873664318762
0.23819998008585452	0.20778450117952135	0.10447366339540083	0.27652838765973986	0.17301346767948314
0.2383780755511884	0.20776139165232285	0.10387905740786874	0.27650136686350896	0.1734801085251108
0.23829028442099015	0.20744148908853152	0.10473428145078495	0.2766862938408172	0.1728476511988759
0.2381882672785251	0.2077701376906847	0.10423732594297447	0.2767384532703059	0.17306581581750963
0.23838059905856362	0.2074156194712303	0.10425696425798228	0.27667408378002634	0.17327273343219718
0.23790781961142407	0.20777991060222664	0.10435901530357605	0.2766990942504654	0.17325416023230755
0.23844778129897642	0.20736705252522233	0.10385519409316903	0.27712030279191346	0.17320966929071852
0.2383707013167834	0.20742182395545192	0.10433845605486607	0.2770389238929841	0.17283009477991426
0.2382459208140586	0.2075587921122603	0.10434637279259386	0.27673129868726254	0.17311761559382446
0.2384084300672641	0.20739579048893197	0.10473319581651577	0.27649700152375956	0.17296558210352836
0.2381415228816421	0.20754561909212882	0.1045741212715772	0.27687715646196265	0.17286158029268897
0.23818908025743185	0.20760258171685791	0.10414045203604586	0.2769416313664518	0.17312625462321235
0.23796394142043814	0.20736575045140143	0.1048012835729969	0.2766706987581717	0.17319832579699157
0.23809802556248605	0.2077576995957226	0.10444236907437573	0.27648080640743766	0.1732210993599777
0.23833937429978813	0.20750337904303282	0.10453367596394433	0.2765437698150053	0.17307980087822925
0.238267390827608	0.20773441724784697	0.10383746291811875	0.27692098621365324	0.1732397427927728
0.23814536554525523	0.2075307752044796	0.10430284558799063	0.27656284768797007	0.17345816597430425
0.23852368873433777	0.20756755584622105	0.10405060290011135	0.27665439832312355	0.173203754196206
0.2378932087861962	0.20768087465024118	0.10405435998838142	0.27707131722145173	0.1733002393537293
0.23848516092293026	0.20735611733844278	0.10448772200885943	0.27692842737411155	0.17274257235565577
0.238538056579819	0.20744101280789964	0.1040032508998024	0.27707582416154997	0.17294185555092878
0.2383589928852592	0.20769866176864493	0.10402110180547475	0.2770819248115118	0.17283931872910913
0.2378467178566568	0.20733968342611464	0.10475083001236765	0.2767015085486827	0.173361260156178
0.23801623387739673	0.20756694709567286	0.10439682252945805	0.27693110919024816	0.17308888730722397
0.23813196152140184	0.2077624723462409	0.10440409017086523	0.2765490293648351	0.17315244659665668
0.2382106535621782	0.20731997705492905	0.10456547557381793	0.2765998529039781	0.1733040409050965
0.23817184370011416	0.20748895467574727	0.10449344191795393	0.2770983564794972	0.17274740322668714
0.2379277002851546	0.20763474308487134	0.10447989802353112	0.2766498705311674	0.17330778807527528
0.23817300306588757	0.20766266921891513	0.1044324631942601	0.2766269426126371	0.17310492190829985
0.2379301042481262	0.20767227611834363	0.10407221480351689	0.27700281007468186	0.1733225947553312
0.23784839535685376	0.20751828267843658	0.10464092737977577	0.27655080045260666	0.17344159413232696
0.23796809402830368	0.2077423480271306	0.10455043724605681	0.2767278035352782	0.17301131716323043
0.2383160555480125	0.20773455578278505	0.10388221840786142	0.2767170092782639	0.1733501609830769
0.2379562001023126	0.2076422320296617	0.1042074825251326	0.27678404787906774	0.17341003746382508
0.23799182186210277	0.20751173317837088	0.1041902343342393	0.27691022648118147	0.17339598414410537
0.23857127163401853	0.20778527297739116	0.10391888599819483	0.276682089108345	0.1730424802820502
0.23791045681047257	0.20739997665577678	0.10466928934892294	0.2767187291268258	0.17330154805800163
0.23825367773524592	0.20735771573477163	0.10466094477741571	0.2768248641893517	0.17290279756321475
0.2379688129779923	0.20761006378200975	0.10413176643625024	0.2769156650304925	0.17337369177325504
0.23783135957966184	0.20751960976301045	0.10447917850326492	0.27705458474597355	0.17311526740808894
0.23811928595211274	0.20733034734703623	0.10479569363438662	0.27689478775647997	0.1728598853099842
0.23837384393567043	0.20735602733569347	0.10436345497679685	0.276614823616723	0.173291850135116
0.23834790900689662	0.2078136966761344	0.10414587918259939	0.2765765718316944	0.17311594330267494
0.23841592235598708	0.20731976176737585	0.1041771194251762	0.27698338716837856	0.1731038092830821
0.23833482630720726	0.20738228995354896	0.10444832803044998	0.27666572904695585	0.17316882666183772
0.23821771982130044	0.20739945828511394	0.10389164939489035	0.27711403018836767	0.17337714231032736
0.2379842466715217	0.2075820238409699	0.10477941170964813	0.2766929243786266	0.17296139339923344
0.23809796431093636	0.20768426468724865	0.10439227579116915	0.27678122000295535	0.1730442752076902
0.2383111353345356	0.20735551567144583	0.10422329691858961	0.2767500449345051	0.1733600071409236
0.2381716817616793	0.20759328020478215	0.10434867232482974	0.2769250647981733	0.17296130091053527
0.2383781725955444	0.20768409417063557	0.1043474502510651	0.2765068716647783	0.17308341131797642
0.23842601572904779	0.20777132711323962	0.10403253361744853	0.2765453206068229	0.1732248029334409
0.23841382574009787	0.20755148377130211	0.10450411836754736	0.27663254431598205	0.17289802780507038
0.23851360599039434	0.20765640309129932	0.10408237023627641	0.27672998172367314	0.1730176389583566
0.23846780287622446	0.20748618212463077	0.10439436778315059	0.2765648083701379	0.173086838845856
0.23811842933759883	0.207323432138655	0.1041771410432836	0.2770429503388804	0.17333804714158196
0.23834590454841198	0.20732202559666305	0.10439749257610037	0.27676850279216575	0.1731660744866586
0.23819127172954813	0.20754751367427057	0.10454788193730784	0.27669863852785437	0.1730146941310189
0.23835103342199102	0.2074312024906615	0.10419987348428941	0.2769238465216032	0.1730940440814546
0.23803424365650053	0.20735342521664343	0.10422920335753376	0.27694206578859215	0.1734410619807299
0.2383982907409154	0.20762094276584292	0.1045253913282198	0.2764569792040581	0.17299839596096359
0.2383749933599414	0.2077845698227315	0.103874870784965	0.27672138957799375	0.1732441764543681
0.23859565546907036	0.20752699970568186	0.10378588302673294	0.27705953605571965	0.17303192574279494
0.2382775613797502	0.20761047638760188	0.10454247406967017	0.2767914327551947	0.1727780554077828
0.2377876411742656	0.20764539268596097	0.1047636690809722	0.2770100828370062	0.1727932142217948
0.2383470741684666	0.20748915256216313	0.1042035982500866	0.2767792503165767	0.17318092470270677
0.23847828844960373	0.20769692302601045	0.10401271182335114	0.27706299717503247	0.172749079526002
0.23824757148788908	0.20739090792254183	0.10436352366949782	0.2765750337722187	0.17342296314785235
0.23838844370916132	0.2075180891469593	0.10390132949978322	0.27695795662671613	0.1732341810173798
0.2385862202609343	0.20780276554260693	0.10409684575905065	0.2767283212400047	0.17278584719740323
0.23860567503998065	0.20759007902929053	0.10381825706891458	0.2767784911109128	0.17320749775090122
0.238009609713128	0.2076289921946778	0.10450477041994699	0.2769643733884885	0.17289225428375843
0.23786746210157034	0.20773619251158118	0.10473681642488661	0.27653430113048416	0.17312522783147744
0.2379508041783196	0.20778033678455027	0.1045110825932428	0.27646602517877816	0.17329175126510893
0.2383665479437269	0.20754188852190558	0.10450422980954636	0.27675465725344023	0.17283267647138068
0.2382372926809066	0.20768519386490222	0.10411053825414915	0.2769214315391253	0.17304554366091646
0.23860896546088967	0.20736990706719027	0.10414547345952989	0.27696554284136204	0.17291011117102792
0.23800586926297093	0.207802935579168	0.10415614387128291	0.27679581987868274	0.17323923140789516
0.23859986982991144	0.2075968796868264	0.10400216432684396	0.2765978848302325	0.17320320132618544
0.23795830688649838	0.20744829001308815	0.10457487413424663	0.2770123323769902	0.17300619658917635
0.23814695678986414	0.20736459150948533	0.1044489223663618	0.2765573310670052	0.1734821982672833
0.2380791752548987	0.20778028924357744	0.10442240546031453	0.2768542469861495	0.1728638830550596
0.23842869887950366	0.20733226100004015	0.10427742996721477	0.2771109581643654	0.17285065198887578
0.23784235392577613	0.20759608060690707	0.10465754508557579	0.2769469445194243	0.17295707586231643
0.23785430195923482	0.2078083971095803	0.10469114322539383	0.2767616398646372	0.17288451784115358
0.2378461415007797	0.20780820127346886	0.1046531590580721	0.2765674569248	0.17312504124287906
0.2385219346164528	0.20739380511919292	0.10470480185756754	0.2766054943927658	0.17277396401402065
0.2382449553940903	0.20769977369631304	0.10404497538305399	0.27671186921189117	0.17329842631465128
0.2383853043649421	0.20738644518476934	0.10424665428876126	0.2767730484992634	0.1732085476622637
0.23801732277956747	0.207392869611677	0.10419804932031353	0.27699036081757045	0.17340139747087135
0.2379479692967763	0.2076597351933855	0.1045369317737647	0.2767247819701263	0.17313058176594698
0.23820382551874908	0.20778827700744987	0.1039377913413428	0.2770479018294084	0.1730222043030496
0.23792046777821735	0.20781121841706093	0.1046487943590364	0.2768763389463789	0.17274318049930615
0.238280955696239	0.20778052502594552	0.10425872907220503	0.2766019126217878	0.17307787758382243
0.23851360609128536	0.2076925150946042	0.10414043524770755	0.2764583211546672	0.1731951224117355
0.23844622023418088	0.20776700772943862	0.10423590990147569	0.27675758187021204	0.17279328026469248
0.23792917972771815	0.20765362250541813	0.10422866742942917	0.27693445048964355	0.1732540798477908
0.23807741272326924	0.20772556316943533	0.10411252460752596	0.2770093037051822	0.17307519579458702
0.23801556605133564	0.2075162991384336	0.10450983126378179	0.27704853162362586	0.17290977192282286
0.23831345719415378	0.2073890153527672	0.10445076443652274	0.27701676753479954	0.17282999548175648
0.23836956596700593	0.20753734885010597	0.10468272118273117	0.2766054458101809	0.17280491818997576
0.23799381959918922	0.20757789468919802	0.10429014649647489	0.2767166815065615	0.1734214577085762
0.23800418802185352	0.2077612194351737	0.10408811576671696	0.2770804747818545	0.17306600199440111
0.23838299497095775	0.20755924289154992	0.10442519582954776	0.2766928246850274	0.1729397416229169
0.23819544820462	0.207742660264504	0.10402797032178047	0.2767005740887759	0.1733333471203194
0.23833235993360902	0.20780354976834794	0.10395032617070205	0.2765232137543175	0.17339055037302326
0.23804023662826257	0.20769452707934088	0.10464400421229998	0.27658520261534136	0.173036029464755
0.23839898050500397	0.20762004949482302	0.10407571810064577	0.27673130825810793	0.17317394364141908
0.23817147885830775	0.20731624079304778	0.10418485025002917	0.2769431037932292	0.1733843263053859
0.23780535691666976	0.20779854291773314	0.10403640681657346	0.2770182578325018	0.17334143551652162
0.23824974671530974	0.20761534818764574	0.10396506166105017	0.27699331325067966	0.17317653018531445
0.23842761701653706	0.20759025281707122	0.10381628997794472	0.276727832642658	0.17343800754578878
0.23789768273011005	0.2077373153835126	0.10427757891837217	0.27694981932433693	0.17313760364366804
0.23858327205762375	0.20740190466755143	0.10418183379158567	0.2766379336626348	0.1731950558206041
0.23798717701181496	0.20768236567237108	0.10396784531303142	0.27695775999659983	0.17340485200618244
0.2385947284286492	0.20748574845174622	0.103928545678425	0.2765180490503269	0.17347292839085246
0.23784856881674055	0.2076154817793314	0.10432863975764906	0.2768749865806892	0.17333232306558954
0.23789743080919382	0.20748349321309065	0.10441962502484387	0.2769466538712455	0.17325279708162591
0.2385285601040379	0.2075942190424466	0.10426295079711947	0.2766271639054163	0.17298710615097945
0.23780854364507323	0.20753282469179163	0.10420425176504439	0.2770231514459798	0.17343122845211073
0.23805661224765057	0.2078069227311582	0.10435839322585302	0.27688011251795264	0.17289795927738533
0.23838071415297868	0.20757275477198092	0.10422623882138188	0.27645598974105123	0.17336430251260707
0.23814404502602482	0.2077248830519718	0.10414433903869037	0.27674014862148	0.1732465842618328
0.2378094703626184	0.20780808608260493	0.10459518302288393	0.27700865207465253	0.17277860845723997
0.238586165084776	0.20736195540550603	0.10401739335817023	0.27696213022795363	0.17307235592359385
0.23837091666537286	0.20759289454411445	0.10459112603808104	0.2766130273094958	0.1728320354429356
0.23846962975480374	0.2076039786658092	0.10382032650372618	0.27688388507510003	0.1732221800005606
0.2383302680277425	0.2076186604415695	0.10427389225930656	0.2767686416759824	0.17300853759539878
0.2377755858209342	0.2074508132508482	0.10459413195569572	0.27695841970839785	0.1732210492641238
0.23837550118647638	0.20777589264773494	0.10419902619887968	0.2766607670592843	0.17298881290762447
0.23782490200610218	0.20759678947635418	0.10479384960108389	0.2767364200260335	0.173048038890426
0.23783654331534934	0.20765161249824066	0.10425439066052693	0.2767819324790861	0.17347552104679667
0.23821934935665792	0.20739300678099043	0.10445578674339079	0.2765540338304048	0.17337782328855583
0.23824153233298906	0.2073201194603233	0.10414948879958796	0.27709367094214205	0.1731951884649574
0.23831169305851468	0.20743863190846223	0.10445479055678589	0.2770018736221972	0.17279301085403975
0.23797723318015515	0.20756407730084986	0.10445389214780214	0.27660645375888554	0.17339834361230705
0.23857991794863287	0.20760067292340084	0.10390274819174877	0.2767966196323644	0.17312004130385286
0.23841097545297937	0.2078135094568373	0.1039068954225063	0.2769650307958599	0.17290358887181692
0.23858115157354365	0.2076715007092388	0.10428981537391376	0.27660280905107776	0.17285472329222576
0.2380820098784076	0.2077024327201283	0.10469366933035067	0.2766280844512733	0.17289380361983983
0.2384750066518043	0.20738524276526207	0.10404756948466742	0.2770025349193212	0.1730896461789448
0.23836567492573157	0.20747681373913807	0.10417855493093017	0.276920536176043	0.17305842022815693
0.23777349257228278	0.20752800309490357	0.10444954503810477	0.2767918835368379	0.17345707575787073
0.23825904445392604	0.20749361849221393	0.1041657182802009	0.2768412074315667	0.17324041134209217
0.23814889920987897	0.2074295637118364	0.10415376455940015	0.27679402417787535	0.17347374834100884
0.2381968503727578	0.20772407533680973	0.10417932261215787	0.2766057331211763	0.17329401855709808
0.23804907629798225	0.20766668349130535	0.1043179208971265	0.2767408058087813	0.17322551350480436
0.23811482353831936	0.2076882968423183	0.1043352085795411	0.27681292666940893	0.17304874437041207
0.2384829417888687	0.20755672415830406	0.10403710675293444	0.2770602425858545	0.1728629847140381
0.23827873558411394	0.2074235252541907	0.104346805402654	0.27679153197063433	0.1731594017884068
0.23785539057008476	0.20765730397817386	0.10454444880351293	0.2769634263525733	0.17297943029565493
0.2384585332222515	0.20745903421386752	0.10441108385521962	0.27655512962424866	0.17311621908441244
0.2379304089994317	0.2073210004448768	0.10474781243478971	0.2768795921621885	0.17312118595871312
0.23821731866644236	0.20746429976805253	0.10446455307477151	0.27651378169357094	0.17334004679716244
0.23808698051234783	0.20772951214132832	0.10396445582689658	0.2767339195403685	0.17348513197905854
0.23860486921402935	0.2073766860102631	0.10408630868550478	0.27659126375228116	0.1733408723379214
0.23840261151720277	0.207322059861716	0.10416432719391736	0.2766917195125754	0.17341928191458825
0.2379248040433723	0.20778398390468228	0.10435649074422158	0.2765288731710269	0.17340584813669666
0.23811279483634484	0.2076464173474258	0.10453022794811338	0.27674782277529764	0.1729627370928181
0.23848530675135948	0.2074665708711068	0.10419397481007055	0.2767309796413595	0.17312316792610347
0.2384519509349897	0.2078089824585067	0.10378279710729568	0.2770431666097123	0.17291310288949535
0.2383028452390656	0.2074985906253016	0.10429939822883086	0.2764866012086369	0.1734125646981648
0.23832153767310776	0.2077095864568166	0.10391274673422163	0.27676056573025826	0.17329556340559552
0.2385046372194125	0.20773712347463041	0.1040795930067162	0.27663070484694074	0.17304794145229993
0.23832318146014536	0.20749719630617441	0.10433348934320126	0.2768514016265518	0.1729947312639269
0.23790243415954057	0.20731495504464273	0.1045216125754077	0.2770096732181968	0.17325132500221196
0.23833278190890061	0.20739061565018982	0.10465199741489992	0.2765066159549236	0.17311798907108583
0.23841199539765076	0.20769037874018387	0.10459832621446115	0.2764739442962003	0.1728253553515037
0.23843577962036633	0.2077536350769756	0.10378118016059547	0.27668195244255256	0.17334745269950977
0.23832348379543572	0.20750749652606226	0.10424652658860473	0.2767683361895933	0.17315415690030375
0.2380896375011778	0.2077827154428726	0.10382212063447734	0.2769328621565673	0.1733726642649047
0.23816178646510588	0.20769437410902084	0.1044265280930561	0.27658970783441206	0.17312760349840486
0.23785697132320505	0.20758314371267436	0.10444572407252664	0.27697475005878575	0.17313941083280796
0.23829840335574246	0.2075736781395476	0.10433025299840783	0.27692466690477074	0.17287299860153113
0.23842003591155903	0.20741980657709602	0.10415117900861744	0.27698571405302924	0.17302326444969804
0.2382583261016709	0.20743204387433617	0.10441095111715115	0.27675121409724374	0.17314746480959778
0.23829567564188997	0.20747843369208424	0.10433199811579379	0.27685312709692156	0.1730407654533102
0.23840475254074367	0.20747893511180637	0.10400692511965762	0.2770285935723015	0.1730807936554906
0.23823971854029585	0.20742716863861244	0.10439140097317728	0.27702288062116337	0.1729188312267508
0.23799066002630204	0.2073475082009328	0.1046564621600041	0.27675288607704623	0.17325248353571462
0.23796923865505965	0.20745063104091424	0.10401816293260459	0.2771062933936561	0.17345567397776515
0.2384921143595803	0.20732333782959833	0.10437173042709887	0.2768004144249175	0.17301240295880477
0.2382494009709158	0.20736415130060168	0.10455043591667199	0.27680035662188773	0.17303565518992253
0.23815253602477798	0.2075239454680289	0.1046528750128788	0.2767354384485231	0.1729352050457909
0.23809655589069412	0.20766014659589188	0.10442629299698623	0.27679107481838316	0.17302592969804434
0.23858762179576204	0.20773723157692345	0.10394509226349534	0.27663649272081453	0.17309356164300438
0.23816929404026893	0.20765216056713603	0.10411968912849932	0.2770439608660281	0.1730148953980673
0.23806566283017563	0.20755891207974453	0.10473539684689802	0.27686147348666285	0.1727785547565187
0.2385222221963271	0.2075222160182565	0.10383475974120276	0.27671605972420127	0.1734047423200121
0.23808814848207596	0.20745680013222917	0.1046537614504741	0.27703588182929234	0.17276540810592816
0.23852499628563056	0.20770775245848258	0.10430355920063923	0.2765185750570779	0.17294511699816947
0.23849671884034623	0.20735118961795762	0.10425900753135908	0.27644289255069	0.17345019145964685
0.238489430337337	0.20767270800541507	0.10439484145847161	0.27661346167790984	0.17282955852086626
0.23821335248358888	0.20754010251019003	0.10457893571247584	0.2765280708873359	0.1731395384064091
0.23843446043984343	0.2073335052674659	0.10412016715795823	0.27698979211711905	0.17312207501761315
0.23844145954489748	0.207382535503869	0.10383706047780225	0.2770024967402908	0.1733364477331402
0.23810340676799152	0.20740700939874276	0.10457368636594011	0.27700044892897907	0.1729154485383463
0.23784541609642723	0.20780195385790506	0.10468567623531552	0.2764493720684781	0.17321758174187385
0.23779474558789335	0.20761011097672827	0.10449421565409746	0.27679476007990056	0.17330616770138008
0.23860205714796465	0.20756930334129617	0.10392256556056582	0.27673665253679114	0.17316942141338199
0.23814103542874207	0.2077004549580734	0.10421414563003212	0.2768911209131148	0.1730532430700374
0.23803915642374415	0.2075862362025649	0.10456131546965901	0.2765035386877318	0.1733097532162999
0.23815216063211772	0.2074138063396431	0.10397059692178842	0.27709258466201886	0.17337085144443165
0.23833913563281553	0.20772090866420642	0.10439204436717173	0.276688886708208	0.17285902462759806
0.2382043932382562	0.20731466033778032	0.10477898133752729	0.276905774741214	0.17279619034522198
0.23803516114745055	0.20744880038055202	0.10424448683280511	0.2769985436277233	0.17327300801146875
0.23781345395175413	0.20778455701815732	0.10472241772984738	0.2765727291372684	0.1731068421629725
0.2384988407190614	0.2073546355302086	0.10411647417747442	0.27699489508043756	0.17303515449281773
0.23843477965775253	0.2075027877198873	0.10417107289632924	0.27651607355540725	0.17337528617062342
0.23789932962108246	0.20769794212849746	0.10400834474473698	0.27707202996346386	0.17332235354221898
0.23840265973562283	0.20765717611060147	0.10456636172033855	0.2766348940247266	0.1727389084087103
0.23816640499040184	0.207727433514159	0.10387840940945593	0.2770222098596209	0.17320554222636206
0.23815519175482525	0.2075294848327344	0.10405359324825116	0.27679263667808485	0.17346909348610412
0.23785348490476854	0.20744536949844905	0.10433507641873299	0.27709764442729284	0.17326842475075632
0.23815952203632276	0.20753244148752184	0.10413135239110198	0.27686394282634585	0.17331274125870733
0.2383868167165193	0.20771563448284025	0.10387885431977627	0.2766077289539549	0.17341096552690904
0.23830340497760383	0.20778810639509387	0.10393933335363395	0.2768088940828	0.17316026119086808
0.23808023749070206	0.20737364891963986	0.10416168456602122	0.2769789687147936	0.173405460308843
0.23803288508429468	0.20748346716339186	0.10442348641815155	0.27694196275102023	0.17311819858314142
0.2379946798530133	0.20745101329177773	0.10410928664811878	0.27697262110310594	0.173472399103984
0.23836784839171016	0.2074167033660402	0.10404562014006688	0.27667615030810755	0.17349367779407499
0.23809716132286673	0.20753020359956473	0.10461692609059865	0.27685419069042944	0.1729015182965402
0.23790256895221124	0.20779139003354233	0.10423116927558743	0.2769599540232958	0.17311491771536291
0.2378552915518699	0.20753884158609284	0.10424920995913178	0.27701182739179026	0.17334482951111502
0.23793439437218783	0.20750630321062002	0.10431474572090035	0.27705360186839023	0.1731909548279013
0.23792886044702272	0.20736132597888934	0.10470798597710033	0.27699682439547385	0.1730050032015135
0.23813469355696226	0.20751325000379323	0.10434595162332595	0.2769955955041413	0.17301050931177703
0.23826799139364158	0.20749160106456013	0.10479108676929694	0.27670970616624246	0.17273961460625864
0.2384210116893784	0.20750347263235197	0.10398248405017334	0.27669147776865555	0.17340155385944045
0.23852963014349776	0.2075570605855329	0.10390827874505099	0.2769052383259358	0.17309979219998234
0.23857741543368566	0.2074127569340646	0.10411265012401272	0.27684901933860223	0.17304815816963456
0.2382291598711018	0.20769031135269492	0.10444731106433167	0.27658852970763564	0.1730446880042357
0.2377704652682507	0.20741128274871506	0.10480229220989386	0.2767247498145824	0.17329120995855773
0.23827931326088223	0.20763572474860975	0.10418732089722962	0.27712065764317234	0.1727769834501058
0.23831644224141385	0.2077779060148259	0.10376748493468223	0.27670516679050877	0.17343300001856898
0.23819411628340573	0.20780781242250715	0.10440690133502134	0.27665667297988467	0.17293449697918084
0.23798261131790666	0.20778842710781967	0.10441324412874223	0.27699996288836176	0.17281575455716947
0.2382859986041192	0.2075682138460272	0.10390511319417996	0.27702427944030095	0.1732163949153725
0.2379173687798969	0.20766995509795488	0.10445644345708267	0.27653518383701386	0.17342104882805143
0.23810198801676094	0.20734566630073462	0.10447704883127186	0.2766395072770243	0.17343578957420805
0.23815813856092494	0.20745512690909107	0.10394086677026777	0.27710515797382174	0.17334070978589428
0.2383816157381624	0.2073413454603001	0.1045813697049581	0.27663380448841013	0.17306186460816902
0.2384882562238833	0.20740291668895444	0.10423891820662007	0.2766185166100277	0.17325139227051425
0.23836684734540836	0.20757297956100962	0.10421145277823282	0.27675855353263046	0.1730901667827185
0.2382783225682722	0.20768375749256515	0.10412276201392032	0.2770252387517839	0.17288991917345814
0.23784928795985905	0.20733212748836505	0.10430922248922048	0.2771178642633483	0.1733914977992069
0.2380711522202555	0.2073441735567056	0.10475037636070708	0.2770967221031502	0.17273757575918142
0.23848040493020964	0.20734712247284112	0.10440471014025596	0.2769074465688254	0.17286031588786774
0.2385330132444956	0.2077178306881631	0.10422473093073445	0.2767648946921244	0.17275953044448225
0.2378430304089883	0.2074740867284498	0.10448310976763671	0.2767797040987521	0.17342006899617285
0.23836474211132444	0.20736824684032346	0.10418655517257155	0.2768589904278581	0.1732214654479222
0.23792696799473975	0.20734888405098295	0.10479095159248548	0.27660881499046497	0.17332438137132664
0.23844773162541136	0.2077889255243393	0.10386354047729782	0.2764753398774551	0.17342446249549615
0.23856991546661133	0.20735288229968113	0.10397690315421959	0.27700791422214543	0.17309238485734227
0.23809822195152325	0.20744815514076506	0.10402225314866381	0.2770306329157025	0.17340073684334512
0.23837957015225275	0.20758516180881145	0.10425214406008507	0.27697167131972383	0.17281145265912665
0.23805722734463877	0.20757623445255302	0.1047553204256566	0.27650077343772944	0.17311044433942194
0.23838328357266175	0.2077395393724476	0.10439249004641159	0.27661117127546087	0.1728735157330179
0.2380884484199322	0.20778974027949756	0.1047015697624104	0.27648827948188687	0.1729319620562727
0.2381381449874158	0.20742234396618936	0.10446643968629739	0.2765707827531523	0.17340228860694493
0.2385146206737682	0.2074625777918751	0.10431313378581406	0.27686557840993437	0.17284408933860804
0.23793517481818877	0.20753645736469806	0.10445269831503179	0.2770893868603235	0.1729862826417576
0.23839214260958524	0.20767416069000705	0.10408305853549826	0.2768758269242674	0.17297481124064182
0.23825001061687945	0.2076317650509202	0.10424974371108542	0.276473938695866	0.1733945419252486
0.23843281407103192	0.20744313987571444	0.10447982829990678	0.2768962143311718	0.17274800342217483
0.23797849173951188	0.20741916274475894	0.10416630602673595	0.27709917853352517	0.17333686095546783
0.23812650987447026	0.20756237710739867	0.10389350571746687	0.27703794858877984	0.17337965871188418
0.2383941787861953	0.20738361089844018	0.10462967098923882	0.2766440373785619	0.1729485019475635
0.23804175231531244	0.20779031250260602	0.10427733420637916	0.27696439628373626	0.1729262046919659
0.23816174895716077	0.20748332264947877	0.10478175869232374	0.27652905706369424	0.1730441126373422
0.23860830140810987	0.20769689392537893	0.10394528183990648	0.2764812561992829	0.17326826662732164
0.23798785791951976	0.20774502243297033	0.1045280754464222	0.27689852387418457	0.17284052032690292
0.23849048002771578	0.20763965771091594	0.10404336020358544	0.2769135792333822	0.17291292282440035
0.2378503334190909	0.20747972200136655	0.10443309242202306	0.27710759071516317	0.1731292614423561
0.23856320886411633	0.20750631247388787	0.10423593034424279	0.2765348714542893	0.17315967686346345
0.2378720226809179	0.20732631113845457	0.1046881588656344	0.27673514654903797	0.17337836076595492
0.2382824795022289	0.20779827217500535	0.10419356510746583	0.2767542041675715	0.17297147904772817
0.23850024673559678	0.20731784692112323	0.10411995044409825	0.2768133936254041	0.1732485622737774
0.23806110961839086	0.20733570098021858	0.10432538867236991	0.2771119148076682	0.17316588592135218
0.23807570560657398	0.20744024182246343	0.10466228375038299	0.2767568201109093	0.17306494870967004
0.2378321451016012	0.20754426865826903	0.10446228345774	0.27694935092681705	0.1732119518555725
0.23786111808795246	0.20772564749358538	0.10430036739954161	0.27669858179651363	0.17341428522240665
0.23847741576136644	0.20737269886862675	0.10475671625492974	0.27663905220464796	0.1727541169104288
0.23843315030843218	0.2073642632160756	0.10460005601629922	0.2766871862460494	0.17291534421314336
0.23817587783176994	0.20758374178638156	0.10402956143449159	0.2767629244185065	0.17344789452885018
0.23832757215856176	0.20775287812781698	0.10453693566333629	0.2766414756091746	0.17274113844111008
0.23816594912387556	0.20732588854851922	0.10438527510208839	0.276815454289851	0.17330743293566553
0.2384993852080754	0.20757047624745473	0.10389557145577581	0.27692022254886456	0.1731143445398293
0.2384125556451406	0.2075243138731695	0.10452599567153764	0.2765067686149194	0.17303036619523263
0.23806773231091394	0.2076769777361342	0.10443369736234713	0.27673530809796937	0.17308628449263516
0.23781677207271146	0.20768140327244916	0.10460391126352424	0.27693651523550844	0.17296139815580647
0.2381856895998541	0.20760604442056427	0.10458582268602655	0.2767565272841072	0.1728659160094476
0.23814714508168516	0.20749002505767322	0.10463098734335383	0.2767297976598375	0.17300204485745
0.23777392910420442	0.2075249801500717	0.10437244320488555	0.27699972284697166	0.17332892469386643
0.2383000016100418	0.20744103096763183	0.10458390279885466	0.2768584818499514	0.17281658277352005
0.23814400037041755	0.20741580975390222	0.1041793851306951	0.27699897864418066	0.17326182610080418
0.23810905568663274	0.20744413803867304	0.10423906124719898	0.2770734451285779	0.1731342998989171
0.2380704981165451	0.20749941016730838	0.10471298654001343	0.2768581335080382	0.17285897166809466
0.2378067391239605	0.20762099847152266	0.10478781269199294	0.2769955951469248	0.1727888545655989
0.23831328160042153	0.20736570585989827	0.10461104161771584	0.2769083461576104	0.1728016247643537
0.23787367843713159	0.20766061276932946	0.10464068771852784	0.2767355622137772	0.17308945886123364
0.23791338286851083	0.20775657361861163	0.1045204482787627	0.2769635197802922	0.17284607545382238
0.23821402998196634	0.20735457976526916	0.10462338301153687	0.27673887306324224	0.1730691341779851
0.23842953899383848	0.20749718613097135	0.10417310280953526	0.2765086613311334	0.17339151073452128
0.23805029520600293	0.20773315570691442	0.10411344592056791	0.2768544117142957	0.17324869145221877
0.23836571503716292	0.20746592241445905	0.10426182597867711	0.2766338866205019	0.17327264994919875
0.23798707080860634	0.20755634122097216	0.1042524154499859	0.2769857593838272	0.17321841313660818
0.2380280522638274	0.20731429022071873	0.10431982442357517	0.2769631649305557	0.17337466816132274
0.2380143295334407	0.2075127113444943	0.10467701975088253	0.2766644668906477	0.17313147248053448
0.23788519786086343	0.20765899205572352	0.10455444643625465	0.2765028627675748	0.17339850087958333
0.2385355746171539	0.20764807424037993	0.10382709093158703	0.2770454727312375	0.1729437874796414
0.23810581080180768	0.2076771759292554	0.10422404890895895	0.2765889811005206	0.17340398325945716
0.23857916925789008	0.2074899243855251	0.10439606301047241	0.2767404598821179	0.17279438346399434
0.23860574201946128	0.20750007759206068	0.10408545770976996	0.2768403601797554	0.17296836249895248
0.23783897766803114	0.2073503398481353	0.10480439914970739	0.2770964893199679	0.172909794014158
0.2384389059045238	0.2076571741482275	0.10412645698434934	0.2768260923625948	0.17295137060030427
0.2379402979717119	0.2073996343323023	0.10454499627513753	0.2766839260523589	0.1734311453684891
0.23849627237995133	0.2077498210009478	0.10402517317549033	0.27686270121499057	0.17286603222861974
0.23808496828131048	0.20748569576473008	0.10473814565424454	0.2768073963397552	0.17288379395995943
0.2383791675951952	0.20757172000800594	0.1043201820657636	0.2768550040081399	0.17287392632289514
0.23820013265509082	0.2074656757697982	0.10439945883660327	0.2767399878862308	0.1731947448522767
0.23822803443850651	0.2076361405447538	0.10391828438120879	0.2770546167884943	0.17316292384703633
0.23845215388555863	0.20777897947560928	0.10405542913706467	0.27694594997757144	0.17276748752419574
0.23855315549091777	0.20732675881523582	0.10399331872568893	0.2768262375865267	0.17330052938163057
0.2385099323044391	0.20776886414953527	0.1042867691193252	0.27660783977896536	0.17282659464773484
0.23799728301017709	0.20764869990736906	0.10378232469121343	0.27708847478134035	0.17348321760989982
0.23813729574716708	0.20758541997074795	0.1041764336865057	0.2769445514148447	0.17315629918073436
0.23854767173709987	0.20735682804145592	0.1042930544721867	0.27662876803482517	0.17317367771443207
0.23821615924068507	0.20739298531951839	0.10475305156935572	0.2768366188294858	0.17280118504095476
0.23794503308844298	0.2073834189961272	0.10459448626278668	0.2769259165621624	0.17315114509048052
0.23821374404997056	0.20773882706672556	0.10408546153566886	0.2767062608062691	0.17325570654136568
0.23823546548591173	0.20739854760056045	0.10429368157394218	0.27669764311218764	0.17337466222739778
0.23811818350802308	0.2074258570179593	0.10450260672474827	0.2770458696333273	0.17290748311594178
0.23822518508862395	0.20760997487567007	0.1044990078169403	0.27655199171570005	0.1731138405030654
0.23841128401621697	0.20769552784772038	0.10382294873358987	0.2770956319331569	0.17297460746931556
0.23785403130013735	0.20735696945073495	0.10455101424657462	0.27674943661941764	0.17348854838313515
0.23839460164455656	0.20772954103702657	0.1042174644977874	0.2767423555140017	0.1729160373066275
0.23844604415849746	0.2076133431766101	0.10392196660907778	0.2770434486634512	0.17297519739236322
0.2380664782820701	0.20764855325202136	0.10459376893006943	0.27692461251649436	0.17276658701934447
0.23778281250845384	0.20760347291652756	0.10421801102573641	0.2769364657136675	0.17345923783561443
0.2381483801767551	0.20735858342790184	0.10406439868268681	0.27705095279466685	0.17337768491798922
0.23848208429966797	0.20737714381059674	0.10384730410844073	0.27694500652925014	0.1733484612520442
0.2384107990308386	0.20763657453183496	0.10409487892763376	0.27672847556204155	0.1731292719476509
0.23825814436103435	0.20780612514427815	0.10397484075050611	0.2769606501758926	0.17300023956828856
0.2385393848576851	0.20731614744407437	0.10420453513709356	0.2765296661343939	0.1734102664267528
0.23850591051331113	0.2073739476630936	0.10420826486024376	0.2766976297120207	0.17321424725133053
0.2382814667261298	0.20747227073817068	0.10412004666022154	0.2767886196544963	0.17333759622098144
0.23784587170856472	0.20754721747078936	0.1045680767657335	0.27690976934646017	0.17312906470845202
0.23807803910068703	0.2074436684185447	0.10396129086788855	0.2771123257265149	0.1734046758863646
0.23840450230176805	0.2074128147486894	0.104021434400755	0.27674430125282157	0.17341694729596577
0.2382392992973482	0.20765381168256075	0.1042492599639458	0.276546676081054	0.17331095297509103
0.23817321920303153	0.2076407066335575	0.10428991237574427	0.27707260909299836	0.17282355269466818
0.23837805457160438	0.20739417858024975	0.10463171687630306	0.27680283035119935	0.17279321962064323
0.2383854809648992	0.20736127183177575	0.10377651081344043	0.2770461734100753	0.17343056297980905
0.23824653688348757	0.20760951311701217	0.10406031318544152	0.2766864651197948	0.17339717169426377
0.23837249415931383	0.20754704682609518	0.10424842385333546	0.2770670365092825	0.17276499865197278
0.23797199647866124	0.20778342926574464	0.10441945165449017	0.27694431117008295	0.1728808114310208
0.2382041053789816	0.2073591400891918	0.10456128048649332	0.27687430520679157	0.17300116883854144
0.23802934490425692	0.2075130827364589	0.10463875940195379	0.27688453295534327	0.1729342800019869
0.2384278013360106	0.20751357628300543	0.10383216142320992	0.27701910633737203	0.1732073546204018
0.23806152403593753	0.20777675764963624	0.10462197260294716	0.27678082231487666	0.17275892339660218
0.23852916953187359	0.20739233233978369	0.10469764714064687	0.2764673129423166	0.172913538045379
0.23814446965950564	0.20770910001487683	0.10411996500893918	0.2770307799614547	0.1729956853552234
0.23803448357998058	0.20749130831571327	0.10412531481916014	0.27686221847962933	0.1734866748055164
0.23837694980788862	0.20775286123768902	0.10428214632839243	0.27676355610740605	0.17282448651862364
0.23822505795926274	0.20747165661986933	0.10411494232517554	0.2767252805010303	0.17346306259466188
0.23801024605919605	0.2076090432885651	0.10458505170490563	0.27696228469066664	0.17283337425666634
0.23841065960205973	0.2076364035510307	0.10418081447482681	0.2768170841430022	0.1729550382290803
0.2382084116821122	0.20747108794604507	0.10472800056405064	0.2766158302696095	0.17297666953818236
0.23816554485639954	0.20771112252175966	0.10427156135340336	0.27646468654238904	0.17338708472604816
0.23860187090286145	0.20778646979374754	0.10382726710171662	0.2766881890315774	0.17309620317009675
0.238162992087939	0.20743278535809656	0.10386341051521389	0.27705662261788017	0.1734841894208701
0.23776812962185043	0.20763313215682078	0.10454598978116884	0.27685320351998743	0.17319954492017223
0.23807766915003592	0.2073814938983725	0.1046739638212709	0.2768882734005842	0.17297859972973628
0.23802297889085622	0.20756747744773962	0.10417136195771837	0.2771161827255135	0.17312199897817204
0.237784106616992	0.20771486065669637	0.10457035712580144	0.2764625048571038	0.17346817074340615
0.23850976644432648	0.20735630254705298	0.10400423999607843	0.27691599929618627	0.17321369171635556
0.23852201307842244	0.2076317399929884	0.10393788414571703	0.27662754060873224	0.17328082217413965
0.23839037645464012	0.20751921886565985	0.10426996863834205	0.2767526977398365	0.1730677383015212
0.23856635482535715	0.20745538305478392	0.10415739369248171	0.2767380770531195	0.17308279137425747
0.2378333102704707	0.20779158900737432	0.1038874234759336	0.27709824926486804	0.1733894279813531
0.2384389690549129	0.2076468493443831	0.10388576036819892	0.27703730437216667	0.1729911168603381
0.23838483900628565	0.20737946344196803	0.10409796207290267	0.27704108613530687	0.17309664934353652
0.2378221126014712	0.20745958890854072	0.10471817680983593	0.27687719482213097	0.17312292685802094
0.23839811995746285	0.20751627310613377	0.1044537039839188	0.2767743241548868	0.17285757879759747
0.23814028379618873	0.2075180795911384	0.10424956486330998	0.2769340056160995	0.17315806613326315
0.2381581678337989	0.20753123768893778	0.10451292093055158	0.2768846540860491	0.1729130194606624
0.23803684287679394	0.20778354808067995	0.1043283356219668	0.2766743026990651	0.17317697072149388
0.23810636647310124	0.20776335695059922	0.10407678584258359	0.2766500771654683	0.17340341356824746
0.23809701926285792	0.20770778504979115	0.10409190429137537	0.2769235496630474	0.17317974173292797
0.2378426924619698	0.2076757663258624	0.10463642623347875	0.27699473938322416	0.17285037559546468
0.23777483057410279	0.20765449746762055	0.10409096946383839	0.27705789145146376	0.1734218110429743
0.23831509177617954	0.20765254272636519	0.10405680815582412	0.27661663549743637	0.17335892184419455
0.2382071239647871	0.20743814755379053	0.10458941585257267	0.27664098349958255	0.1731243291292669
0.23853760071448063	0.20739345085656344	0.10391293475755196	0.27683729943819413	0.17331871423320958
0.23821028407385517	0.20746625345330655	0.10476699130380586	0.2767847791409713	0.17277169202806084
0.2381351840807436	0.20773551809496782	0.10381504939578261	0.27710902882679933	0.1732052196017064
0.2383544575423614	0.20760899869250665	0.10422442216604026	0.27665743112133545	0.17315469047775597
0.2383428316341746	0.20781231750539905	0.10463884308387478	0.27644559290125925	0.17276041487529203
0.23820122706869987	0.207626543530447	0.10420503125772168	0.276940208450581	0.1730269896925502
0.23838443461761546	0.20777056224093507	0.10394241350200419	0.27646403651282925	0.17343855312661577
0.23811524353274455	0.20756892641801516	0.1042122128897178	0.2768877129817806	0.17321590417774163
0.2384561507558595	0.20738586463699524	0.10417740902355972	0.27678092557172695	0.17319965001185836
0.23845752381801594	0.2076125256082293	0.10436293215145638	0.276759613398246	0.17280740502405215
0.23851232448077753	0.2075271194229685	0.10433063424108592	0.27663660497435305	0.17299331688081476
0.23799034260434085	0.20757337958009234	0.1044665634680962	0.2767146081988231	0.1732551061486473
0.2380003917765006	0.2075817057871559	0.10458337677453623	0.2769681184339282	0.17286640722787883
0.2386097626199714	0.20746023573158784	0.10394341984205266	0.2768302479772966	0.17315633382909124
0.23830149231818665	0.20759373723965863	0.10418919772834628	0.2765364119823328	0.17337916073147538
0.23836487085775837	0.2076395882856823	0.1039662396889424	0.2766891367080548	0.1733401644595619
0.23812328325748103	0.20772146881835254	0.10441508860991021	0.2767346691887078	0.1730054901255482
0.2381380430258943	0.20767719433881773	0.1039201795898336	0.27695675089477223	0.1733078321506819
0.23804345931176996	0.20766121337205262	0.10478538060918331	0.27644296650108996	0.1730669802059039
0.23779231113304194	0.20758702099905496	0.10452279659901603	0.27701445655082724	0.1730834147180596
0.23795531560333824	0.20756588610732923	0.10445512596249716	0.2765951538457189	0.17342851848111623
0.23824178460427592	0.2077282365144448	0.10443828380283586	0.2765751542748395	0.17301654080360368
0.238552426743137	0.20753527319783316	0.10425948258082482	0.276555418597475	0.17309739888072972
0.23854266218273912	0.20732850455010057	0.10415699401501609	0.2769052514354648	0.17306658781667916
0.2383907781581409	0.20750869673390596	0.10390162045725775	0.2769476386333363	0.1732512660173588
0.23840371148939749	0.2075978224253876	0.10392008267139191	0.2766854965466932	0.17339288686712956
0.23784312619894363	0.2077009443592966	0.1047351347608323	0.27644123586437175	0.17327955881655546
0.23783284029695137	0.20758490925592585	0.10451131826129048	0.27712002364683624	0.17295090853899583
0.23794239191115896	0.20767898274436303	0.10428688217755337	0.27711491964918744	0.17297682351773694
0.2380331019681668	0.2075518889836291	0.10459386294758491	0.2766781484839021	0.17314299761671686
0.2378493985772553	0.20768606904329154	0.10452848284702655	0.27695267056176565	0.17298337897066077
0.238154672409185	0.20765267179972832	0.10388989053818189	0.2769333560946996	0.17336940915820487
0.2381980888188639	0.20773652710468346	0.1038131163227031	0.27695956511388325	0.17329270263986601
0.23826079364727198	0.20770586453064543	0.1040116466147636	0.27704608015957366	0.1729756150477451
0.23854945340129174	0.20780816744157152	0.10433418000210705	0.27655408420239425	0.1727541149526352
0.23804032265513794	0.20762431610204973	0.10403518744795114	0.2769726876417602	0.17332748615310073
0.2379092480701296	0.20762920572884683	0.10405947580969288	0.2770674897994475	0.173334580591883
0.23858791333108834	0.20779029243023497	0.10382708027952729	0.27701447514617544	0.17278023881297372
0.23824038502624484	0.20771433518470342	0.10438085426821778	0.2765963773833497	0.17306804813748403
0.23849835333892866	0.20732359125834318	0.10402794887424796	0.2770765468979759	0.17307355963050408
0.2385612222511697	0.20737179432558137	0.10463866243944922	0.27666496616472547	0.17276335481907398
0.2384863620659845	0.20735566172872555	0.10472876093117477	0.2766318921455974	0.17279732312851756
0.23779417378954365	0.20762340955249484	0.10472915748868995	0.27657051671252564	0.17328274245674563
0.23803790440384304	0.2077253500196086	0.10397214969887279	0.2768105293439808	0.1734540665336945
0.23820725483382163	0.2076809945152078	0.10428661631310882	0.2770864740914317	0.1727386602464298
0.23821305538905535	0.2073776710193558	0.10447341829166662	0.2770402628258583	0.17289559247406366
0.23799867211914405	0.20760859453015915	0.10409958382789171	0.2771212015084121	0.17317194801439273
0.2382867336376201	0.20775277587902374	0.10418827706988122	0.27669044856722486	0.17308176484624982
0.23858754669679774	0.20774581463508257	0.1038685107804207	0.2765578012687786	0.17324032661892017
0.2385913737155944	0.20748984162314785	0.10408966715825016	0.27655023616165375	0.17327888134135355
0.23839118019263886	0.20748588239381202	0.10388490409276879	0.27707190261956155	0.1731661307012185
0.2384154682647297	0.20741394108188985	0.10420048987252453	0.2770625448892428	0.17290755589161286
0.23819204148689554	0.20736832351966064	0.10427193483291612	0.276883039685804	0.1732846604747234
0.23784469692660964	0.20780171615539383	0.10435083129475135	0.27657517625150413	0.1734275793717408
0.237834349388691	0.20742861468295468	0.1046568339352654	0.2768242086788167	0.173255993314272
0.23849094840668392	0.20767678039992044	0.10443508383965337	0.2765039993762326	0.1728931879775094
0.2385117817067155	0.2077098044317579	0.10389532791763421	0.2770513904772837	0.17283169546660843
0.23812243954462387	0.20758110296839263	0.10410270631802998	0.27696802899875855	0.17322572217019472
0.23816070462612804	0.20732852508091829	0.10447095615898742	0.27654763630427254	0.17349217782969345
0.23843583847896893	0.20767245343303256	0.10377313414699808	0.2769604010649548	0.17315817287604537
0.238183493818049	0.2076213968141832	0.1040809858956808	0.27678848908858056	0.17332563438350618
0.23834977256150386	0.20748408794659617	0.10446901712347265	0.27658262514398785	0.17311449722443925
0.2385757424791079	0.20764658977664585	0.1042073439950459	0.2768113258498929	0.1727589978993072
0.23816952322465257	0.20764431387477372	0.10417386963897635	0.2769809082160584	0.17303138504553872
0.2384944781891684	0.2075703134867345	0.1040181195014251	0.2764517516535491	0.1734653371691226
0.2380008048057514	0.20756445616239202	0.10464578467007696	0.2766430927173029	0.17314586164447648
0.23821872860585094	0.20745448746471984	0.10438399741976154	0.27670822544446694	0.17323456106520052
0.23816532954587916	0.20745836445232813	0.1041479628580182	0.2768718357588857	0.17335650738488856
0.23820557185806224	0.20779252724339675	0.10399467015764736	0.27704649584198854	0.17296073489890487
0.23839591886723532	0.20760138164946781	0.10387779351614437	0.2768401222147513	0.17328478375240097
0.23777113153753604	0.20764747180229895	0.10414723266805616	0.2771215186202276	0.173312645371881
0.23801235480782923	0.2076516137843218	0.10422800141577328	0.27675341015804045	0.17335461983403502
0.23789885939524205	0.20766358460453802	0.10467118835625965	0.2765037213692143	0.1732626462747457
0.23857988077158748	0.2078074331623884	0.10388305148494714	0.27679755728032757	0.17293207730074917
0.2380734638182776	0.2073959671476998	0.1042773718831218	0.27682972813300943	0.17342346901789107
0.23793712442595497	0.2075267841121528	0.1047077595223076	0.27691447830355326	0.17291385363603112
0.23784866117900139	0.2077422028583183	0.10468544553649355	0.2766567709959245	0.17306691943026203
0.2378965162207839	0.20758152671894864	0.1046795371621043	0.2770614317982839	0.17278098809987902
0.2382183637506834	0.20756487888810893	0.10389073397982235	0.2770789074044577	0.17324711597692743
0.23805375752526298	0.2074897607541832	0.10431313448062099	0.2766896324679021	0.17345371477203048
0.2383362433837934	0.20746318591220003	0.10452215113530114	0.27656897086640875	0.17310944870229647
0.2378875764205916	0.2077686029759573	0.10425940323174546	0.27694389578574646	0.17314052158595894
0.23808133531163572	0.20767412693043114	0.10434166692307022	0.2769770463733455	0.17292582446151714
0.2381977282543547	0.20750633354197076	0.1043734255902238	0.27656410175818485	0.17335841085526563
0.23808490061408166	0.2076919289419372	0.1039773792633255	0.27681220258293643	0.17343358859771896
0.23855318995424363	0.20766031692171003	0.10387210375013267	0.2767241782987785	0.17319021107513494
0.23842347729642083	0.20764962692763564	0.10434541977031477	0.27646090338478946	0.17312057262083907
0.23799306284430416	0.20750027615441663	0.10474256707633194	0.2764548558120592	0.17330923811288784
0.23804598521610193	0.2075091092820422	0.10446725870871701	0.27670358568759923	0.1732740611055394
0.23839038665317777	0.20753497097791265	0.10423621323045258	0.2765535512592731	0.17328487787918362
0.23790407075322517	0.20740206131753433	0.10475492982323026	0.27650436737419287	0.17343457073181717
0.23808559067111293	0.2073284832016839	0.10443259772506192	0.2769864653662873	0.17316686303585374
0.23812274600727235	0.20735425809282187	0.10469650895057703	0.2770686384849682	0.17275784846436026
0.23795261172355336	0.20775946208288798	0.10445933442654828	0.2770339408372721	0.172794650929738
0.23852203244227277	0.2075079761812801	0.10443360879867254	0.27666961711222604	0.17286676546554827
0.2382946179743794	0.20733064547509128	0.10440510839270056	0.27665323001530934	0.1733163981425192
0.23846776562003286	0.20744793101576706	0.1038204998033202	0.277068445942261	0.17319535761861868
0.23793513492268703	0.20774995648730113	0.10463672346110296	0.27678489039723153	0.17289329473167714
0.23854894746083471	0.20734780402812436	0.10398908681831814	0.277043036477891	0.1730711252148315
0.23852931763252588	0.20764783760608993	0.10407780306232663	0.27687783240769104	0.17286720929136629
0.23820394663116135	0.207703988603794	0.10424735356168388	0.2769151821736342	0.1729295290297263
0.23803127895394616	0.20765030290451053	0.10426953129707899	0.2765947632615655	0.17345412358289855
0.23796150655855924	0.20780321777943173	0.10448611186964332	0.2766866586059878	0.17306250518637767
0.23782461122822096	0.20736565636897428	0.10474050691917308	0.2768727098533268	0.17319651563030466
0.23778319421054306	0.2078047512228965	0.10480489614891354	0.2764648713178555	0.17314228709979113
0.23838837652324443	0.2078049277849689	0.10415165877767658	0.27659684717324784	0.17305818974086198
0.23805321504273433	0.20764046617318094	0.10435828988744994	0.27696460180888194	0.17298342708775263
0.2383447931664212	0.20762702282191542	0.10467632725402119	0.2765058476565537	0.17284600910108822
0.2381168353531879	0.20770492817318498	0.10433492167991253	0.2768145338103326	0.17302878098338176
0.2380620935637006	0.20765860094143512	0.10454331392037952	0.27644192943192014	0.17329406214256438
0.2385821255501689	0.20772466706306622	0.10377563830745262	0.27707465523650815	0.17284291384280387
0.23798179111384332	0.20757822209098886	0.10429253615023386	0.27693670636392187	0.17321074428101185
0.2381760422679151	0.20750488224074998	0.10456624088165574	0.2766975019728835	0.17305533263679543
0.23857710413944425	0.20772379896842216	0.10381307180119467	0.2770353216416534	0.1728507034492853
0.2383894404834171	0.20762825104596946	0.10433595241599619	0.2766748398355604	0.1729715162190566
0.23825052935306879	0.2073733909568785	0.10428425240361062	0.2766772048298336	0.17341462245660824
0.2379433281588185	0.2077317407566317	0.10429688295063456	0.27678517672983044	0.17324287140408456
0.23801893714126046	0.2077513336393858	0.10384375875940029	0.27694128777738103	0.17344468268257215
0.2384032071517425	0.20757440918474887	0.10472370592873947	0.2764578099104107	0.17284086782435826
0.2381515268608586	0.2073385159522976	0.1043875953845881	0.2766789610248368	0.17344340077741865
0.2382397843948646	0.2077500615122159	0.1041313267397183	0.27657081830876545	0.1733080090444355
0.23779961731315202	0.20772458659826773	0.10408916157344439	0.2770473273984003	0.1733393071167353
0.2385843895174239	0.20741700777018512	0.10411586916548624	0.2764480593940212	0.1734346741528833
0.23780289631103396	0.20753228042622518	0.10424660193634039	0.2769262308226338	0.1734919905037664
0.23839191115923186	0.20737040572577697	0.1040476889362723	0.27685779531637916	0.17333219886233944
0.23785646333291138	0.20741953416854825	0.10434438589133781	0.27690050302880836	0.17347911357839393
0.23854536692757583	0.20743791032135447	0.10430658564583392	0.27676278398115406	0.17294735312408144
0.23805329007062825	0.2073240233768497	0.10460981002367452	0.27708187707749954	0.1729309994513477
0.2379859229698187	0.20733869682188444	0.10475622869360754	0.2767753986528446	0.1731437528618445
0.23840368524636824	0.20736617767715038	0.10472290830681744	0.27670036146215177	0.17280686730751196
0.23848758824794578	0.2076841837790558	0.10434867133158127	0.27644231135995645	0.17303724528146044
0.23825261299381484	0.20774320088487475	0.10453672415849694	0.27655875674850594	0.17290870521430732
0.23790695253131383	0.20735013473863034	0.10469844089302703	0.2767216244174816	0.1733228474195469
0.23785664354478023	0.20770625246282687	0.10431617628685529	0.27680106265347454	0.17331986505206284
0.23812431795198252	0.20744530987841472	0.1045639751777167	0.27687845588325655	0.17298794110862922
0.23824111764780487	0.20758607297956772	0.10461164752012259	0.27646393956035675	0.17309722229214783
0.23858726014431042	0.20734208656920813	0.10400003268327576	0.2766476728278102	0.17342294777539521
0.2380628311573852	0.2075777278615405	0.10461955237635165	0.2766711609951263	0.17306872760959613
0.2386056025994178	0.20735346467400137	0.10451030788883409	0.27663954128619334	0.17289108355155317
0.23849806492604614	0.20748260431029347	0.10455016428024455	0.27662645718943407	0.17284270929398152
0.23824398988306805	0.20769940886702098	0.10404866601122922	0.2768965409178219	0.1731113943208596
0.23844650419639316	0.2074963778396834	0.10434265322258432	0.27696333699691444	0.1727511277444245
0.23811571609817977	0.20759948814389703	0.10457765798711977	0.27676293809597186	0.1729441996748313
0.23828251682077056	0.20753246331136774	0.10384532865566724	0.2770348530747181	0.17330483813747616
0.23852919850395202	0.20739908473425178	0.1041995750426242	0.2770642435176302	0.17280789820154158
0.23857404585537478	0.20778330056674024	0.1037912133537981	0.2768624549762152	0.17298898524787146
0.23790622741867334	0.20778795666888786	0.10417151802937058	0.2766790188225442	0.17345527906052374
0.2385083033745609	0.2073914736773097	0.1047720390670887	0.2765088499739482	0.17281933390709225
0.23785221428625536	0.20750720861586805	0.10465422354381076	0.2768207016543616	0.17316565189970395
0.23807362396771659	0.20762108586002165	0.1042915646593942	0.2769937979670795	0.17301992754578782
0.2379902572297357	0.20778203607365986	0.10453967205955024	0.276783575918064	0.1729044587189899
0.23834170626686974	0.20743082857927025	0.10382655700126354	0.2769475770765527	0.17345333107604352
0.23797941297932687	0.20737226672927045	0.10468042543586645	0.27651390504285267	0.17345398981268328
0.23787897521026583	0.20779083357679456	0.10428351646055246	0.27711659367647323	0.17293008107591365
0.23846037287648356	0.2074454020141475	0.10388908087884227	0.2768577918932549	0.17334735233727153
0.23851200368388506	0.2073964170888552	0.10433972944908218	0.2767276767039337	0.17302417307424361
0.23822614874503445	0.20750917524382603	0.10427931045332443	0.2768203040359231	0.17316506152189168
0.23832364824852378	0.2077301736911674	0.10394152397359281	0.2769049463553828	0.17309970773133299
0.23796841320962903	0.20749288162062934	0.10468235040608571	0.27667167406768345	0.17318468069597226
0.23839020334366956	0.20763043373825366	0.10376648379427202	0.2770594377621995	0.17315344136160504
0.23795177485947086	0.20746201492537308	0.10454746150025618	0.2767360521478331	0.1733026965670665
0.23784510238430406	0.207373966371672	0.1048082267135501	0.2771008189094209	0.17287188562105268
0.2382334566269768	0.20738067213561268	0.10422873656121696	0.2768736040428701	0.1732835306333232
0.23837336690134242	0.20762084276050086	0.10426390811597253	0.2768997958176825	0.17284208640450152
0.23853274328792073	0.2075920764902539	0.10402166401577807	0.2767933213857739	0.17306019482027313
0.23839962394027592	0.20739751318121852	0.10412113585759925	0.2770424104025636	0.17303931661834243
0.23782254516678894	0.20779043711904993	0.10423771232773955	0.27710217506896123	0.1730471303174601
0.2381353433442273	0.20772033129321751	0.10424606486740669	0.2768081924229561	0.17309006807219213
0.23857318042453507	0.20734517147408674	0.10458915084750545	0.2765593304714796	0.17293316678239287
0.23849677449408452	0.20754876090002647	0.10411427278557313	0.2766041514248636	0.17323604039545207
0.23825856450028798	0.2075549087802932	0.10430427512032084	0.277047886574869	0.17283436502422878
0.23806375681601538	0.20756027994487392	0.10446712500868069	0.276988564575588	0.17292027365484175
0.23858242867131405	0.2077520009597036	0.1038137783012588	0.2765624365880428	0.1732893554796805
0.2384088911920831	0.20740273899828462	0.10468146400950606	0.2764915426170828	0.17301536318304314
0.2380236477370563	0.20779942924172598	0.10416273210127419	0.27656048156265167	0.1734537093572916
0.2384674050726951	0.20738311009897747	0.10465635741965028	0.2764473488647961	0.1730457785438808
0.23840897091013966	0.20737252651631222	0.10429319555936899	0.2764893176008776	0.17343598941330135
0.23807328654132848	0.20739598691666467	0.10472316823267078	0.2764529772718272	0.17335458103750861
0.23817178746448764	0.20735386597870673	0.10410552713958124	0.27702405757692206	0.17334476184030212
0.23792153613366068	0.20766468816065234	0.1041747331968718	0.2771011829819397	0.17313785952687524
0.23841342113494332	0.207454592912889	0.10452581449689193	0.2766293796800996	0.17297679177517591
0.2381576837047855	0.2077595917804852	0.10428962012122009	0.2768870767365449	0.17290602765696406
0.23815048461304159	0.20736749598738877	0.10446700462545498	0.27672268437280745	0.173292330401307
0.23784399532052752	0.20771853571039317	0.10470207351922055	0.2769106620262341	0.17282473342362442
0.2385006399043168	0.2074369795992196	0.10376750412731126	0.2770969191178664	0.1731979572512857
