0.24141948085635737	0.20695056840440096	0.10352966002390583	0.27580910468585595	0.17229118602947963
0.2414468871376732	0.2069468717939793	0.10348737198720452	0.27582652791977796	0.17229234116136477
0.24142129181184174	0.20691909162166755	0.10353681122474127	0.2758182088704506	0.1723045964712986
0.2413990189104454	0.20691664327890047	0.10350512990390148	0.27585448620259434	0.17232472170415802
0.24144804362381275	0.20689774959211923	0.10352312947273473	0.27580983819256066	0.17232123911877242
0.24142875035592226	0.20694953930855461	0.10346477676739459	0.27585348856841774	0.1723034449997105
0.2414146077206117	0.20692459489037304	0.1035653541433001	0.275794656361742	0.17230078688397288
0.24140600938081608	0.20694678463368507	0.10347394100484103	0.27584355432053476	0.17232971066012281
0.24140334408391573	0.20691531132438473	0.10357787296990811	0.2757992363946624	0.1723042352271287
0.24141530004082068	0.20694318729762837	0.10351014453363369	0.27580416314278633	0.17232720498513066
0.2414030723357269	0.2069161232603829	0.10352768977553498	0.2758276025594061	0.1723255120689489
0.2413993471675584	0.20689789520937302	0.10356376467165052	0.27584893684131806	0.17229005611009973
0.24140894565342091	0.20694174781846925	0.10349751701254123	0.27583312879418387	0.17231866072138446
0.24140849149342408	0.20691770152829836	0.10354823466625972	0.2757938341017042	0.17233173821031336
0.24141712462405165	0.206951280224753	0.10352286565880703	0.27579265073001763	0.1723160787623704
0.2414314224714119	0.2069296730068271	0.10346489923937327	0.27584987635049224	0.17232412893189525
0.24142389039500678	0.20689835344842308	0.10356145365370903	0.2758258584966089	0.17229044400625196
0.24141231349603967	0.20690035504774196	0.10354195289492842	0.27584670809220196	0.17229867046908773
0.24141628085788677	0.20692553627387444	0.10354911290904714	0.27581089608711407	0.17229817387207733
0.2414048001349695	0.20693046429288267	0.1035259656498749	0.2758380648263244	0.17230070509594828
0.2414253726675345	0.20691749448715674	0.1035155604467969	0.27581018848352973	0.1723313839149819
0.24145337116765941	0.20692016620176565	0.10352108032725191	0.2757956560636807	0.17230972623964208
0.24143044074800288	0.2068964038381608	0.10354357273987182	0.27580489366577376	0.1723246890081905
0.24144878524681784	0.20694041127824053	0.10344695277518955	0.2758322955272487	0.17233155517250315
0.24140279250183772	0.2069001293029757	0.10357164856019717	0.2758073613335281	0.17231806830146104
0.24144722615503056	0.20694843078562183	0.10344422600868385	0.2758357179203346	0.17232439913032888
0.2414430807294791	0.20692827515490744	0.10353333352029825	0.2758030809236697	0.17229222967164526
0.2414162094074982	0.2069053838855377	0.10356427822974099	0.2757910994629529	0.17232302901426996
0.2414395663546734	0.20693972194063642	0.10347334569581298	0.275846656650919	0.17230070935795797
0.24141953610513397	0.20692905245798252	0.10349805418149899	0.27584802962384963	0.17230532763153464
0.24140473359699632	0.20691727396256723	0.10355573579844078	0.27581732404905795	0.17230493259293744
0.24140498574529998	0.20693758279733715	0.10353561209869162	0.2757996849380511	0.1723221344206199
0.24145462660946124	0.20689539924991324	0.10351142110837379	0.27583021475005953	0.17230833828219197
0.24144558268763117	0.20694853988833695	0.10346670896513269	0.2758315249338683	0.17230764352503067
0.24142617200787886	0.20694643079282046	0.10348861208315561	0.2758285762475098	0.17231020886863505
0.24144335890329705	0.20694229530877994	0.10347164455644943	0.27584539671995145	0.17229730451152192
0.24145177534368434	0.20689871903759774	0.10349665732317395	0.27583343553877304	0.1723194127567707
0.2414520905404473	0.20689499488071525	0.10348979549519396	0.2758519111064127	0.1723112079772305
0.24142752351953853	0.20693125246572572	0.10350915395253138	0.2758306602127757	0.17230140984942843
0.2414009994532767	0.20690388986240843	0.10351474336765434	0.27585915786807286	0.17232120944858742
0.24141997693758985	0.2069447626059028	0.1035045877756087	0.2757994567494773	0.17233121593142112
0.2414274621832385	0.20692736550308824	0.10351395287796139	0.275805279879858	0.17232593955585365
0.24143912261369646	0.2069404890579107	0.10346936196544382	0.2758535249899904	0.17229750137295838
0.24143872928476778	0.20691215530715187	0.10353060642145329	0.2758258894138412	0.17229261957278566
0.24142628366497182	0.20692651055587696	0.10346846874953708	0.27585425114215834	0.17232448588745553
0.24145620145135355	0.20694392550043159	0.10341248488740167	0.2758568372351346	0.17233055092567837
0.2414563573321019	0.20692418095087764	0.10348770658218891	0.27582703648639384	0.17230471864843747
0.241441933750596	0.20690798739676078	0.10350924140566901	0.27582989507968003	0.17231094236729397
0.2414417032833918	0.20692000021966617	0.1035275579965479	0.2758099012184113	0.1723008372819826
0.2414561928419728	0.2069267915553754	0.10344490845851498	0.2758601074710658	0.1723119996730707
0.24145507806127736	0.20693909467179175	0.10350715785203697	0.27579513570359593	0.17230353371129775
0.24140523807683326	0.20690602555652765	0.10353278851710908	0.2758258982043895	0.17233004964514023
0.2414380525513566	0.20690365363462163	0.10354101081429647	0.27579228237718	0.17232500062254502
0.2414076693138828	0.20692758457376523	0.10355316033718837	0.2757913856919123	0.17232020008325105
0.241438500447535	0.20692493103235798	0.10349137337746056	0.2758329697753322	0.172312225367314
0.24141787040566437	0.206896895432328	0.10351764618445869	0.27585841786750764	0.17230917011004102
0.2414250655204579	0.2069036324636445	0.10350689186855086	0.27585969516057013	0.17230471498677638
0.2414569023029262	0.2069385616764851	0.1034790820570936	0.2757944973511266	0.17233095661236827
0.2414024193878425	0.20695022466706564	0.10351771684115663	0.27583933131122884	0.17229030779270618
0.2413975039292091	0.20689513920325325	0.10353511993001858	0.27583959431454924	0.17233264262296955
0.24144445006105153	0.206896248633194	0.10348072765671186	0.2758493510622919	0.17232922258675049
0.24141064316408767	0.20689847789161742	0.10353235209027574	0.2758601785531635	0.1722983483008554
0.241422201628476	0.20691274151672082	0.10353540079566016	0.27583143351559974	0.172298222543543
0.24145039851392538	0.20693156385132822	0.1034419639993487	0.27585761470402226	0.1723184589313752
0.24144691168856114	0.20690259230567823	0.10351498153895393	0.27582664873325746	0.17230886573354892
0.24140942599673784	0.2068995379490504	0.10357181633829453	0.2757921672007175	0.17232705251519953
0.2414268795784016	0.20689764744260633	0.10353442433182469	0.27581380493863317	0.17232724370853397
0.2414286950918304	0.2069266743554553	0.1034933413931707	0.2758313136480949	0.17231997551144843
0.2414269912097133	0.20691619046211351	0.10347570830005264	0.27585066809501735	0.17233044193310293
0.24140744514622606	0.20693897509583847	0.10354820453465852	0.2758014097071303	0.1723039655161464
0.24144391149249106	0.20690715287398817	0.10354690899006389	0.2757923653960339	0.17230966124742275
0.24143570167541162	0.20690285859018756	0.10350402895187086	0.27583534163234813	0.1723220691501816
0.2414251974880789	0.20694595208740577	0.10352923647105543	0.2757932134137726	0.17230640053968707
0.2414361178446425	0.2069348525732081	0.10348539261727642	0.27583388479992677	0.17230975216494596
0.24143993596629623	0.206919655342761	0.10347507662827145	0.2758371662321584	0.1723281658305127
0.24144350659973485	0.2068982443356648	0.10351108531382434	0.2758186245161841	0.17232853923459163
0.24139802613724903	0.20689608682124785	0.1035383513921438	0.27584265951131437	0.17232487613804465
0.24145662881891505	0.20691320563442195	0.10346365658624013	0.2758363556562519	0.1723301533041707
0.24142797294987475	0.20692541321730934	0.10349931693557982	0.2758368765100693	0.17231042038716657
0.24143295330988754	0.20691007617680365	0.10350201648304853	0.275836325760884	0.17231862826937602
0.24141100250942793	0.20693951812409522	0.10347764435009567	0.27584793781434513	0.17232389720203578
0.24139887050916556	0.2069447879477739	0.1035143190025196	0.27582343857783853	0.1723185839627022
0.2413993122570994	0.20693810122243425	0.10351408788907092	0.2758548864027486	0.17229361222864656
0.2414189850415262	0.2069006853552588	0.10359370170432788	0.2757960935136459	0.17229053438524092
0.24139983648395782	0.20694599280461654	0.10349656553976765	0.2758592823125728	0.17229832285908495
0.24142176068279222	0.20694470297741777	0.10347843429967776	0.2758473731193092	0.17230772892080282
0.24144214570837275	0.20690427780053539	0.10352769260947882	0.2758267372636517	0.17229914661796109
0.24140619175543465	0.20690698668502153	0.10356633197656426	0.27580831876088524	0.17231217082209407
0.24141037333123022	0.20692459464937535	0.10354489193098351	0.2757986208461026	0.172321519242308
0.24141795198659172	0.2069250438721258	0.10352546370143395	0.27582539329532985	0.17230614714451842
0.24141396186967942	0.20693230885114675	0.10353494277088449	0.2758257879140162	0.1722929985942729
0.2414449369105371	0.20690125736186477	0.10352586303945424	0.2758340715072068	0.17229387118093686
0.24142205697932023	0.2069489466200784	0.10349881916232356	0.27582051686688874	0.17230966037138878
0.24141192034815556	0.20692832661438013	0.1034808684317989	0.2758516782433907	0.1723272063622745
0.24141262219633614	0.20694705557762932	0.10346207794809367	0.27584621990717384	0.1723320243707668
0.24142612691261361	0.20693347143359725	0.10350303856582996	0.27581104385994815	0.17232631922801075
0.24144236569307237	0.20692375263323767	0.10348641311700178	0.27585036642927685	0.17229710212741106
0.2414059904614408	0.20690692824142465	0.10355845044676548	0.27580321774910144	0.17232541310126737
0.24140309544237176	0.20692258870260555	0.10349603032600999	0.2758489580740568	0.17232932745495566
0.24140596494430777	0.20694805352259246	0.10353651487399032	0.2758094085989724	0.17230005806013682
0.2414207445990827	0.20690430099758064	0.10357043513195775	0.2758107647553739	0.1722937545160047
0.24139767731920272	0.20690499717731434	0.10351937646131008	0.2758521893685659	0.17232575967360672
0.24144253435861898	0.2069277594840539	0.10351762829596231	0.2757952137110291	0.1723168641503354
0.2414131654046323	0.20692169242635824	0.10349173047476307	0.2758451986630004	0.1723282130312457
0.24141889701003827	0.20691673242855732	0.1035481225326102	0.27582419081579157	0.1722920572130024
0.24141604750271747	0.20691664974073465	0.10352283151564955	0.2758256417636978	0.17231882947720034
0.24140529094791396	0.20693987044232354	0.10353008335496454	0.27580493201802925	0.1723198232367685
0.24143221205962787	0.20693928098700584	0.1035247725131192	0.2758094940513443	0.17229424038890254
0.24142263036761885	0.20694769333878904	0.1035136776213761	0.27580652569517966	0.1723094729770361
0.24143436742206026	0.20692312284286338	0.10353094385625201	0.27581461724563683	0.1722969486331873
0.24142088412120538	0.20689632595034677	0.10351843816137357	0.2758323031195342	0.1723320486475398
0.24141301075441807	0.20694018082052906	0.10349177938248008	0.27586047960642934	0.1722945494361432
0.2414195882046749	0.20692709301873985	0.10353137848658536	0.2758007440705832	0.17232119621941644
0.24145318784438136	0.2069175825570034	0.10350871367392042	0.2758149977978937	0.17230551812680087
0.2414445655376485	0.20694989322379792	0.10349751326802194	0.2757912111476399	0.17231681682289152
0.24144208248090362	0.20690807477662557	0.10349259025275521	0.27584206082319707	0.17231519166651826
0.24140221452283034	0.20692471457962036	0.10355506833060885	0.27582434959399543	0.17229365297294483
0.2414399565170878	0.2069404787152312	0.10353374382640426	0.2757928676168739	0.17229295332440264
0.24141491017556574	0.2069355553690592	0.10347256678819387	0.2758461213395377	0.17233084632764326
0.24143769573788382	0.20694901952978287	0.10348170396454509	0.2758353852677382	0.17229619550004974
0.24145139326460419	0.20693030577534743	0.10344154614277092	0.27586030861839217	0.17231644619888503
0.24143484443649116	0.2069299627508795	0.10348634065810453	0.27585190225881	0.17229694989571454
0.24145214806639537	0.20692951009358582	0.10349893995969575	0.27581287878665567	0.17230652309366712
0.24141590787771258	0.2069255745398819	0.10352865967087152	0.2757987253154762	0.17233113259605756
0.2414014569440987	0.20693220972613355	0.10357233173808836	0.27579499630348236	0.17229900528819678
0.24145680803282094	0.2069473063731841	0.10344656997264777	0.27585922495711485	0.17229009066423207
0.24142129831637485	0.2069062484455041	0.10352643258609648	0.2758258006916603	0.17232021996036406
0.24140272780024927	0.2069279950563421	0.103546115155315	0.27581621915545074	0.1723069428326426
0.24144012267628867	0.20692161055749278	0.10352437394270295	0.27579108081602427	0.17232281200749106
0.24140894588323453	0.206929602867088	0.103554770025426	0.27579236278131425	0.17231431844293696
0.24143797198035355	0.20692804378484078	0.10353574488331208	0.27579807174077176	0.17230016761072156
0.24142448053502802	0.20689680684195036	0.10354085044082285	0.27580910426961897	0.17232875791257954
0.24143538957464122	0.206913487615008	0.10352218300017606	0.2758179740487663	0.1723109657614082
0.24145787571321342	0.2069057614221552	0.103498124508722	0.27581090239445016	0.17232733596145897
0.24141468438845526	0.20691302747060772	0.1035112142302036	0.2758378240038707	0.17232324990686249
0.24144037941758192	0.20690381329491003	0.1035244767841608	0.275825302076547	0.17230602842679998
0.24145064956983062	0.2069211949395026	0.10347014534600779	0.27585834451340074	0.17229966563125804
0.24139979001697853	0.20692961780032842	0.10352628655159467	0.2758267824167008	0.17231752321439736
0.24143535040309066	0.20694064481188287	0.10350200631557592	0.27580874527048804	0.1723132531989622
0.2414338158507575	0.20695138889884812	0.1034908801342509	0.27582812793179157	0.17229578718435165
0.2414170882037417	0.20694374363291232	0.10348685231824978	0.2758512258058893	0.17230109003920668
0.2414055906131848	0.20692245631932785	0.10351224330122359	0.2758323214285215	0.17232738833774203
0.24143222666079006	0.206937589445334	0.10347455085670951	0.2758343123139238	0.17232132072324238
0.2414081777758578	0.20693016336531608	0.10350277744101392	0.2758480738391862	0.1723108075786257
0.24140531837744855	0.20692029594428732	0.10357020395268829	0.27581087830510653	0.17229330342046903
0.24140963045454406	0.20692544494267734	0.10350333420999372	0.2758396326675243	0.17232195772526035
0.24142360244324035	0.20695150975979779	0.10346316451355902	0.275837304859763	0.17232441842363963
0.24143986368998316	0.2069068502781562	0.10349349898920487	0.2758572803540621	0.17230250668859343
0.2414159663194841	0.206915588971548	0.10350164305916164	0.2758542590464364	0.17231254260336962
0.24141574416557304	0.2069204101622595	0.10354951262059263	0.27581288694883377	0.1723014461027408
0.2414184727287692	0.20693445896179904	0.10350821639469734	0.27582073491697445	0.17231811699775967
0.2414307909396629	0.20689593885948365	0.10354798956563616	0.27582463319121436	0.1723006474440027
0.24141115801417368	0.2069170988297206	0.10355422419056973	0.2758080548995725	0.17230946406596323
0.24141345430554437	0.2069139935092141	0.10349132189522448	0.27585443551193534	0.1723267947780815
0.2414157471480904	0.2068940066892775	0.10355099708680197	0.27583385613931566	0.17230539293651426
0.24139861536178658	0.20690636149356678	0.10356324072938868	0.275818876899837	0.17231290551542072
0.24144111416318478	0.20694935047212418	0.10342343199326018	0.2758599725864335	0.1723261307849971
0.24143960701240674	0.20691847857204096	0.10349470299643042	0.2758188545657369	0.1723283568533847
0.241402666859596	0.20693305497619036	0.10348805030995376	0.27584418537127087	0.17233204248298875
0.24141633726295966	0.20694999250861085	0.10344642216872607	0.2758544704128066	0.17233277764689656
0.24143553253227262	0.20690288695594167	0.10351964413788486	0.2758429907950253	0.17229894557887535
0.24142962699409098	0.20692331492922544	0.10354189712219587	0.2757924569711576	0.17231270398332982
0.24145302289071507	0.20690235632074425	0.10347425352938719	0.2758537399997697	0.17231662725938354
0.241419575295041	0.2068948843324753	0.103573555773122	0.27579667484283155	0.17231530975653
0.2413990704583477	0.20689953940634356	0.10354853083529596	0.2758290805133578	0.17232377878665475
0.24143153059264813	0.20694697889780891	0.10353427780782962	0.27579151200181845	0.1722957006998946
0.24140033529552105	0.2069244547573101	0.10354179663637875	0.2758152411515477	0.1723181721592421
0.24142687754143008	0.20691634209952667	0.10356370820524538	0.275794479576117	0.17229859257768063
0.241454461466456	0.20692481791932868	0.10346087551511378	0.275832163877661	0.17232768122144027
0.2414338390998177	0.20692132545384104	0.10351687078431951	0.2758023256974361	0.17232563896458541
0.24141301120698652	0.2069481518846648	0.10352583467464255	0.275795369376326	0.17231763285737986
0.2414048738976511	0.20689779813444953	0.1035722585725819	0.27580352578928624	0.172321543606031
0.24141197530229463	0.20691514171264644	0.10355579256193358	0.2758128890422555	0.17230420138086963
0.24142142617767326	0.20694334464080427	0.10348029834452638	0.27585517542893656	0.17229975540805925
0.24140124600338547	0.20691823519706426	0.10351274953438856	0.2758504485568365	0.17231732070832498
0.24143875171773005	0.2069011539022083	0.10352506741123711	0.27582263607154084	0.17231239089728345
0.24141214357724228	0.2069493219554369	0.1035207184472375	0.27580793773498613	0.17230987828509692
0.24145388912374033	0.2069051160816493	0.10349176587410815	0.2758299861361966	0.17231924278430538
0.24142183985984603	0.20693261321320136	0.10348017526718424	0.2758441093087044	0.17232126235106374
0.2414038026912146	0.20689900247253362	0.10354340528330411	0.2758310041868832	0.17232278536606424
0.241426379169498	0.20694682203327502	0.1035090815572472	0.2758173409345227	0.1723003763054568
0.24141788880662288	0.20690975013031407	0.10354457292410187	0.2758238061389863	0.17230398199997463
0.24143959414099297	0.2069433240342568	0.10345442522158592	0.27584858321144107	0.172314073391723
0.24142826109653379	0.2069479669603577	0.10348889396759531	0.27581122139697956	0.17232365657853344
0.24140741640742017	0.20690034198560814	0.1035797127721387	0.27580591346337524	0.17230661537145753
0.24143955310030643	0.20691444222994612	0.10351249682651328	0.27583432000394237	0.17229918783929155
0.2414345096896295	0.20689710364693495	0.10351526093055957	0.2758274206287881	0.17232570510408757
0.24141182597332977	0.20694460146545188	0.10349520478385121	0.27584107605567654	0.17230729172169035
0.24145241453024363	0.2069099853063298	0.10350389120072381	0.2758315562026762	0.17230215276002636
0.2414112339544761	0.2069255581208163	0.1035409228208882	0.2758063211263354	0.17231596397748375
0.24144430303427655	0.20692162646568482	0.10350296157281282	0.2758148246759958	0.17231628425122977
0.24140329284445464	0.20694216857984468	0.10352279383399521	0.2758169181811641	0.17231482656054112
0.2414406099950375	0.2069129676748944	0.10355557683194792	0.2757989706048817	0.17229187489323822
0.24142687973363197	0.20693677142368827	0.10353948712842478	0.2757998869391522	0.1722969747751025
0.2414472794964665	0.20690174763804167	0.10349952957731806	0.2758532594141808	0.1722981838739927
0.24141545044776846	0.20689425594898617	0.10352380658438137	0.2758608640791398	0.17230562293972396
0.2413974586079133	0.20691782840234324	0.10354711833128445	0.27581818955333126	0.17231940510512753
0.2414233673489699	0.20693149224924148	0.10355568870897264	0.2757959113090196	0.1722935403837961
0.24142906207509474	0.20689469957583356	0.10351741549656379	0.27584434164075033	0.17231448121175735
0.2414023443374686	0.2069067546533849	0.10357975659405856	0.27580916528883653	0.17230197912625117
0.2414024897163155	0.20694479335900867	0.10355383814449079	0.2757912050697189	0.17230767371046585
0.24145429160935988	0.2069044545878224	0.10351052961078144	0.2758208247027928	0.17230989948924327
0.2414385911732963	0.2069286984283179	0.10348672718603655	0.2758183717744058	0.1723276114379432
0.24144516732228732	0.20694270494074452	0.10350117921549343	0.27580932620246695	0.17230162231900753
0.24140787001994884	0.20690576852550285	0.10356826568035495	0.2758154676198718	0.17230262815432124
0.24145110719265184	0.20690582095270174	0.1035229952996702	0.2757956274425295	0.17232444911244643
0.24145460740692373	0.20692258200916844	0.10348767667864847	0.2758241190055396	0.17231101489971948
0.24140534380774753	0.20694642329437343	0.10350327363493575	0.2758130824913164	0.17233187677162667
0.2414535374262631	0.2069353192783899	0.10347302878264612	0.27583753746533357	0.17230057704736704
0.24144220221430754	0.20693872085486603	0.103512202981721	0.2757952279543244	0.17231164599478083
0.2414149531377284	0.20691716803955526	0.10355605668577628	0.2757939636008464	0.1723178585360934
0.24140912289741728	0.20692932103630296	0.10351024310400507	0.2758515769825239	0.17229973597975057
0.24143186174017547	0.20689706406840208	0.10350038455063552	0.27584017514832815	0.1723305144924585
0.24140286118336016	0.2069281317533222	0.10357681404957209	0.2757972830257129	0.17229490998803243
0.24145350192355908	0.2069107499257604	0.10349222094895798	0.2758113193227812	0.1723322078789411
0.24140725087085246	0.20690814807002536	0.10358089649676261	0.27580013308101115	0.17230357148134814
0.24140028079454684	0.2069434446014337	0.10352048905245481	0.2758073092994638	0.17232847625210063
0.24142576387662798	0.20691041515686798	0.10355489235973382	0.27579662376650044	0.17231230484026955
0.24143767860643198	0.206897161726367	0.10353608482885411	0.27583422334246926	0.1722948514958774
0.24141002018859542	0.20694072310024347	0.1035203069050241	0.2758047230375016	0.17232422676863518
0.24141172170725428	0.20690983329634244	0.10357814866624408	0.2757915869390479	0.1723087093911111
0.24143585231656567	0.20693587712525519	0.10347755726935944	0.2758217012503933	0.17232901203842615
0.24139965480093026	0.2069460201680414	0.10351653364593374	0.2758192645350942	0.17231852685000013
0.24144530357544958	0.20690154151012408	0.10349727551932633	0.27582968510025235	0.17232619429484738
0.2414419060279641	0.20690974008682397	0.10352577992089955	0.27580853903955593	0.17231403492475622
0.24141782065251594	0.20693573103554164	0.10353161700401929	0.27581127814473044	0.17230355316319249
0.24144507453248587	0.20694295755076822	0.10347400750079448	0.27581648141094683	0.17232147900500439
0.24143602007152024	0.20691881892199343	0.10353007342644963	0.2757997552402916	0.1723153323397449
0.24140167264758172	0.2069116723256942	0.10357185817654446	0.27580185473662633	0.17231294211355302
0.2414408093349507	0.20692482342004778	0.10351013735841864	0.27581200711863696	0.17231222276794567
0.2414104412208432	0.20693544105317915	0.10350842948150821	0.2758523296166621	0.17229335862780706
0.2414526748462006	0.20690689514608465	0.1035244137788006	0.2758013487538931	0.17231466747502078
0.24142872601357912	0.20691936124077032	0.1034865906793226	0.2758415798473064	0.1723237422190213
0.24144704780186796	0.20691466350086554	0.10350528729874674	0.27582708056592303	0.1723059208325965
0.24140969258013478	0.20691442891655937	0.10352149967662327	0.27583410199878866	0.1723202768278937
0.24140004208076088	0.20692272374786463	0.10352585840492885	0.2758286175059971	0.17232275826044832
0.24140092331729177	0.20695024618917765	0.10348876608491245	0.27583247384725906	0.17232759056135882
0.24143992515848994	0.20690319540933022	0.10352935954764261	0.2758359937625998	0.17229152612193716
0.24144565997864023	0.20691790131900434	0.1034742358517162	0.2758455216746037	0.1723166811760353
0.2414542368322842	0.2069264456207769	0.10347739616971208	0.27581089169394946	0.17233102968327713
0.24141593454688068	0.20690653194122124	0.10355263378013604	0.27579659116388877	0.17232830856787298
0.24142913521768872	0.2069487739113948	0.1034585040917661	0.2758582711089995	0.17230531567015056
0.24144451751886084	0.20693893404153757	0.10349959248392913	0.2758090925985982	0.172307863357074
0.2414178243415796	0.20690184744326479	0.10354011568569192	0.2758143418267762	0.1723258707026872
0.24142662043376806	0.20694322046694613	0.10346385448790035	0.2758546262645495	0.1723116783468357
0.24141889531308688	0.20689702855025444	0.10356765511308678	0.2757953017961905	0.17232111922738116
0.24145047830923286	0.20695116035306133	0.1034965001620943	0.2757940141912606	0.17230784698435064
0.24139986328443166	0.20689982449407854	0.1035254744013344	0.2758542798222237	0.17232055799793145
0.24139999718484167	0.20689631082938717	0.10357825069358073	0.275797356704777	0.1723280845874132
0.2414221654765961	0.20694561203165207	0.10353385381980976	0.2757973170215584	0.17230105165038345
0.2414185972408666	0.206946270108264	0.10347697397069254	0.2758268529294208	0.17233130575075584
0.2414157294869107	0.206932392451696	0.10353184038678469	0.27582155589489427	0.1722984817797141
0.2414205130397074	0.20690249958126808	0.10356428339208117	0.27581317596306265	0.1722995280238804
0.24142108642171953	0.20693088647926797	0.10355702190754375	0.2757933984072156	0.17229760678425288
0.2414096217469974	0.2069182778458333	0.10353841476163166	0.2758025946041967	0.1723310910413407
0.24144578255964316	0.20695119506031753	0.10345222319482647	0.2758382060138054	0.1723125931714072
0.24143325628353288	0.2069060122588498	0.10352245805678	0.27582056786576714	0.1723177055350699
0.24144470657995826	0.20695050522285213	0.10349021848669392	0.27581031231771197	0.17230425739278343
0.24141206372021334	0.20689564569416158	0.1035503195570579	0.2758417029510162	0.17230026807755075
0.24142455841533916	0.20690497758114476	0.1035037678609158	0.27584302164145214	0.17232367450114788
0.24142279430094873	0.20689827616935402	0.10357260819901312	0.27580443803300353	0.17230188329768034
0.24141867660387079	0.20692878871446016	0.10351667663384828	0.27581274033419223	0.17232311771362835
0.2414194073360019	0.2069069909736342	0.10351595166580636	0.275834153829332	0.1723234961952253
0.2414152971700586	0.20689742075939954	0.1035591524232405	0.27582652159713544	0.17230160805016564
0.2414172638617869	0.20691443345882185	0.10350259766696224	0.2758439643640071	0.17232174064842168
0.24141779618388146	0.20692576148680442	0.10353437983745506	0.27580669874435293	0.17231536374750595
0.241443208085388	0.20694649827292225	0.10345788881127121	0.27582718775552634	0.17232521707489196
0.24145772124865783	0.20691148002877432	0.10353507078887944	0.275804304238257	0.17229142369543113
0.24144736855028964	0.20690066272038055	0.10349870333237804	0.27585337355383865	0.1722998918431129
0.24143098804605984	0.20692751272267407	0.10348939520805686	0.27585539203066933	0.17229671199253965
0.24139848767961838	0.20693040065747842	0.1035125265388018	0.27584837431153153	0.17231021081256961
0.2414313086005237	0.20692932584123394	0.1035362658275589	0.27580830031468023	0.17229479941600298
0.24144365710699794	0.2069418748734233	0.10350339309963587	0.2758053156039623	0.1723057593159803
0.2414560295288013	0.20691965760304326	0.10349853292330273	0.27579564962905895	0.1723301303157935
0.24140471582025302	0.20693913183968016	0.10349797426020838	0.2758564051248734	0.1723017729549848
0.24140817490147987	0.20692131973947564	0.10350871916431235	0.27583317387937634	0.1723286123153556
0.2414416216034323	0.20693765592799043	0.10353357705862798	0.27579624252794943	0.17229090288199964
0.24140897626348717	0.20694055682048731	0.1035005628279492	0.2758449944256733	0.17230490966240275
0.24143005999308056	0.20692451649624227	0.1035146651164788	0.2758259035723306	0.17230485482186753
0.2413976878819528	0.20690246092842957	0.10355832269734729	0.2758470476241687	0.17229448086810148
0.24143383346326616	0.20690574227343436	0.10354583243578867	0.2758163337556756	0.1722982580718349
0.2414478844974059	0.20693086976825198	0.10352074113817604	0.2757953790455078	0.172305125550658
0.24143487014452514	0.20694695323522863	0.10347075275564523	0.2758303956927025	0.17231702817189828
0.24145328464541732	0.2069235009208931	0.1034860837493703	0.2758317865727039	0.1723053441116151
0.241405803084868	0.20690866904762983	0.1035580947207466	0.2757957612728384	0.17233167187391693
0.24145215111290286	0.20690787917032252	0.10351684131579804	0.27579220592451	0.1723309224764663
0.2414094815531746	0.20694312315307803	0.1035188214567204	0.2758084213160321	0.1723201525209946
0.2413990496571852	0.20692335236356685	0.10354894741864307	0.2758315059684483	0.17229714459215636
0.24144613966545125	0.2068970248050016	0.10347503738099306	0.2758505794376202	0.17233121871093365
0.2414370537113143	0.20693160400883442	0.10350849588352039	0.2758098286492667	0.17231301774706392
0.2414534336285204	0.2069036342079081	0.10353081063634555	0.2758110788867443	0.17230104264048143
0.24145404682763327	0.20691800853041603	0.10348279029903724	0.27584938615599464	0.17229576818691858
0.24143784999882256	0.2069380895871002	0.10348688030503171	0.2758442874672574	0.1722928926417879
0.24142627939074043	0.2069458856665204	0.10353148175970442	0.2757969301953862	0.17229942298764828
0.2414006751404261	0.20693624954812376	0.10353131432692694	0.27580898119619857	0.1723227797883244
0.24142655161465054	0.20689839566319612	0.10352310922350222	0.2758202025558358	0.1723317409428151
0.2414525356996533	0.20692182030810896	0.10349803736678227	0.27581054481036393	0.17231706181509124
0.24141628471570722	0.20690309786985445	0.1035302986477987	0.27584285643023565	0.17230746233640376
0.24141540603838818	0.20691695049301292	0.10347831699081694	0.2758574291598515	0.1723318973179302
0.24143197907969888	0.20694978690338986	0.10348075456352299	0.27581329906072394	0.17232418039266406
0.2414327257497021	0.20692221559945548	0.10348480309314081	0.2758277356891078	0.1723325198685936
0.24143646783442468	0.20691074218914915	0.10356112840504914	0.2757957876557606	0.17229587391561615
0.24140317307354742	0.20691831669263336	0.10352528922322775	0.2758394858011373	0.17231373520945392
0.24144511161484175	0.2069316861647266	0.10347902027603097	0.2758240256623616	0.17232015628203887
0.24140279035040701	0.2069224770850373	0.10355533789623622	0.27579845060910413	0.1723209440592151
0.24139942577564255	0.20690790548176066	0.10357141596346969	0.2757968576328611	0.17232439514626574
0.24141021016002917	0.206943920639709	0.10349021226380667	0.27583296119893996	0.17232269573751496
0.24143862607737007	0.20690139400451737	0.10351738879745508	0.27585023186370405	0.17229235925695313
0.24140417272895526	0.20690527890935678	0.10354433898788852	0.27582088125394316	0.172325328119856
0.241400107043204	0.2069272524716491	0.10352885498294655	0.275820077819848	0.1723237076823521
0.24139701025665633	0.2069321771979296	0.10351839475591851	0.2758325077787585	0.17231991001073682
0.24144314116822707	0.2069058855439714	0.1035144789027037	0.27583877465601225	0.17229771972908534
0.24142361818876615	0.20689521725381801	0.10351898251549169	0.27585354017052305	0.17230864187140088
0.24142774213845997	0.20694658009515848	0.10349366846389425	0.275832208061894	0.17229980124059305
0.2414294488658265	0.2069218387209225	0.10349825171709569	0.2758345975874955	0.17231586310865954
0.24142363144334755	0.20690437606900972	0.10357203060831324	0.2757910097119039	0.17230895216742534
0.24144090591262443	0.20694346695778607	0.10346689932836434	0.27584737647478347	0.17230135132644148
0.24139915641035053	0.20690075265075725	0.10351342124534192	0.2758609410759634	0.17232572861758666
0.24141418755269833	0.20690388321804618	0.10353880426438547	0.2758327037719006	0.17231042119296916
0.24140532146952715	0.20694592072676732	0.10352849728451971	0.2758196819269752	0.17230057859221037
0.2414194331110903	0.20694669562556958	0.1035147679203823	0.27581412677085915	0.17230497657209845
0.24144765384666195	0.20692468375323386	0.10346896279135852	0.2758504315760733	0.1723082680326721
0.24145142905066397	0.20690624014583434	0.103517349772378	0.27582386365868494	0.17230111737243847
0.2414498406348709	0.20694841221413365	0.10349358465595951	0.2758016613337266	0.17230650116130908
0.2413986633555845	0.20693636099049487	0.10353321226280332	0.27581412937416816	0.1723176340169489
0.24139986667625002	0.20690979659915698	0.10353545892944704	0.275832457564104	0.1723224202310417
0.24141782670613995	0.2069048261657328	0.10352149087460474	0.2758429338398992	0.17231292241362306
0.24145131316042048	0.20695080032937938	0.10346063222832325	0.27582906079691366	0.172308193484963
0.24141361998449143	0.20692387872732412	0.1035068375576155	0.27585502889006647	0.17230063484050223
0.24143821670450497	0.20690505686495592	0.10351899346275847	0.2758390313491077	0.1722987016186727
0.24141677321588964	0.20692563286657836	0.10352903048717223	0.27583587617157623	0.1722926872587833
0.24141824099960432	0.20692568518449098	0.10348989569197961	0.2758542406222593	0.17231193750166557
0.24144219070615505	0.2069357855295584	0.10347732159628881	0.27584283319573	0.17230186897226746
0.2414447547397612	0.20691560099690415	0.10350439831906347	0.27583478841302367	0.17230045753124726
0.24142627091643715	0.20692481637942375	0.10350140179591617	0.27583248270690397	0.17231502820131872
0.24143543894468317	0.2069321402988585	0.10351520633699249	0.2758226936671905	0.17229452075227508
0.24141349425600098	0.20693777238291375	0.10349487146196629	0.2758528002478118	0.17230106165130696
0.2414571619283218	0.2069303337440034	0.1034682869742962	0.2758511510457419	0.17229306630763638
0.2414031519483108	0.20692508460464107	0.10354388587154043	0.2758215800517128	0.17230629752379467
0.2414516740446087	0.20692747416813737	0.10347237309906375	0.2758475992299002	0.17230087945828973
0.24143093755056333	0.20690601137945056	0.103556194491726	0.27579706743096144	0.17230978914729844
0.24143092261673538	0.20691302990958585	0.10352004223865857	0.27584319677759384	0.17229280845742614
0.2414489508088627	0.20693360520747203	0.10349316210893571	0.27580236385679024	0.17232191801793903
0.24140379940503143	0.2069474589161356	0.10348670744188297	0.27584996176788834	0.17231207246906138
0.24142184360670665	0.20694233010609922	0.10351223219718012	0.27583193185129307	0.1722916622387207
0.24142607504468577	0.20693840931225416	0.1034633583490627	0.27584837614837043	0.1723237811456267
0.241409659757289	0.20691340547888767	0.10356292262837682	0.2758036226186892	0.1723103895167571
0.24141690507004526	0.20691150242354575	0.10351005098923138	0.2758286541307497	0.17233288738642766
0.24142803097525	0.206907172950389	0.10356905320127249	0.27580206891709746	0.17229367395599074
0.2414545352686058	0.20693150927210224	0.10344757240283017	0.27585477104184863	0.1723116120146129
0.24142730069410467	0.2069176843147652	0.10355097615942506	0.27580490007973446	0.1722991387519703
0.2414168353637133	0.2068958583481993	0.10354873486655365	0.2758297389800208	0.17230883244151274
0.24144040738561778	0.20694341629649346	0.1034713225056805	0.2758540008713338	0.17229085294087418
0.24145018359328588	0.20691471905155906	0.10350713193388943	0.2758029595213852	0.17232500589988015
0.24145408298759768	0.20693137863784794	0.10347336366683554	0.2758498529196526	0.17229132178806603
0.24139972551946898	0.20694531337713806	0.10354213683574061	0.27579905730159143	0.17231376696606066
0.24141350255303315	0.2069487428837087	0.10349359705586228	0.27585259828497816	0.17229155922241746
0.24145755793261134	0.20694144760833277	0.10346370890978349	0.2758420623771888	0.17229522317208337
0.2414155355522638	0.206903950630271	0.10355592135082976	0.2758147924488256	0.17230980001780957
0.2414474164413294	0.2068995907654096	0.10352735873218401	0.27580857090975275	0.17231706315132406
0.2414514632804935	0.2069388531325596	0.10345945447252465	0.2758544836280719	0.17229574548635007
0.2413984143540328	0.20693861367106853	0.10350044470048415	0.27584554083272184	0.1723169864416924
0.24140459446638737	0.2069026681790248	0.10356622819335048	0.27583514954591387	0.17229135961532321
0.24142064615835754	0.20691497630124975	0.10353711649928128	0.2758112295548072	0.17231603148630398
0.2414157554182441	0.20694073543520677	0.10350899665283077	0.2758224582892472	0.172312054204471
0.24143622168223602	0.20691756229759167	0.10351742928476199	0.275806412988042	0.1723223737473681
0.2414348624163876	0.20692271873816692	0.10347986882399494	0.27585233251130753	0.1723102175101428
0.24145101983780093	0.2069324139627636	0.10346593933153184	0.2758273168744221	0.17232330999348125
0.24145544142503295	0.2068999250289115	0.10348184649319066	0.27583734984290265	0.172325437209962
0.24140513235860436	0.2069484917546978	0.10354069125113896	0.27580589855692067	0.17229978607863797
0.24144294021507773	0.20693764227445982	0.10349064140053099	0.2757960027289391	0.1723327733809921
0.24142349370190996	0.2069316321886782	0.1034812559712675	0.27584748170746104	0.17231613643068305
0.24145722914450235	0.20695067665800873	0.10344177907491912	0.2758201697522974	0.17233014537027216
0.24140972008921718	0.20693347748682014	0.1034894918129443	0.27585686794844777	0.17231044266257037
0.24142988747217886	0.20692054901301876	0.10347316467867103	0.27585739132707154	0.17231900750905954
0.2414384310123675	0.20691356041302775	0.10345954482144429	0.27585963242107514	0.17232883133208504
0.24144808135920487	0.20693715651203629	0.10346431807120211	0.27585992309490687	0.17229052096264963
0.24144594859551624	0.20690961056912438	0.10345803181395055	0.2758591005356165	0.17232730848579206
0.24142822357421417	0.20694298492999408	0.10347046599627115	0.2758543169247546	0.17230400857476577
0.24142638651138248	0.20689796715674205	0.10355374651146215	0.2758205517178862	0.17230134810252684
0.24141486493953684	0.20694842105991124	0.10347097204449648	0.2758396256674446	0.17232611628861058
0.2414121395559078	0.20693965158955885	0.10352177183208423	0.27580977141418594	0.17231666560826295
0.24140932240106253	0.20692669526697946	0.10350196300144507	0.2758393424345106	0.1723226768960021
0.24144600985516923	0.20691669490135228	0.10347174587725791	0.2758597569855812	0.17230579238063914
0.24140992834479155	0.20691627537274626	0.10354586335737592	0.27580549408372307	0.17232243884136295
0.24141135465981872	0.20693452159968478	0.10350234583274295	0.275839374252306	0.1723124036554473
0.2414187659739766	0.20694342362757878	0.10349504340859994	0.27581327767841995	0.17232948931142453
0.24144395963573848	0.20689940570011625	0.10348767888121449	0.27584783057638157	0.17232112520654896
0.2413991635954213	0.2069026971387501	0.10355577010086647	0.27583011094799864	0.17231225821696325
0.2414258663645802	0.20692051770930045	0.10351515332252732	0.27582200079942826	0.1723164618041635
0.24144399607145312	0.20690908647736675	0.10353756136735545	0.27580183857307095	0.17230751751075352
0.24145689523767772	0.2069214155604437	0.10349776858687479	0.2757982437184323	0.17232567689657124
0.24144228613222293	0.2069310551825097	0.10353252026320507	0.27579775911031645	0.17229637931174557
0.2414572535554933	0.20690415557276495	0.1035353464073019	0.27580335288076296	0.1722998915836766
0.24143182875904795	0.2069389791554729	0.10353926384542056	0.27579739249946567	0.17229253574059267
0.24144103496788274	0.20693325998343443	0.10344595847823039	0.2758588842807817	0.1723208622896705
0.2414339451088328	0.20692689613777837	0.10346105051619506	0.2758514556919741	0.17232665254521945
0.24141517436421234	0.20692104774805486	0.10354290442536405	0.2758106870167367	0.17231018644563179
0.24143497722753482	0.20692298643739632	0.10349080146389986	0.2758264280435415	0.17232480682762732
0.24144915851433116	0.2069161580827085	0.10350477769170587	0.2757987405450708	0.1723311651661834
0.2414402625259354	0.20692676595319737	0.10350395368871695	0.27581220085524294	0.17231681697690712
0.2414123455127677	0.20694765676671756	0.10348967474063604	0.2758403324871809	0.1723099904926976
0.24145773217064445	0.20692565107076183	0.10350981570417914	0.2758151633957119	0.1722916376587025
0.2414134818062425	0.20692025733877642	0.10352652012003645	0.27582559795400874	0.17231414278093565
0.24144628379627353	0.20694762028243194	0.10345504757102658	0.27585634982213664	0.17229469852813106
0.2414049250789047	0.20694801715740624	0.1034639931536994	0.27585998881903095	0.1723230757909585
0.2414237877937866	0.20690086686240686	0.10356557595538232	0.27581267574560975	0.17229709364281423
0.2414006152413819	0.20694921281039386	0.10350367283021279	0.27581477954950046	0.17233171956851073
0.24144794467619576	0.206935506218512	0.10345100308310495	0.2758526837099611	0.17231286231222592
0.24142572818767333	0.20690907439613382	0.10350607464623345	0.27586051898630326	0.1722986037836559
0.24142536462391798	0.2068980021430125	0.10358498906616295	0.27579139563263205	0.17230024853427428
0.24140322373308798	0.20691136239411026	0.10355093387980581	0.27583469337381833	0.17229978661917736
0.24140415623282818	0.2069048323288836	0.10353888730439893	0.27584752226764814	0.17230460186624091
0.24144525459752625	0.20695019269326922	0.10347943084786138	0.2758160309518711	0.1723090909094718
0.24143369048817886	0.20695070438001587	0.10347614368206137	0.2758405098414254	0.1722989516083183
0.24145083667083803	0.20691035888953538	0.10353851112498283	0.2758025252063611	0.17229776810828246
0.2414324978579337	0.2069039516801827	0.1034787939976829	0.27585610930833676	0.1723286471558637
0.24140781959631263	0.20691309737010602	0.10350070589118503	0.27586057912949086	0.17231779801290525
0.241432273894537	0.20689865752539557	0.10352324265669118	0.27581653888685587	0.17232928703652012
0.2414308640370951	0.20691429802847924	0.10352893938532938	0.27580049826980574	0.1723254002792903
0.2414445140174738	0.2069439724508368	0.10345851874270422	0.27582936421402354	0.17232363057496142
0.24144654916476355	0.20693656688916623	0.10350628948616288	0.2758016559472466	0.17230893851266052
0.24141859889323888	0.2069012277615702	0.10350016536701338	0.2758563181046418	0.17232368987353552
0.24142003303613507	0.20694954855307343	0.10349261636654442	0.2758471175984976	0.17229068444574924
0.2414310593816002	0.2069340764174094	0.10346788208345023	0.2758541418598094	0.1723128402577305
0.2414470557638423	0.2069119257168529	0.10351066807755249	0.27583339527144485	0.17229695517030724
0.24143988852600404	0.20693172268087215	0.10349946046020135	0.27581139374036706	0.17231753459255514
0.24141291969036238	0.20694768274039055	0.1034944549407789	0.2758515099999664	0.17229343262850152
0.24139989234610532	0.20690992539053923	0.10356777443957381	0.27580095033734675	0.17232145748643463
0.2414380736803505	0.2069379440852052	0.10352979050281795	0.27579889603948515	0.172295295692141
0.24142248832755675	0.20694792192808567	0.10351338816026405	0.27580202606303067	0.17231417552106262
0.24140505007378243	0.20691167804959687	0.10357205772273625	0.2757924421284997	0.17231877202538454
0.24145448812086384	0.20694653963530216	0.10342924464813272	0.27584856150634557	0.17232116608935547
0.2414368648729196	0.20691364682491242	0.10350383370790169	0.2758432531714651	0.17230240142280098
0.24140256663501902	0.20690117698516008	0.10358522149367974	0.27581184815588444	0.1722991867302565
0.24144166450884963	0.20692110194719973	0.10346838090321883	0.2758456259088987	0.17232322673183287
0.24141577502282635	0.2068971305169023	0.1035527216447718	0.2758414655124547	0.17229290730304464
0.24144580462955378	0.2069080842719939	0.10350580036098153	0.27584875688237576	0.17229155385509481
0.24142870559129645	0.20690245862497547	0.10354137648423369	0.27580705548772283	0.17232040381177133
0.24140070174975006	0.20693623534374153	0.10348496967060664	0.27585662184287557	0.17232147139302595
0.2414082947559244	0.2069259017087631	0.10354388676437117	0.27579869676231494	0.17232322000862615
0.2414199702846233	0.20691133945668258	0.10351763252158537	0.2758519899123143	0.17229906782479415
0.24141520162595365	0.20690138118683465	0.10356777409648284	0.27580224358979444	0.17231339950093416
0.24143979937851623	0.20692213450265648	0.10350994103001114	0.2758273467682834	0.17230077832053253
0.2414542221312861	0.2069325229709282	0.1034501463531115	0.27586012510015356	0.17230298344452039
0.24142574576854886	0.20689722957072265	0.10356113276854044	0.27580767592525146	0.1723082159669363
0.2414553699614892	0.2069188559564324	0.10349109155559884	0.27584191813539427	0.172292764391085
0.24142381840328125	0.20690418678637906	0.10354879550650031	0.27580178089321034	0.1723214184106288
0.2414536222897833	0.2069360826749914	0.10347464582657769	0.2758307867217954	0.172304862486852
0.24142729424960702	0.20694457014715922	0.1034806396393493	0.2758570355137716	0.1722904604501126
0.24143566089741147	0.2069489412346036	0.10344190767828247	0.27584518175315736	0.17232830843654484
0.24142131342075668	0.2069158073650076	0.10352966562897621	0.2758131968874181	0.1723200166978412
0.24139996854945842	0.20693806160320938	0.1035757699290517	0.2757918787693706	0.17229432114890963
0.2414066742200574	0.2069447051915028	0.10347959284149924	0.2758600866569242	0.17230894109001615
0.24145262903397358	0.20694083402408261	0.10346456235491895	0.2758388030764551	0.1723031715105695
0.24143665694791142	0.20692093223553057	0.10355098494425587	0.27579256390866297	0.17229886196363892
0.2414155246172858	0.2069400964402448	0.10349098159836612	0.27585422672952736	0.17229917061457573
0.24140878703607022	0.20693084202739312	0.10353962545916831	0.2757921381648422	0.17232860731252583
0.24145047411197257	0.20694319736424613	0.10348446877015156	0.27581118677512473	0.17231067297850478
0.2414574671836971	0.206904378365242	0.10353415705686868	0.2757948830475532	0.1723091143466388
0.24144955673886634	0.2069483345866301	0.10344248578614756	0.27585699410159525	0.17230262878676048
0.24143687773103356	0.20693111529079036	0.10346458572608654	0.27583762944884627	0.172329791803243
0.24141742237757768	0.20692058438305602	0.10351735859278885	0.2758385480540687	0.1723060865925085
0.24145216155647375	0.20694300525052495	0.10346865975416888	0.2758140686726406	0.1723221047661916
0.2414526529779387	0.20692285057947302	0.10348505303564064	0.2758416164847739	0.17229782692217355
0.24142552268991824	0.20689504391324876	0.10350263713119086	0.2758546697857108	0.17232212647993106
0.2414373156825531	0.2069374807486031	0.10346479090939405	0.27583075504985444	0.17232965760959504
0.2414301274321619	0.20695023396517706	0.10350199851440164	0.2757913649823901	0.17232627510586906
0.24139937174240028	0.20692177223184016	0.10356640755004479	0.27580409665201644	0.17230835182369805
0.241451219028809	0.2069519786503483	0.10348570411586845	0.27580356557720603	0.17230753262776796
0.24142964970160152	0.20695130903808237	0.10350171467305738	0.2758213443239401	0.1722959822633183
0.24140588039782795	0.2069013413829056	0.10353613200343885	0.27585808928602884	0.17229855692979854
0.24140472509474592	0.20693661557268694	0.10352557748358651	0.275800442823428	0.17233263902555235
0.24143231050477834	0.20693705430764317	0.10350267748945927	0.27582300694309525	0.17230495075502372
0.2414228863324709	0.20693649892352933	0.10346187651962856	0.27585521652196293	0.17232352170240806
0.24144281586272653	0.20692619890599323	0.10347659898914723	0.275860729638136	0.17229365660399673
0.2414222427893986	0.20693128022386328	0.10347787235478581	0.2758566816897485	0.17231192294220357
0.2414430424022873	0.20691661971312905	0.10349665017518407	0.2758113055363862	0.17233238217301308
0.24141832431405408	0.20692481172185875	0.10351444005009526	0.2758400791735278	0.17230234474046383
0.24142791670850922	0.20689975341410405	0.10355584907317386	0.2758086452676465	0.17230783553656612
0.24143061524002316	0.20690074277048512	0.10357363923973315	0.2758033667047467	0.17229163604501163
0.24141638850619	0.20690791604233938	0.10352436083303325	0.2758504442165058	0.17230089040193136
0.2414104465451562	0.2069041968593861	0.10352709293179438	0.2758362977182049	0.17232196594545818
0.24145761227017928	0.2069173985561678	0.10345385514180967	0.27583956132886295	0.17233157270298005
0.2414154275032867	0.20692141138028483	0.10351812437874537	0.2758460713508679	0.1722989653868149
0.24145494397323403	0.20694894914410145	0.10348735967839245	0.27580178000742883	0.17230696719684294
0.24143880182099214	0.20691062642384417	0.10348825692739175	0.27583119831771574	0.172331116510056
0.2414267597148391	0.20689467803583042	0.10352781729869623	0.27582357759860643	0.1723271673520276
0.24140538132553552	0.20689743903839233	0.10355574017313383	0.2758470081355108	0.1722944313274273
0.24143787763323027	0.20690743449064974	0.10354695655997898	0.2757933396659612	0.1723143916501796
0.2414503637195715	0.20694983030646602	0.10344257689005408	0.2758473402645931	0.172309888819315
0.24144529313791022	0.2068974395939825	0.10349669638618886	0.2758594814810031	0.17230108940091513
0.24141913647350705	0.20693163276457285	0.10353933208574984	0.27579389083213735	0.17231600784403267
0.2414512163966229	0.2069415855333162	0.10351013213124152	0.27579534308767034	0.17230172285114878
0.24143606467934814	0.20690117160463772	0.10348657359211992	0.2758501634788775	0.17232602664501645
0.24142098552609426	0.2068983312930656	0.10357779280706603	0.27580392022353156	0.17229897015024231
0.24144464752696448	0.20692249754549066	0.10350084397093928	0.2758338921201995	0.17229811883640583
0.24144013308023105	0.20689437099943936	0.10348028853884379	0.2758604219912188	0.1723247853902668
0.24140959489621308	0.2069484080961058	0.10349754305840267	0.2758435118045787	0.17230094214469951
0.24141492354257554	0.206908459363843	0.10351257529058268	0.2758569251490134	0.17230711665398513
0.2414532530479848	0.20690865403119713	0.10352429286736585	0.27579937227466156	0.17231442777879044
0.24144792644634033	0.20691096294173067	0.10351729522868569	0.27583022391616063	0.17229359146708248
0.24140615295341253	0.20692436866594446	0.10350285607989841	0.27585882403154693	0.17230779826919743
0.24143649144095294	0.2068970919176783	0.10357588819126635	0.2757975244655436	0.17229300398455855
0.24141751391221355	0.20693674716575444	0.10351341458463603	0.27580047131007945	0.1723318530273162
0.2414124366248549	0.20691478255920256	0.10356478099265021	0.2757983682980521	0.17230963152523998
0.24141334692747124	0.2069049375670952	0.10354940747796647	0.2757994508512935	0.1723328571761734
0.24142526866808567	0.20692105830736607	0.10350356231534955	0.27585072791393356	0.17229938279526485
0.24140151683203895	0.2069432295704609	0.10350610308211869	0.2758222080804143	0.17232694243496688
0.24144706770288588	0.20693356958035486	0.10346953542072167	0.2758558802945743	0.17229394700146303
0.24145178547346485	0.20689510165139868	0.1035058436211609	0.2758401378981442	0.17230713135583112
0.24140535987744408	0.20689942237604378	0.10360242860141286	0.2757943726133114	0.17229841653178762
0.24143936903120228	0.2069474397180247	0.10347445361969371	0.2758316169788859	0.1723071206521931
0.24143756275965944	0.20690130699029283	0.10354938930653113	0.27580181776061763	0.1723099231828987
0.24144982230370027	0.20693897768120806	0.10343284505301521	0.2758589507605492	0.17231940420152703
0.24145570259613475	0.20691251763990537	0.10353752988064514	0.27579211594310243	0.17230213394021204
0.24143809009771677	0.20693739890921423	0.10351184161918212	0.2758006715844101	0.17231199778947653
0.2414002452317057	0.2069465685790252	0.10352293127109068	0.2758402391547883	0.17229001576338993
0.2414278021754715	0.20690087054346568	0.10353074573715922	0.2758492080827472	0.17229137346115614
0.2414298166960859	0.20689664556226423	0.1035374327771815	0.2758282759304068	0.1723078290340613
0.24140213601186844	0.20693778699853066	0.10354694631456013	0.275795955213485	0.17231717546155553
0.24143528675742265	0.20692064421395231	0.10355693061389722	0.2757937022118724	0.17229343620285523
0.24139710552456206	0.20693042980705023	0.10355806298384149	0.27579202107536793	0.17232238060917804
0.24141805937020122	0.20690004473619406	0.1035124876309743	0.27585246929449714	0.17231693896813305
0.241441426385111	0.20690490064380418	0.10351129985120895	0.2758248824431581	0.17231749067671748
0.24140126683083557	0.2069058630654287	0.10354120431063862	0.2758396211457812	0.17231204464731562
0.2414106083004206	0.20694899279967371	0.10346033536239072	0.275852292075054	0.17232777146246073
0.2414272191040734	0.20694263281128328	0.10345570724586273	0.2758506447603717	0.17232379607840861
0.2414486878797843	0.20692000276817887	0.10351302275468931	0.27580421434035546	0.1723140722569918
0.2414186513047083	0.20691996951203628	0.10354318273209769	0.27582690388077985	0.17229129257037762
0.24142131573315728	0.2069424598320319	0.10349560503379106	0.2758193456624468	0.17232127373857264
0.24144223190834135	0.20694809866577993	0.10347025033796838	0.2758117072886833	0.17232771179922676
0.24145718597063226	0.20693894828298695	0.10347622011815896	0.27581238682504705	0.1723152588031745
0.24144941458640354	0.20694660919956706	0.1034838674729648	0.27581712790999363	0.17230298083107073
0.24140959377428325	0.20695022841900165	0.10347682500836736	0.2758465005076619	0.1723168522906856
0.2413973641621447	0.20693405481564026	0.10354608837178036	0.27581634701838487	0.17230614563204957
0.24145561360132528	0.20692337476741512	0.1034994183431037	0.27579674743591764	0.17232484585223798
0.2414517972106996	0.20693361757022902	0.10347022975677539	0.27583017958251466	0.1723141758797811
0.24144079712316485	0.20694811056832166	0.10349746992982566	0.2758195507997656	0.17229407157892193
0.24143393137911395	0.20690025472216525	0.10354930942926523	0.27579955210103513	0.17231695236842018
0.24145406304805034	0.20690330903730836	0.103491060989938	0.2758258171334832	0.1723257497912199
0.24144166121559282	0.20694393661901983	0.10347779834058687	0.27584273602046816	0.17229386780433203
0.24145331755406457	0.20693759246607416	0.10346250018522177	0.2758558382372115	0.17229075155742782
0.24144644295554502	0.20692308623983197	0.103489318515752	0.2758274116709929	0.17231374061787785
0.24145081378841393	0.2069380132570773	0.10343690215153069	0.2758562566059918	0.17231801419698609
0.24141310107586644	0.20693206837728728	0.1035381150895089	0.2758152830121674	0.17230143244516974
0.24139922810558345	0.20691289425972126	0.10357085054189244	0.27581967369486726	0.17229735339793534
0.24141628033088075	0.20692994109698393	0.10349018073027069	0.27583943955131446	0.17232415829054992
0.24143622763202582	0.2069096567199681	0.1035309551152504	0.2758295489185684	0.17229361161418702
0.24144935610587914	0.206946102809801	0.10345169604311195	0.27585350272602227	0.17229934231518543
0.24142697516780748	0.20694477560540486	0.1034509838480503	0.275860412010954	0.17231685336778307
0.2414565478253095	0.20689498209761362	0.10352341158105688	0.2758308833466956	0.17229417514932416
0.24142425057698058	0.20689630650294272	0.10356909226084918	0.27580053722544784	0.17230981343377946
0.2414108081038277	0.20692038807958596	0.10348535528183221	0.2758590921082924	0.1723243564264615
0.24141454310289037	0.20691160242306114	0.10354167207953832	0.27580100347458847	0.17233117891992145
0.24145700785075358	0.20693875978653942	0.1034320629179459	0.27585795898826754	0.17231421045649334
0.24142056499727738	0.20689608277281613	0.10353606001236636	0.27582930149959173	0.17231799071794815
0.2414496209516156	0.2069154131275724	0.10348897621112554	0.2758293439217646	0.17231664578792164
0.2414036964695909	0.20691318350706456	0.10353840533779347	0.2758178190749471	0.1723268956106037
0.24141981219379355	0.20689431331370164	0.10356811744549052	0.27582140215368267	0.1722963548933314
0.24139825261151435	0.20690222504414937	0.10357604647877475	0.27581678352106187	0.1723066923444994
0.24142862669411982	0.20689567004654602	0.1035051889969486	0.275850227613199	0.17232028664918628
0.24143731364589885	0.20689796553575812	0.1034911667088615	0.27585837265662894	0.17231518145285232
0.24140203158561535	0.20690266236124555	0.1035774080764872	0.2758178636806738	0.1723000342959779
0.24139811321898785	0.20692096540773042	0.1035874832242408	0.2758029285746411	0.17229050957439956
0.24143394316180983	0.20694563442050565	0.1034878288852125	0.27583469820637035	0.17229789532610146
0.2414527170557174	0.2069452375519294	0.10347089180825679	0.275838970978212	0.17229218260588422
0.24144385243546473	0.2069410667861525	0.10347747936266936	0.27583884546645343	0.1722987559492597
0.2414227089373649	0.2069503340652587	0.10347458076172239	0.27582887101093206	0.17232350522472167
0.24141423118221655	0.20693877354778917	0.10348846384535873	0.27584147886341215	0.17231705256122315
0.2414161721158964	0.20691469684666527	0.1034764234193648	0.2758609953540278	0.1723317122640455
0.2414554606945058	0.20691292653855325	0.1034978122872826	0.2758026206992314	0.17233117978042672
0.2414067321833999	0.2069283872629309	0.10353391522298964	0.27583237768207425	0.17229858764860506
0.2414064678937985	0.20691613219131588	0.10351813841517009	0.2758355460021583	0.17232371549755698
0.24140360788891455	0.20694391118124544	0.10347751413641049	0.2758572788391842	0.17231768795424507
0.24142159264628626	0.20692910944053008	0.10353672665635424	0.2758177365060241	0.1722948347508051
0.2414179724132128	0.2069447404263558	0.1035418624949758	0.27579128097798883	0.17230414368746655
0.24143408790494997	0.20694197625018734	0.10347558386231023	0.2758166720864947	0.1723316798960575
0.24144531656114962	0.20694809037559359	0.10345387626335932	0.2758549773547713	0.17229773944512594
0.24142093160272723	0.206944606033313	0.10346523164435306	0.2758379140741158	0.17233131664549065
0.24144437525285947	0.20690591927387053	0.10350591831743305	0.27584695899939715	0.17229682815643949
0.2414067937460061	0.206944934878695	0.10349945367931418	0.2758558249685108	0.17229299272747367
0.24145593087041867	0.20690748918143803	0.10351379806276473	0.2758034342159376	0.1723193476694407
0.24141012170400067	0.2069191684189366	0.10349304762653205	0.2758533115158522	0.17232435073467822
0.2414543840779721	0.20691221710845817	0.10350413221683319	0.27583289726027205	0.1722963693364643
0.2414510791196728	0.20694438199394988	0.10350991234508816	0.2757983737710819	0.172296252770207
0.2414142584552867	0.20694694464221064	0.10348088248364498	0.27584610810936366	0.17231180630949378
0.24140947550022024	0.20691502312409216	0.10353971900533629	0.2758232146408802	0.1723125677294708
0.24142469048641338	0.20689484992245316	0.10355644923945917	0.27582493315401796	0.1722990771976561
0.24142757491151257	0.20691411789983427	0.1034941667304942	0.2758375907939993	0.17232654966415942
0.24140654728610772	0.20692552570642342	0.10353895913310136	0.27582363653294867	0.17230533134141857
0.2414345938203794	0.20692397915021182	0.10353187697640143	0.2757947277635864	0.1723148222894207
0.24143595915929802	0.2069016453607373	0.10351156965914364	0.27584151660851297	0.1723093092123078
0.2414532185619842	0.20694840647892898	0.1034506070698436	0.27581800342649293	0.17232976446275006
0.24143379689605174	0.2068955767707057	0.10351808147442912	0.27582996137261273	0.1723225834862005
0.24141666738478182	0.2068964811132109	0.10357821656612026	0.2758025902070398	0.17230604472884695
0.24143193779103586	0.20693756370712055	0.10346896375468481	0.2758593996728811	0.1723021350742774
0.24145524460929474	0.20690175724758805	0.10350810407406796	0.2758193222864068	0.17231557178264217
0.24140746791085738	0.2069271097311237	0.10352176709132625	0.27584319869843776	0.17230045656825468
0.24140073761281705	0.20690244293010138	0.10360290228313856	0.2757937435960161	0.1723001735779267
0.24142912824887008	0.20694170905515172	0.10347019100541048	0.27584652921845	0.1723124424721175
0.24142794903038287	0.20690633558909977	0.10353318720148963	0.27581406778703965	0.17231846039198784
0.24140809610075675	0.20691853705685584	0.10355741607382472	0.275806503301019	0.17230944746754345
0.2413980128937057	0.20694353847058647	0.10351725219954669	0.275825861779731	0.1723153346564299
0.24142128480608546	0.20694510066280747	0.10350946295146433	0.2758103506110961	0.17231380096854637
0.24139743928064056	0.20692959961885804	0.10350992485321608	0.2758419531643058	0.17232108308297928
0.24143199470842913	0.20693190017380617	0.10348298488636568	0.2758350848893517	0.1723180353420471
0.2414272797679275	0.2069233670622653	0.10349449653378356	0.27585183368389504	0.17230302295212835
0.24140602307034353	0.206911456071919	0.1035819045566286	0.2758062598040089	0.17229435649709973
0.24143677559751905	0.2069105503230607	0.1034902067467806	0.27585827889686776	0.17230418843577167
0.24142293383153515	0.20691930357424748	0.1035166887417265	0.2758166766059893	0.17232439724650128
0.24139784613635995	0.206918440607821	0.10358287527402599	0.2758001230341709	0.17230071494762195
0.24144717307232383	0.20691655309329166	0.10353334301280692	0.27580637964701316	0.1722965511745642
0.2413988606880872	0.20693674789256308	0.10356398687635529	0.27579943210756436	0.1723009724354298
0.24140252289353403	0.20690578776040236	0.10354913928437852	0.27584397978965797	0.17229857027202686
0.24145135099912637	0.2069017359496989	0.10351700710258532	0.2758161020101169	0.17231380393847223
0.2414396800216805	0.2069245227102556	0.10352424339405344	0.2758115412392306	0.17230001263477962
0.24141813261461664	0.20692706180014567	0.10351652125189259	0.27582990547988073	0.17230837885346414
0.24143155461592802	0.20691257482066563	0.10353219186458895	0.2758244188335184	0.17229925986529876
0.2414212262844712	0.2069233003193257	0.10354214383145385	0.27581395318051893	0.17229937638423007
0.24144973356945648	0.20694708678248033	0.1034921430923955	0.27581922490849053	0.17229181164717688
0.24140618931633465	0.20695161805840806	0.10348516582684322	0.27584576083443113	0.1723112659639827
0.24144840927914676	0.20689693197089343	0.10348638419869337	0.27585479520968836	0.1723134793415778
0.2414275979812139	0.20693008459190285	0.10345709420533693	0.2758607729887009	0.17232445023284523
0.24141378869572522	0.20693778087548473	0.10348821878726377	0.27583419012487936	0.17232602151664667
0.241429325040585	0.20692795508861386	0.1034670252678348	0.2758529702229256	0.17232272438004048
0.24145790832866595	0.2069053636163253	0.10350476180737521	0.2758354174691751	0.17229654877845818
0.24145301960574123	0.20690585461132288	0.1035376667731655	0.2758064577269579	0.17229700128281228
0.24141541801655017	0.20692708237859825	0.10352617779835874	0.2758043136660442	0.17232700814044843
0.2414145557490493	0.20695179626138943	0.1034959315637392	0.27584011178215306	0.17229760464366878
0.24143969186664685	0.20692689586376808	0.10354546380419694	0.2757973101508167	0.17229063831457114
0.24145087587252198	0.20693401989601015	0.10345232600024801	0.2758378348093061	0.1723249434219135
0.24140408397017543	0.2069032298244938	0.10354223223845668	0.2758192075750936	0.1723312463917803
0.24145783970505433	0.20692201778145156	0.1035319659967902	0.2757978066522657	0.17229036986443796
0.24145340825095804	0.2069327402803883	0.10351255863353957	0.2757963462148981	0.1723049466202157
0.24141833402741944	0.2069023057454866	0.10351763619580215	0.275840302811907	0.17232142121938454
0.24141509324636262	0.20690472038245722	0.10354408048598898	0.27580622933088905	0.17232987655430188
0.24140761414616546	0.2069222032296069	0.10352655167973057	0.2758518855071116	0.17229174543738524
0.2414129791973776	0.2069508628406178	0.10348387922469643	0.2758200139695983	0.17233226476770963
0.24140880062322465	0.20694088449240572	0.10354223003658901	0.2758034674746771	0.17230461737310326
0.24144683842150444	0.2068949298751233	0.10352461802101211	0.275823788658294	0.17230982502406592
0.24144251101562378	0.20690992616702011	0.10351467939831338	0.27580034919179625	0.17233253422724626
0.24141291070849988	0.20690740189856188	0.10358933300334135	0.2757912130253741	0.17229914136422253
0.2413991723333571	0.20689905714084894	0.1035382927760721	0.2758353893192983	0.17232808843042335
0.24144684000987526	0.20690531060937956	0.10353193697817958	0.2758083916712577	0.17230752073130767
0.24143149423228136	0.20691049375662085	0.10353410153426751	0.2758203581320123	0.17230355234481776
0.24142649025985702	0.20694663495394372	0.10346286298429216	0.2758397793279966	0.17232423247391024
0.24142409853865757	0.20693345886230272	0.10348502608141275	0.2758592227332264	0.1722981937844003
0.24140851807503838	0.20690446200186846	0.10357172637366246	0.27579905044430264	0.17231624310512778
0.2414191167019667	0.20691210482923902	0.103492159278196	0.27585917557901585	0.1723174436115822
0.2414110029818739	0.20691111265800202	0.10354540439268288	0.27584181931313667	0.17229066065430423
0.24143058161081815	0.20690956848423253	0.10356257458845589	0.2757911794504261	0.17230609586606707
0.24145620786200137	0.2069069015891883	0.10347285019561561	0.2758341037808289	0.17232993657236556
0.24143893902567057	0.20690548901482314	0.10350251371973726	0.2758524621433737	0.17230059609639503
0.241454411095455	0.20691161610822295	0.10347864166384718	0.2758275100837795	0.17232782104869515
0.24141447229443252	0.20693017255239332	0.10350212193325571	0.2758585104668798	0.1722947227530383
0.24140540878991879	0.20689716546882247	0.1035768814986159	0.27582272910174865	0.17229781514089398
0.24141889427951319	0.2069000769002087	0.10355337556965621	0.27579509215054276	0.17233256110007888
0.24142368163119793	0.20691242931086287	0.10353610907183043	0.2758263823874758	0.17230139759863272
0.24140891177365095	0.20694818763634037	0.10350404724096185	0.27583154269478793	0.17230731065425864
0.24140380838049397	0.20692478051099933	0.10356045636139186	0.27581847156334216	0.17229248318377247
0.24144841104236095	0.2069437598275285	0.10343744358560514	0.27586088745964105	0.17230949808486412
0.2414029240914498	0.20694368572043864	0.10355412517723044	0.27579997313128946	0.17229929187959142
0.24144288888212323	0.20691459903966541	0.10351321794102195	0.27582683056406393	0.17230246357312523
0.24142063708272302	0.20693148852986978	0.10353343503145185	0.27579696021300026	0.17231747914295487
0.24140781267658584	0.206944722654418	0.10350047184972963	0.2758167296595303	0.17233026315973599
0.24142028766676926	0.2069515098581655	0.10346715310976634	0.2758380648687205	0.17232298449657824
0.241452132349425	0.20691817444830973	0.10349811611867427	0.2758371811022183	0.17229439598137247
0.2414427477107119	0.20694697905300555	0.1035048758643336	0.2758013082519861	0.1723040891199626
0.2414400027437341	0.2069437989204247	0.10347892674592615	0.27582968505704597	0.17230758653286884
0.24144584267982272	0.20690013488466158	0.10348700191746095	0.27584713487381346	0.17231988564424103
0.24141935782813428	0.20691215471230825	0.1035361134965418	0.2758265872186161	0.1723057867443993
0.2414144383674504	0.20691379591780248	0.10351967669889377	0.27582018351752324	0.17233190549832983
0.24144397895834702	0.20692190637932514	0.10352303188147999	0.27579176247068843	0.17231932031015917
0.24142047980198045	0.20694776806125204	0.10349147679332994	0.2758403292408801	0.17229994610255717
0.2414561434144359	0.20692404266276224	0.10346926477984619	0.2758542554440472	0.17229629369890825
0.2413983029934364	0.20691117099614378	0.10354968056088792	0.27584883590242026	0.1722920095471114
0.2414289787769665	0.20691120304452598	0.10354736415531594	0.27581348950830614	0.17229896451488516
0.24144796327834653	0.2069093741053926	0.10348373720721021	0.27584868898310566	0.1723102364259448
0.2414222815287866	0.206898731328124	0.10354712271393106	0.2758088918339366	0.17232297259522153
0.241421116820355	0.2069020455851422	0.10356363580427115	0.27579593913193623	0.17231726265829514
0.24144781159378398	0.20693052980128432	0.10348052476225497	0.2758146230992726	0.17232651074340383
0.24144877447481977	0.20690200300896236	0.10351183616355585	0.27582958504816446	0.17230780130449735
0.24141516325445656	0.2069497031942462	0.10349796029850707	0.27581060373654537	0.1723265695162446
0.2414444885232838	0.20692401881643638	0.1034906213886976	0.27580978158829295	0.17233108968328903
0.2414209906921305	0.20692658677574935	0.10350594998016327	0.27583979737791353	0.17230667517404316
0.24140545565196475	0.20692046269398046	0.10349908553332864	0.27585354243549615	0.17232145368522978
0.24140767810249916	0.20689861697114542	0.10359363763638059	0.2757984900058197	0.17230157728415488
0.241420378078622	0.20694590717698044	0.10345596351147796	0.2758514314511023	0.17232631978181706
0.24142254587512174	0.2069476102817203	0.10349001591829436	0.27584020862881226	0.17229961929605106
0.24142231482026397	0.20693266783432418	0.10352130776255453	0.2758076053265874	0.1723161042562697
0.24144658505518224	0.20692074039377373	0.10345930066013342	0.2758495225087686	0.17232385138214174
0.24140872998595686	0.20689928062783516	0.10352294414929325	0.2758406019718008	0.17232844326511365
0.24142252129325084	0.20690680890548502	0.1035242136097726	0.2758532560651681	0.17229320012632324
0.241411458816501	0.20695097710469743	0.10350898884575903	0.27583622155999654	0.17229235367304574
0.24145288513613056	0.20690004889027647	0.10349070339399374	0.27584928526021557	0.17230707731938344
0.2413992095284249	0.20692527353838	0.10354210849702275	0.275825848392958	0.17230756004321415
0.24142396537741295	0.20694265309536147	0.10351265927531325	0.27579757783871717	0.17232314441319488
0.24140996730194636	0.20691713313735183	0.10354789784658336	0.27580610622394386	0.17231889549017435
0.24144574570961533	0.20692587335711896	0.10349469029406594	0.2758157510350081	0.1723179396041914
0.24142593789863362	0.20689888468646622	0.1035725197837107	0.2758005806488453	0.1723020769823439
0.2414352658411254	0.20694721240241462	0.10343630619703474	0.275855310183382	0.17232590537604303
0.24145546090333408	0.20692003480832155	0.10347115431139657	0.27585812062478554	0.17229522935216202
0.24140006830922844	0.20690915806991586	0.10354987948086644	0.27584248578567455	0.17229840835431445
0.24141934709335888	0.2069417432238782	0.10352048742968727	0.2757925899219323	0.1723258323311431
0.24145065316658065	0.20693377777596794	0.10346141811140512	0.2758373921150972	0.1723167588309488
0.24140550919165044	0.2069168190306136	0.10353538768080847	0.2758216101083657	0.1723206739885616
0.24139846728543723	0.20692101907863228	0.10354562534879673	0.2758068426589591	0.17232804562817441
0.24140659768155762	0.20691799684429935	0.10354061068874547	0.2758408977828417	0.1722938970025556
0.24144925526244496	0.20691860559329234	0.10351384689107439	0.2758183108904745	0.17229998136271354
0.24144350706630555	0.20694579732948548	0.10347319983215664	0.27580979805654476	0.17232769771550732
0.2414484109088216	0.20690859689476956	0.1035357860776194	0.27580474922443626	0.17230245689435292
0.24145217777970224	0.20692410679687134	0.10347821763429048	0.2758319528816613	0.17231354490747441
0.2414268746107459	0.20691201275954335	0.10357541463403645	0.2757946902426216	0.1722910077530525
0.24141016219529743	0.20689846828468147	0.10353863762867606	0.27585177947410444	0.1723009524172403
0.24141028635771145	0.20691300836304777	0.10353082226252303	0.27583273934464214	0.1723131436720754
0.24140512021725644	0.20693437136586398	0.10354140820676691	0.2757927620070379	0.17232633820307452
0.2414491811623798	0.20689667420653807	0.10353199536430593	0.27579393768148436	0.17232821158529163
0.24143338393246017	0.2069402432525129	0.10346422342865969	0.27585852195345767	0.17230362743290936
0.24142738457748777	0.2069301488179025	0.10349319933868446	0.27584499086461023	0.17230427640131482
0.24144651171415116	0.20689938165111588	0.10349707017209007	0.2758583604794901	0.17229867598315254
0.2414137555230627	0.20690308648335157	0.10353348966234528	0.27583773971204656	0.17231192861919367
0.2414509833956862	0.20694295377789945	0.1035032204333282	0.2757948543246122	0.1723079880684737
0.2414022098164768	0.20692963647028875	0.10351017920934223	0.27583028452248953	0.17232768998140244
0.24145570780440392	0.20691543811709415	0.10348644161763616	0.27582714193066676	0.17231527053019877
0.24141416858964537	0.2069189198187284	0.10349627741917504	0.2758549602303919	0.17231567394205904
0.24144265625421985	0.20689725037419707	0.10350273862932659	0.27585497599336195	0.1723023787488943
0.24139735652065974	0.20690232870155437	0.1035304027321599	0.2758475080927897	0.1723224039528361
0.24142901500678943	0.2069496921901549	0.10346689359728195	0.2758509412001288	0.17230345800564467
0.24144793451528312	0.20691390109871474	0.1035007026302572	0.2758340874700504	0.1723033742856943
0.24142381597540502	0.20694440827128618	0.10345937717139739	0.27585950598502196	0.1723128925968892
0.2414237087241516	0.20694203478566056	0.10349293151005517	0.2758154072256369	0.17232591775449554
0.24142275193270837	0.20693400658304215	0.10353887594318585	0.275811407913644	0.17229295762741936
0.24141004049381948	0.2069234607462248	0.1034781591735491	0.27585895991603804	0.17232937967036835
0.24142436470179862	0.20689568917677809	0.10355725090401788	0.2757945063415547	0.1723281888758504
0.24142581300223415	0.20694259342332932	0.10350462329436996	0.2758366157157355	0.17229035456433078
0.24142419392255435	0.20691929320644453	0.10350953709123832	0.27582097661226695	0.17232599916749558
0.24145528321578127	0.20694422577489782	0.10343168337619013	0.2758425184838987	0.17232628914923187
0.2414427945393675	0.20694484229500038	0.10346410275880115	0.2758456750087615	0.1723025853980692
0.24141760435719492	0.2069221581314056	0.10353562695443838	0.2758054028582858	0.17231920769867504
0.24144458670188876	0.20691610875473115	0.10355351161049271	0.27579422875868187	0.17229156417420521
0.24141156098732236	0.20693925646163877	0.1034886464972788	0.2758328925168319	0.1723276435369279
0.2414295842389428	0.2069307919418612	0.10346499360156948	0.27585187063224037	0.1723227595853859
0.24144406231075424	0.20693965376047246	0.10348607385979305	0.2758017654313022	0.17232844463767777
0.24143389550776917	0.20693022724993979	0.10348531519857763	0.27582581250505744	0.17232474953865573
0.24140921392475123	0.20692911425499932	0.10352629181826631	0.2758191265430687	0.17231625345891421
0.24143373769676924	0.20693166680266442	0.1034467919785556	0.27585626487249554	0.17233153864951498
0.2414571849543911	0.20691123993557448	0.10350520037890805	0.27582009004838126	0.17230628468274484
0.24140144644772943	0.20693677541662753	0.10352554460054365	0.27583953139476103	0.1722967021403381
0.24143231282068373	0.20690703420948642	0.10352493218771386	0.27580335164956804	0.17233236913254768
0.2414262063713244	0.20692275996282025	0.10353316113303843	0.2758161740011475	0.17230169853166918
0.24144697455682945	0.20693902600707156	0.10348496095664686	0.2758154608035514	0.17231357767590044
0.24141742928282955	0.20690633812271142	0.1035404730962951	0.2758140528167336	0.17232170668143007
0.24145218460128004	0.20694323052303346	0.10350555645210244	0.2758014471840948	0.17229758123948904
0.24145509201209148	0.20694617703042112	0.10342292082594451	0.2758480110843802	0.17232779904716247
0.2414041537133393	0.2069446439039237	0.1034880660490654	0.2758587224548453	0.1723044138788261
0.24145448904261374	0.20694208998752628	0.10342769188203726	0.2758488400966369	0.1723268889911856
0.24140098061104173	0.20692256101460152	0.10357073587376144	0.2758014514668525	0.1723042710337426
0.24140663367447424	0.20693062494736889	0.10349111378225823	0.27585147147408134	0.17232015612181706
0.2414240483962071	0.2068958985172369	0.10355650136022378	0.27581603122735215	0.17230752049897985
0.24141477574325046	0.20695056949456359	0.10346806323725374	0.2758582774092823	0.17230831411564965
0.24143097869065622	0.20690391003961892	0.10351755666616654	0.2758427582104286	0.17230479639312948
0.24145225773994666	0.20694861801347636	0.10350881326840909	0.27579553634618226	0.17229477463198536
0.24144516316826192	0.20690752598772172	0.1034913853033653	0.27582806241860924	0.1723278631220416
0.24143100496419362	0.2069289740553532	0.10347042021519293	0.27584484046478475	0.1723247603004753
0.24139874473201547	0.20693675089246877	0.10356307514759988	0.2758036839140149	0.17229774531390074
0.24144376916122617	0.20691280691023398	0.10345749003465979	0.2758580329308419	0.17232790096303793
0.24143271068277455	0.20692414904967185	0.10351207042056321	0.27582107124097177	0.17230999860601837
0.24145245537099969	0.20692818124698945	0.10347197157548824	0.27583079091842444	0.172316600888098
0.24139929110375646	0.2069181427001899	0.10357347712253467	0.2758122334302048	0.17229685564331396
0.24142384991193683	0.20692658467388073	0.10352269715240774	0.2758040483463018	0.17232281991547269
0.2414491402487911	0.206927050232148	0.1034909038667033	0.2758158830834698	0.17231702256888756
0.24143859965235923	0.20694786711080415	0.10346396890039164	0.27584916086535105	0.1723004034710937
0.24141371505134124	0.20691890501129678	0.10352822741859304	0.27583803461190604	0.1723011179068627
0.2414396361684678	0.20690933459988897	0.10352033577914951	0.27580184621955217	0.1723288472329413
0.24145032239021458	0.20691624159811164	0.10347404734981257	0.27583154243640806	0.17232784622545289
0.24140165918476575	0.20694516798437196	0.10347719810289674	0.2758585270438913	0.172317447684074
0.24145196163461796	0.20690409356517062	0.10352886108299683	0.27579319364477334	0.17232189007244103
0.2414430980641665	0.20690048261286934	0.10348127492363116	0.27584244911987355	0.1723326952794592
0.24144775605654073	0.20690981620568671	0.10354382495709517	0.2757953640410372	0.17230323873963993
0.2414577492247133	0.2069048593065804	0.10346218378025143	0.27584474825926525	0.17233045942918937
0.24142471812651917	0.20691548095317544	0.10350892562962401	0.2758416225793692	0.17230925271131192
0.24143105005325452	0.20691793029692276	0.10350647382054373	0.27581383422508504	0.17233071160419372
0.24144758724718707	0.20694587473314402	0.10350199037064492	0.2757974918182952	0.17230705583072847
0.2414326389228141	0.20692435403255133	0.10350767920197394	0.27582507968384073	0.17231024815881965
0.24142955722792528	0.20692121058769647	0.10353291483597456	0.27581046374249	0.17230585360591344
0.2414252793489874	0.2069046570816747	0.10356058239322348	0.2757987214192744	0.17231075975683982
0.24145412130673488	0.2069500145271094	0.10347158123211588	0.2758100397631029	0.1723142431709366
0.24140091826180654	0.20691934050931707	0.10353968299622947	0.2758096043591247	0.172330453873522
0.24142588512540347	0.2069334861416089	0.10345602996149378	0.27585914595907735	0.17232545281241626
0.24145608898175194	0.2069447726757841	0.1034401717571578	0.2758485562707022	0.17231041031460373
0.24140831402308632	0.20691263886540967	0.10355086894647307	0.27581095170030634	0.17231722646472436
0.2414171196744172	0.20694162239292488	0.10347748961153576	0.2758445463717777	0.17231922194934426
0.24145083151117036	0.20695198271449217	0.10348763742707288	0.27581235772377444	0.17229719062348992
0.24144048196612827	0.20693183357153133	0.10344988543983004	0.2758483436534289	0.17232945536908117
0.24141926010290854	0.20694052093238743	0.10353337689824267	0.2758083245574856	0.17229851750897546
0.24143314994983628	0.20693523484836965	0.10347670465701578	0.27585224641848277	0.17230266412629525
0.24141120555917667	0.20694915763194405	0.1034991570107632	0.2758199175021993	0.1723205622959165
0.24144878235287742	0.20693197851635822	0.10347913416407574	0.27584858990436517	0.17229151506232318
0.24145189707724288	0.20691523726902306	0.10351729597325567	0.275798944400391	0.17231662528008718
0.24143074916105153	0.20691602393595102	0.10353876366939424	0.2758018428560498	0.17231262037755313
0.24141486662732475	0.20690443745572296	0.10355520843652669	0.2758110294745747	0.1723144580058506
0.24145020064902262	0.20691630813736606	0.10349235998830218	0.2758201058769226	0.17232102534838628
0.24140001770042438	0.20690782565999605	0.10357441279993561	0.27581206646153655	0.17230567737810712
0.24141896666053997	0.20689805437920256	0.10353382846762692	0.27584285025535193	0.1723063002372784
0.24139810715063506	0.20693399852760364	0.10349408116221377	0.2758484998994232	0.17232531326012407
0.24141832354001475	0.20691830289550614	0.1035377233551678	0.2757982431036162	0.1723274071056948
0.24145068155281338	0.20694902967385048	0.103485298700549	0.27581390797298855	0.17230108209979833
0.24142786285614154	0.2068966201315191	0.10352171821044931	0.2758489274367965	0.17230487136509326
0.24142722344420514	0.20692524880849095	0.10351193901308131	0.2758086241645443	0.17232696456967808
0.24145294759836874	0.20693368601283615	0.10346563139767934	0.2758273501612787	0.1723203848298368
0.2414214863943912	0.20693665406474807	0.10352644015260781	0.27582240786795864	0.17229301152029403
0.24143566354468313	0.2069280429592244	0.10352630841761426	0.2758160423677803	0.17229394271069767
0.24143268970443174	0.20690310205941861	0.10352606780673314	0.2758353367616083	0.17230280366780798
0.24141715867231106	0.20692976838986984	0.10354013868626358	0.2758078886666784	0.17230504558487686
0.24141818226177048	0.20690051000118417	0.10352649739981223	0.27584758938872467	0.17230722094850814
0.24142851407432822	0.2069343339926064	0.10353676218818847	0.27579145601672356	0.1723089337281531
0.2414207445601526	0.20689620156834204	0.10359420783193776	0.27579640132583766	0.17229244471372968
0.24141180389193728	0.20693197438447816	0.10354148113562686	0.275821075673415	0.17229366491454243
0.24140753004784715	0.20692705840274847	0.10352674011844391	0.2758382653637134	0.1723004060672468
0.24142758816499643	0.20689655116267314	0.10353758448719881	0.2758292346026891	0.17230904158244226
0.24142805372317855	0.20693816572283494	0.10346334387171313	0.27584457507513405	0.17232586160713909
0.24140718620571092	0.20690821844736892	0.10356078891686175	0.2758091697556968	0.17231463667436134
0.2414200216272642	0.20692307616996541	0.1035257339629755	0.2758340608527281	0.17229710738706652
0.2414234799215133	0.2069398293952175	0.10351081153618244	0.2758221469891946	0.1723037321578919
0.24144481572964863	0.20692612508470876	0.10350200774936862	0.27581695017036817	0.17231010126590557
0.24139810091775926	0.20692986949251377	0.10350952285185157	0.2758404878150035	0.17232201892287166
0.2414573606653364	0.20693738952537755	0.10344579313428595	0.2758576875721225	0.17230176910287737
0.24142522976140407	0.2069504618454194	0.10349064443464388	0.2758419273885482	0.17229173656998417
0.24143545120344478	0.2068996145845773	0.1035311193590113	0.27583113308655943	0.17230268176640692
0.24142737533915437	0.20692689106125528	0.10352125555065644	0.27582464515587846	0.1722998328930552
0.24139822060713137	0.206902443694957	0.10352147819886709	0.27585230855852055	0.1723255489405237
0.24142307253727893	0.20691490121624553	0.10348653710066771	0.27585496226790607	0.17232052687790156
0.24140452023108194	0.2068990578525734	0.10358858965831713	0.2758095588500253	0.172298273408002
0.24142559651565265	0.20694941838753828	0.10345215253238203	0.2758407128017788	0.17233211976264798
0.24144845222270925	0.2069074574474189	0.1035146609444402	0.275838002919369	0.1722914264660624
0.24144358118111744	0.20690360917355025	0.10354936417093008	0.27581043321644994	0.172293012257952
0.24142188159648847	0.20694143147858696	0.10351278633981359	0.2758055432120661	0.17231835737304463
0.2414192719065849	0.20691110994554118	0.10353278715303296	0.2758459697996159	0.17229086119522477
0.2414381649938436	0.20693347162403272	0.10347101139109074	0.27584168893883515	0.17231566305219756
0.24144023061960357	0.2069352370874414	0.10349293462477678	0.27580227999622053	0.17232931767195744
0.24141117180945038	0.20689958808123082	0.10360418632374413	0.2757923006509564	0.17229275313461803
0.24143473520404857	0.20691400289907397	0.10353221422495887	0.27581470877293507	0.1723043388989833
0.24144693887395416	0.20693937781950805	0.10347723117266869	0.27582190137624035	0.17231455075762853
0.24145775396057068	0.2068944509685585	0.10349245353381102	0.2758362375981378	0.17231910393892175
0.24142966938065166	0.20691086116576085	0.10353400531346964	0.2758335297165416	0.172291934423576
0.24144641502788777	0.20694434879789164	0.10344187681919602	0.27584583503303445	0.17232152432198988
0.24142301683125772	0.2069118657456878	0.10355537796347383	0.27581649408707276	0.17229324537250768
0.24145629116090775	0.20691152511120517	0.10352688341447558	0.27580865671626453	0.17229664359714675
0.2414260737514895	0.2069171064870525	0.1035012891831972	0.2758568689145858	0.1722986616636748
0.24140255865445137	0.20691974271822505	0.10350990534680227	0.2758367017620442	0.17233109151847684
0.24141079568366558	0.20691363797712659	0.10353013893363604	0.2758310391560836	0.17231438824948797
0.24141262778652564	0.2069304936910469	0.10355279050162264	0.27579203909193867	0.17231204892886592
0.2414426392737276	0.20691879927572668	0.1034848955531512	0.27585263694007206	0.17230102895732224
0.24144185344286162	0.20689967048629893	0.10353312199611676	0.2758130169333765	0.17231233714134592
0.24140446735431337	0.20689528554114564	0.10352964975517284	0.2758475171690654	0.1723230801803025
0.24145235800996895	0.20691611973196364	0.10348592525003815	0.27584850002243094	0.17229709698559809
0.2414071261951236	0.20693969687784677	0.10349468713150804	0.2758539361961402	0.17230455359938113
0.24140281122553295	0.206914301328301	0.10353607007578364	0.2758431397269204	0.17230367764346174
0.24141255090499716	0.20691813890799168	0.10354193245040247	0.275811907679522	0.17231547005708642
0.24144768819807433	0.20692033921130001	0.10348745195500958	0.2758520787943677	0.17229244184124812
0.24143621941217844	0.20692009786580481	0.10352476423570306	0.2757986072420288	0.17232031124428465
0.241404319132019	0.2069276534485692	0.10348661047519048	0.2758565297402839	0.17232488720393715
0.24144823227231071	0.20690958799259337	0.10354520478932842	0.27579821311888486	0.17229876182688234
0.24142015618316298	0.20690232655554572	0.10353295703741512	0.27582077363654495	0.172323786587331
0.24145670364870225	0.206903832428267	0.10351254746407387	0.27583536237267237	0.17229155408628424
0.24141730112914067	0.20693249254311633	0.1034985827299241	0.27585307355815636	0.17229855003966227
0.24144633518336323	0.206911321083534	0.10348913242575265	0.2758577332787033	0.1722954780286466
0.24144592792238884	0.20690221029759462	0.10348022769096185	0.2758539693772119	0.17231766471184254
0.24144722704000948	0.2069517621245713	0.1035028098322836	0.27579282873019995	0.1723053722729354
0.24142179034419958	0.2069413727625742	0.10351725606497825	0.27579427711777516	0.1723253037104725
0.24145226077091952	0.206933520593163	0.10345911101351309	0.2758592918212826	0.17229581580112152
0.2414045925301339	0.20689959241223263	0.10354359924277738	0.2758550410508521	0.17229717476400366
0.2414549372956844	0.20695157228986696	0.10347820965004398	0.27581969634557446	0.17229558441882992
0.2414064937906424	0.2069318544735858	0.10350635506159586	0.27585335793795124	0.17230193873622443
0.241421750525533	0.20689772086910796	0.10350125196387291	0.2758491547127384	0.17233012192874744
0.2414452278996978	0.20691717269047338	0.10347824052294867	0.2758361533313307	0.17232320555554917
0.24143860997300243	0.20694206572015023	0.10344159908045938	0.2758474796578019	0.17233024556858587
0.24139968479848395	0.20693031696746297	0.10351400560662577	0.27583977050715375	0.1723162221202733
0.24144283572039352	0.20695180006999522	0.10346420441203956	0.27583839551844463	0.17230276427912683
0.24140369618415697	0.20693025682670108	0.10351191779862952	0.2758346470211819	0.17231948216933032
0.2414435702930142	0.20690178662148062	0.10356024660081654	0.27579740668241337	0.17229698980227498
0.24144638796768436	0.20689654640432442	0.10352367137697642	0.2758348721343226	0.17229852211669194
0.24140800723416092	0.2069200181564326	0.10354896264706036	0.2757944541381747	0.17232855782417117
0.2414336008807216	0.2069309137277262	0.10349294212989217	0.2758199983649419	0.17232254489671783
0.24142423900374282	0.20692136036345732	0.10350113759265189	0.27582683701402794	0.17232642602611975
0.24142756727134776	0.20692167494549293	0.10353221901192153	0.2757990035824366	0.17231953518880094
0.2414050904395348	0.20690701489862168	0.10353928088554173	0.2758228479355522	0.17232576584074938
0.2413988146224653	0.2068963569119651	0.10356099695578853	0.2758510943145723	0.1722927371952086
0.24143452753090835	0.2069195868241706	0.1034794553795797	0.275845165176639	0.17232126508870207
0.24139974843473896	0.20694072038005026	0.10353709006448068	0.2758182851634763	0.17230415595725354
0.24139940555594996	0.20691094057602416	0.10351325231962397	0.27584767327641047	0.17232872827199114
0.24144711152587756	0.20693415491650113	0.1035183741448421	0.2758065437075525	0.17229381570522645
0.24140383972119883	0.20691698959554963	0.10354463828337737	0.2758155118062497	0.17231902059362425
0.24143571277933884	0.20692610872909117	0.10349331780522684	0.2758220988236574	0.17232276186268555
0.241411546992652	0.20689413820707428	0.10355781420269668	0.27580843904730284	0.17232806155027397
0.24141666053211816	0.2068980149089294	0.10355614793512992	0.27582381685179347	0.17230535977202885
0.24140909857628698	0.20692058628499166	0.10350933601338298	0.2758281668585732	0.17233281226676495
0.24141705489863016	0.20693796369429585	0.10348867670758594	0.27584555038835357	0.17231075431113424
0.2414305884347004	0.2069450484744407	0.10351257937463335	0.27580148501548996	0.17231029870073533
0.24141131488263012	0.2069333256487785	0.10352297869069864	0.27582002310275555	0.17231235767513692
0.24145715293493708	0.20690819265375993	0.10349402833105346	0.27582449958420796	0.17231612649604133
0.2414247290276706	0.20692730096166642	0.10355643571728868	0.275799813753808	0.17229172053956604
0.24142386422965684	0.20693892263659255	0.10349180509350649	0.27582735490447813	0.17231805313576573
0.24140033442745296	0.20689425747764462	0.10356128132981439	0.27583258366322305	0.17231154310186472
0.24145384156305139	0.20689822347078848	0.1035431108952421	0.27579843623481703	0.17230638783610075
0.24145673859954475	0.20694141780306088	0.10346972744058891	0.2758326368604463	0.17229947929635892
0.24145317684035061	0.20695103708076193	0.10348328494591344	0.2758125385743222	0.17229996255865157
0.2414406417924841	0.20691029019970672	0.10348933531560034	0.2758280188965664	0.17233171379564224
0.24142304450100643	0.20692945908386862	0.10349153750949289	0.27585547035543045	0.17230048855020133
0.24143863904728696	0.2069343463775574	0.10350591233271213	0.27581983295692614	0.17230126928551714
0.24140392381496095	0.20691385966151207	0.10353577407805173	0.27583440205021587	0.1723120403952592
0.2414016486385422	0.20690225609450166	0.10355358651566587	0.27581528445361536	0.17232722429767466
0.24142244101457672	0.20691997474424217	0.1034743606249183	0.27585730128351704	0.17232592233274552
0.24143007251023618	0.2069119288314906	0.10354276574278018	0.27581022413471085	0.17230500878078198
0.24140136943140822	0.20692302523098194	0.10354147906096449	0.27581842188903294	0.17231570438761218
0.24143299294111048	0.2069062736554214	0.10349534813381395	0.27583739494583703	0.1723279903238169
0.24142059680217506	0.20692418464181028	0.1035528300846661	0.27579672803595046	0.1723056604353978
0.24144605900088822	0.2068983110791391	0.10351244860573659	0.27584782013400944	0.17229536118022631
0.24142558669263842	0.20695035802044873	0.10348041769935262	0.27584690143020874	0.17229673615735125
0.24141804793642826	0.20692772503747742	0.10347973830920743	0.27585936895739865	0.17231511975948802
0.24141960236494137	0.20692064785535172	0.1035003142844676	0.2758521560337015	0.17230727946153757
0.24141725106041698	0.20690216668449712	0.10354646594248447	0.27581001547158246	0.1723241008410187
0.24140501332114736	0.2068993959448734	0.10356574579682397	0.27583565402113547	0.17229419091601958
0.24142803089937842	0.20694652499748983	0.10351335346832138	0.2757940533393521	0.17231803729545805
0.24141866248744143	0.20693577320460096	0.10348531150123229	0.27583854812530706	0.172321704681418
0.2414245086651663	0.20692500243147222	0.10353375658200245	0.27581209049906996	0.17230464182228888
0.24141914461165132	0.20692295902834568	0.10349119668638648	0.2758410945159168	0.17232560515769946
0.2414410977920523	0.20691668496270885	0.10349730700424194	0.27581750535466865	0.172327404886328
0.2414207026741523	0.20690741268366591	0.10356325717184242	0.2757970657803	0.1723115616900391
0.24144247636857458	0.20694210337915933	0.10351770956237223	0.2758056485504051	0.1722920621394885
0.2414351890429316	0.20693289322074102	0.10353676175120734	0.2757963382430357	0.17229881774208414
0.24144945843991183	0.20689521116878742	0.10352810101038414	0.2758156678504607	0.17231156153045568
0.24141822884708433	0.20695070365768087	0.10347901239630217	0.2758556540038627	0.1722964010950697
0.24140986484587162	0.2068958788752317	0.10353697063559736	0.27584422155675775	0.17231306408654132
0.24143227539402196	0.20689751560189323	0.10354225926627357	0.275828216944898	0.172299732792913
0.24145476872316318	0.2069468540140262	0.10344190052025726	0.27585356098416686	0.17230291575838627
0.24144444607214757	0.2068993447383969	0.10349679670170181	0.2758392694864622	0.17232014300129128
0.24141677148925308	0.2069110959380493	0.10349411930173383	0.275860476561839	0.17231753670912456
0.24140269840400932	0.20689716703772673	0.10360256816333513	0.2757923463563162	0.17230522003861234
0.24145248391217594	0.2069208654809393	0.10347630475797173	0.27584743882020923	0.17230290702870354
0.24143026900809533	0.20690326339712703	0.10352068548604482	0.2758191479747101	0.1723266341340225
0.24145322585791396	0.20694805244985354	0.10345185493633048	0.2758486426802789	0.17229822407562284
0.2414553335879614	0.20689459353088677	0.10350825139760793	0.275842915476991	0.17229890600655265
0.24140842295391202	0.20691255322388002	0.10352747274604746	0.27585697523596786	0.1722945758401924
0.24140421151410563	0.20690265900711877	0.10358008014252203	0.2758166749081791	0.17229637442807416
0.24142193200692702	0.2069513107545129	0.1034882084294643	0.2758345961970268	0.17230395261206874
0.24145736644066776	0.2069191247975038	0.1035249573172934	0.27579798495959534	0.17230056648493944
0.24143451613965916	0.206936874102481	0.10348563100197512	0.2758499708805598	0.17229300787532473
0.241442149611687	0.2069410757555736	0.10349777257955169	0.2758208271193261	0.17229817493386135
0.24143272874574365	0.2069088288634613	0.10356206918908283	0.2757955882233778	0.17230078497833418
0.2414347891660995	0.20691358905278448	0.10353191747698277	0.27582796076774896	0.17229174353638402
0.24142735679034294	0.20690737936799103	0.10351922950370199	0.27584998942871214	0.17229604490925166
0.24145364701300265	0.2069394611311262	0.10345623682518372	0.2758232695094349	0.17232738552125226
0.24139980166944022	0.20689690683993073	0.10358680767033349	0.2758137753211328	0.17230270849916246
0.24140038350303653	0.2069424331491507	0.10351106370486783	0.27585367154049584	0.17229244810244884
0.24141349504926599	0.20694001075577037	0.10354754963771497	0.27580400174502684	0.1722949428122216
0.2414006565672659	0.20692405375432033	0.10351857615691269	0.2758282823601762	0.17232843116132465
0.24144699101625994	0.2068987468891321	0.10352778471986133	0.2758114706380618	0.1723150067366846
0.24142788857214048	0.2069112129994975	0.10349073267541721	0.2758470519754115	0.17232311377753307
0.2414017986370558	0.2069118004358514	0.1035176463133769	0.27585379305514324	0.17231496155857234
0.24142434653161246	0.20689667003053475	0.1035223654655159	0.2758374893099749	0.1723191286623617
0.24144840865180728	0.20695145562734635	0.1034335440133561	0.27583484174026107	0.172331749967229
0.2414574974950876	0.20694256019252225	0.10345866756054196	0.27583787051343445	0.1723034042384135
0.2414234939572621	0.20694953904576072	0.10350079632262585	0.2758210864782234	0.1723050841961277
0.24142360483526376	0.20692693258282202	0.10353549250144248	0.2758037618898624	0.1723102081906091
0.24144022999717601	0.2069017893319536	0.10355149577380005	0.27581613011446815	0.1722903547826019
0.24144575669264642	0.20691350646666595	0.10347201123956355	0.275841655859125	0.1723270697419988
0.2414307609222683	0.20690880324959368	0.10355303594738106	0.27580514586192895	0.1723022540188277
0.2414381680462884	0.20691129084405643	0.1035067698682687	0.27582311740673615	0.17232065383465006
0.24144871829629688	0.2069037967731697	0.10355101557868535	0.275805400847575	0.17229106850427287
0.2414412147128681	0.20693895980856852	0.10350890525011343	0.2758158906257134	0.1722950296027363
0.24142486764834986	0.20692396013926853	0.103525420538864	0.2758012613087807	0.17232449036473663
0.24143531054103998	0.206935415181113	0.10348166144209062	0.2758526191169284	0.17229499371882775
0.2414502785847611	0.20692990368988132	0.10349187792726326	0.27579990234298407	0.17232803745511002
0.24142811117453897	0.206925095172082	0.10350941228355809	0.2758406848425254	0.17229669652729535
0.24141352164086394	0.20690324793279044	0.10356489517509497	0.27580410914657827	0.1723142261046721
0.241453440610946	0.20691403564092034	0.1034890088996972	0.27584108424426707	0.1723024306041691
0.24141954792723921	0.20689613252235253	0.1035417299832446	0.2758237008861396	0.17231888868102382
0.24139973099512793	0.20689653848011563	0.10355707960229574	0.27582487412567985	0.1723217767967806
0.24142770574814482	0.20693076568026286	0.10354100946706675	0.27580402648791535	0.17229649261661
0.2414408940200704	0.20690842868576098	0.10348021545371974	0.2758490181505672	0.17232144368988137
0.24144031200290328	0.2069063885032078	0.10353389593833154	0.2757953659314819	0.17232403762407522
0.24144056420445972	0.20691598100873043	0.10346300326572266	0.2758561144876495	0.17232433703343739
0.241410237636145	0.20692732353975501	0.10349322323534743	0.2758410895174044	0.17232812607134795
0.2414222362016254	0.20692440678650426	0.10352111571740823	0.27583913076292577	0.17229311053153612
0.24139813391249082	0.20690713580015466	0.10351928566563903	0.2758592304431047	0.17231621417861057
0.2414417176709871	0.206934210134806	0.10344982814862683	0.2758414755065365	0.1723327685390433
0.24145542692972768	0.20689966369992793	0.10353369524272255	0.2758151760676907	0.1722960380599309
0.24142276464330142	0.20691833328525155	0.10353954404242431	0.2758148599314188	0.1723044980976037
0.24139775888097145	0.20692546341218335	0.10354253274097554	0.27582667933408667	0.1723075656317827
0.2414310683919823	0.20689755075350863	0.1035557822632046	0.27580249915546223	0.17231309943584194
0.24140531614509161	0.20694602929598574	0.10348536019753152	0.2758443735959085	0.17231892076548233
0.24140572832379056	0.20691122155117575	0.10353482865208277	0.27583426476792083	0.17231395670502983
0.2414351049854373	0.20694925873165163	0.10350837346392865	0.2758050126924324	0.1723022501265498
0.24143489747780192	0.20693106436244427	0.10350960524555428	0.27580292392395384	0.17232150899024545
0.24142055741859283	0.2069512185022793	0.10350143443627319	0.2758324489714965	0.17229434067135796
0.24141315017847784	0.20694286740348236	0.1035051089523515	0.2758100212725741	0.172328852193114
0.2414452932326448	0.206940927873702	0.10348198671092604	0.2758182523307088	0.17231353985201814
0.24145554019108226	0.2069454852862701	0.10345339832901472	0.2758434314789665	0.17230214471466618
