0.671543026033492	0.32845697396650764
0.6665208744967273	0.3334791255032724
0.6660123424617556	0.3339876575382441
0.6655839150673472	0.3344160849326525
0.6682743851331358	0.3317256148668639
0.6702069372047246	0.32979306279527504
0.6678546471708697	0.33214535282912994
0.6715675183253913	0.32843248167460837
0.6663392773655142	0.33366072263448543
0.6780603816523142	0.3219396183476855
0.671122996947596	0.32887700305240364
0.668963880709833	0.33103611929016663
0.6696445015831064	0.33035549841689327
0.6681696042074612	0.3318303957925385
0.6720357253462799	0.3279642746537198
0.6762866173114286	0.3237133826885711
0.6750450295484735	0.3249549704515262
0.6761918370986274	0.32380816290137227
0.6770391302473548	0.3229608697526448
0.6768729061653276	0.3231270938346721
0.6657153814807282	0.3342846185192715
0.6653133499647725	0.3346866500352271
0.6742080520988901	0.32579194790110955
0.6702553723699154	0.3297446276300843
0.6758187711395813	0.3241812288604183
0.6786629634468364	0.32133703655316326
0.6735631912609217	0.326436808739078
0.6686124209462948	0.33138757905370486
0.6812673620991461	0.31873263790085365
0.6701210962822715	0.3298789037177282
0.6727734249176733	0.3272265750823263
0.668858784070798	0.33114121592920165
0.6784175223746471	0.3215824776253525
0.6775064312321066	0.3224935687678931
0.6767346905224263	0.32326530947757337
0.6790116329155146	0.3209883670844851
0.6728302123531268	0.3271697876468729
0.6701469298790489	0.3298530701209508
0.6678791311766542	0.33212086882334546
0.6759141257274859	0.3240858742725138
0.6802668137322643	0.3197331862677354
0.6812130485676668	0.3187869514323328
0.6657939859224409	0.33420601407755873
0.6753008587614481	0.3246991412385516
0.6731777877916016	0.3268222122083981
0.6761437256831175	0.3238562743168822
0.6810216841164469	0.3189783158835528
0.6803066672203545	0.3196933327796452
0.6671253423686343	0.3328746576313654
0.6776047714259468	0.3223952285740529
0.6662396021231491	0.3337603978768506
0.6735307270748428	0.3264692729251568
0.6794654730680828	0.32053452693191686
0.6673462822178888	0.3326537177821108
0.6698634527595315	0.33013654724046815
0.6693848056825275	0.3306151943174722
0.6793064221719134	0.3206935778280863
0.6748887825757302	0.32511121742426946
0.6688465265921701	0.3311534734078295
0.678046178297935	0.3219538217020647
0.6771445926886294	0.3228554073113703
0.6677143056813628	0.3322856943186369
0.678724946386432	0.3212750536135677
0.6654217531045138	0.3345782468954859
0.6741173470403674	0.3258826529596323
0.672985956181626	0.3270140438183736
0.6802817822996821	0.3197182177003176
0.6664530796743908	0.33354692032560884
0.6750585066237708	0.3249414933762289
0.6776496514273027	0.32235034857269695
0.6776078761379797	0.32239212386202
0.681458673097582	0.3185413269024177
0.6718647332569332	0.3281352667430664
0.6794847655240086	0.32051523447599106
0.6738120421095033	0.3261879578904964
0.6658771434149882	0.3341228565850115
0.6661743423466032	0.33382565765339645
0.6693971148395712	0.33060288516042846
0.6757382973694286	0.32426170263057114
0.6806458372747193	0.3193541627252804
0.6714916487212035	0.3285083512787962
0.6736570767522462	0.3263429232477535
0.6748268239836035	0.32517317601639617
0.6684058088004592	0.3315941911995405
0.6720907661903289	0.32790923380967074
0.6660321904326367	0.3339678095673629
0.6804208995380641	0.3195791004619356
0.6785514570036804	0.3214485429963193
0.6760051395263402	0.32399486047365944
0.6702491082218498	0.3297508917781498
0.6771361695880965	0.32286383041190314
0.6666891309630928	0.3333108690369069
0.675318240233533	0.3246817597664666
0.6669096934767202	0.3330903065232794
0.67436405664276	0.32563594335723967
0.6773763019041874	0.32262369809581226
0.6665195050265078	0.3334804949734919
0.6808186965371618	0.3191813034628379
0.6802331415817443	0.31976685841825536
0.6659002586328666	0.33409974136713305
0.6655760261177155	0.3344239738822842
0.6774785644717174	0.3225214355282822
0.6763025154796586	0.3236974845203411
0.6663887708552199	0.3336112291447798
0.6719449275562449	0.32805507244375476
0.6654826493358752	0.33451735066412447
0.676724712909704	0.3232752870902956
0.6766784275443747	0.32332157245562493
0.6655801922776498	0.3344198077223499
0.66977769869713	0.3302223013028696
0.6770910767283633	0.3229089232716364
0.6742371037567984	0.3257628962432013
0.6781701546079801	0.32182984539201953
0.6807226999952621	0.31927730000473753
0.6730432766485313	0.3269567233514684
0.67972614240376	0.32027385759623966
0.6706477620598132	0.3293522379401864
0.6660461683352531	0.33395383166474657
0.6647861314952891	0.3352138685047106
0.6664882030135613	0.3335117969864384
0.6703812953777765	0.3296187046222232
0.6670616634860773	0.33293833651392235
0.6758766154115403	0.3241233845884594
0.673070562595855	0.3269294374041447
0.665766302758302	0.3342336972416977
0.6736365485047587	0.32636345149524093
0.6711129492600181	0.32888705073998153
0.6671972363727674	0.33280276362723227
0.6717014617604404	0.32829853823955923
0.6697657953318666	0.330234204668133
0.6700290293023442	0.32997097069765546
0.680154810190975	0.31984518980902465
0.6700444669190424	0.3299555330809573
0.6756639139315853	0.32433608606841435
0.6689946533666419	0.3310053466333578
0.6652342049485245	0.3347657950514752
0.6783489254089546	0.321651074591045
0.6727286501952001	0.32727134980479955
0.6813705365490734	0.3186294634509263
0.6656036583013079	0.33439634169869176
0.6764990295326182	0.32350097046738147
0.6680872992182734	0.3319127007817263
0.6652941832570753	0.3347058167429243
0.6720263442438732	0.32797365575612647
0.6770989342184257	0.322901065781574
0.6691829288020191	0.33081707119798054
0.6776787800767797	0.32232121992321994
0.6779228338695459	0.3220771661304538
0.6678361194479655	0.33216388055203416
0.6788705708709386	0.32112942912906106
0.6797224489406948	0.3202775510593049
0.6741576292450284	0.3258423707549713
0.6762765661724395	0.32372343382756025
0.6782017338104552	0.32179826618954444
0.6748026083667218	0.3251973916332778
0.6804125331526478	0.31958746684735184
0.6799817670723864	0.3200182329276132
0.6660060755019208	0.3339939244980788
0.6667798382048715	0.3332201617951282
0.6807780656183255	0.31922193438167407
0.678931735650629	0.32106826434937064
0.6659856007531755	0.3340143992468242
0.6654945993549759	0.3345054006450237
0.6660514714719741	0.3339485285280256
0.6704317024601648	0.32956829753983485
0.666071483177069	0.3339285168229307
0.6678159074012083	0.33218409259879134
0.6750767743650918	0.3249232256349078
0.66876049132818	0.3312395086718196
0.673464108619904	0.32653589138009564
0.6658762578962779	0.33412374210372175
0.6670542736068169	0.33294572639318276
0.6722218909932879	0.3277781090067118
0.6708166507510449	0.3291833492489548
0.6705632414323056	0.32943675856769405
0.6780999249710472	0.32190007502895246
0.6650216962600983	0.3349783037399014
0.6699425880234915	0.3300574119765081
0.6783019589233306	0.3216980410766691
0.6732674358463654	0.3267325641536343
0.6795166056994464	0.3204833943005533
0.6755015761193531	0.32449842388064654
0.680667953633251	0.3193320463667486
0.6735345150584412	0.32646548494155847
0.6713149590434775	0.32868504095652223
0.6783004977203521	0.3216995022796476
0.6698709946774651	0.33012900532253453
0.6801742398909346	0.31982576010906505
0.6736569344597629	0.32634306554023673
0.6712843737432439	0.32871562625675577
0.6715610372457197	0.32843896275428
0.6792360228199609	0.3207639771800388
0.6803004233632471	0.3196995766367525
0.6686585358909107	0.33134146410908893
0.6649561556927012	0.3350438443072985
0.6801871364170451	0.3198128635829546
0.6755447070693738	0.3244552929306259
0.6685324195580775	0.33146758044192215
0.6656906785054445	0.33430932149455517
0.6697238347404635	0.3302761652595362
0.6686846334373956	0.3313153665626041
0.6738576930936453	0.32614230690635443
0.6722272671645173	0.32777273283548236
0.6796378739160553	0.32036212608394427
0.6750193537208136	0.3249806462791861
0.6718704749295565	0.32812952507044313
0.6667692824626652	0.3332307175373344
0.6759324941803039	0.3240675058196958
0.6724907713740044	0.3275092286259953
0.6723275966627008	0.32767240333729886
0.6648507577667728	0.3351492422332268
0.6786044845778595	0.3213955154221402
0.6738875332212584	0.3261124667787413
0.6708083611733597	0.32919163882664
0.6782431140254049	0.32175688597459473
0.6796218092540197	0.32037819074597995
0.6735475239017017	0.3264524760982979
0.6666668613563009	0.33333313864369873
0.6772794995457401	0.3227205004542596
0.6693179940096948	0.33068200599030484
0.6658485700450695	0.3341514299549302
0.6722866665803733	0.3277133334196264
0.6652143993503123	0.3347856006496874
0.6731099463248064	0.3268900536751933
0.6775774645493349	0.32242253545066474
0.6742150942498112	0.3257849057501885
0.6778769915106282	0.32212300848937153
0.6795137279533131	0.32048627204668656
0.6815000270710866	0.3184999729289131
0.6754037814658707	0.324596218534129
0.6702923057726761	0.3297076942273236
0.6786285385969655	0.32137146140303424
0.6691229771910484	0.33087702280895126
0.6656206899944004	0.33437931000559923
0.6674243059259471	0.3325756940740525
0.6796838279640629	0.32031617203593676
0.6655970649245688	0.33440293507543084
0.6651273848065611	0.3348726151934386
0.6764214105432313	0.32357858945676826
0.6664811865262961	0.33351881347370355
0.6648568853418282	0.3351431146581715
0.6664843439907606	0.333515656009239
0.6649791955226756	0.3350208044773241
0.6747723473462848	0.32522765265371495
0.6738714273696789	0.32612857263032075
0.6679004314019054	0.3320995685980943
0.6757644737468457	0.324235526253154
0.67023242541723	0.3297675745827697
0.6727147473817332	0.32728525261826646
0.6748445246535698	0.32515547534642986
0.6785094842487434	0.3214905157512563
0.6706838006487781	0.3293161993512216
0.6787966423151778	0.3212033576848219
0.6796308062240864	0.3203691937759132
0.6765421370223366	0.3234578629776631
0.6787279083602211	0.32127209163977855
0.66816707018762	0.33183292981237966
0.6750577115574947	0.32494228844250495
0.6716039508126457	0.32839604918735404
0.671931289807809	0.32806871019219064
0.6800864020286982	0.3199135979713015
0.679075973186238	0.32092402681376164
0.6665288410781863	0.33347115892181334
0.6670516966525497	0.33294830334744996
0.676607585299269	0.32339241470073066
0.6761310173378632	0.3238689826621365
0.6760070692018663	0.3239929307981334
0.6676751709320127	0.332324829067987
0.6814370249365438	0.3185629750634559
0.6739496439568349	0.32605035604316485
0.6652873272830799	0.3347126727169198
0.6749113535910378	0.3250886464089618
0.6759898573953097	0.32401014260468997
0.6703154610385771	0.32968453896142264
0.6684400199244782	0.33155998007552145
0.6697554752211222	0.33024452477887745
0.6811253113774309	0.3188746886225687
0.6744712216692119	0.32552877833078775
0.6769633959485362	0.3230366040514635
0.6672707907873725	0.3327292092126272
0.6737973186499034	0.3262026813500962
0.6768393686720086	0.3231606313279911
0.6655760781696106	0.33442392183038905
0.6701024383002059	0.3298975616997938
0.6663258743547149	0.33367412564528476
0.6806445318806285	0.3193554681193712
0.6646405535046757	0.335359446495324
0.6781035007837439	0.3218964992162558
0.6782485171168632	0.3217514828831365
0.6764933961294203	0.3235066038705794
0.6744802179530596	0.3255197820469401
0.6807347093947835	0.31926529060521613
0.6802063346842172	0.31979366531578246
0.6718158366589085	0.32818416334109113
0.6728991121852121	0.3271008878147875
0.6690393270654009	0.33096067293459874
0.6721674571152302	0.3278325428847695
0.6693164550994203	0.3306835449005794
0.6723908824521035	0.3276091175478961
0.6678625359867739	0.33213746401322575
0.6654616459806191	0.3345383540193806
0.6814459234796548	0.3185540765203448
0.6774982540945563	0.32250174590544334
0.6717983024526077	0.3282016975473919
0.6734610522867513	0.3265389477132483
0.6778434302217703	0.3221565697782294
0.6686408172493767	0.33135918275062287
0.669700771042606	0.3302992289573937
0.6810857838649287	0.31891421613507104
0.6685180393797234	0.3314819606202763
0.6700372835863829	0.32996271641361674
0.6764265532436096	0.32357344675639005
0.6810009709678689	0.31899902903213073
0.6698565244383383	0.3301434755616613
0.6709222953855972	0.32907770461440244
0.6666288830528674	0.3333711169471323
0.6813462339477145	0.3186537660522852
0.6660163407207784	0.3339836592792213
0.6657771852746216	0.33422281472537807
0.6726031054670212	0.3273968945329785
0.6744802224151863	0.3255197775848133
0.6790854102858622	0.32091458971413744
0.6772894119823425	0.3227105880176572
0.6662219198668489	0.33377808013315086
0.6733784471039154	0.3266215528960843
0.6719585173204167	0.328041482679583
0.668970744267577	0.3310292557324227
0.6748275783987975	0.3251724216012022
0.6693519296293565	0.33064807037064314
0.6701603674171956	0.3298396325828041
0.6664241079370707	0.3335758920629289
0.6651224332050119	0.3348775667949878
0.6802771257157321	0.3197228742842676
0.6805929660409157	0.319407033959084
0.6717488793718847	0.328251120628115
0.6783172811345356	0.32168271886546407
0.6731587619890264	0.3268412380109733
0.6656060850372217	0.3343939149627779
0.6741884932113498	0.3258115067886499
0.669396527203459	0.3306034727965406
0.6713221131670836	0.3286778868329161
0.6785376696561695	0.3214623303438302
0.6687025384324178	0.3312974615675819
0.678333590371803	0.3216664096281967
0.6808095400513006	0.3191904599486991
0.6782977936040093	0.32170220639599034
0.6711866175454719	0.32881338245452774
0.6732567985822646	0.32674320141773505
0.669001781449611	0.33099821855038863
0.6725587124948575	0.3274412875051421
0.6693755363389552	0.3306244636610445
0.6809259456098233	0.3190740543901764
0.6666218574570536	0.33337814254294607
0.6706217309379574	0.32937826906204226
0.675416777402186	0.3245832225978137
0.6712686904337594	0.3287313095662403
0.6706308839486954	0.32936911605130426
0.6717711071515264	0.3282288928484732
0.6713689176439085	0.3286310823560912
0.6804142717842221	0.31958572821577763
0.6650795052536848	0.3349204947463149
0.6677736255468916	0.3322263744531081
0.6795107345527636	0.3204892654472361
0.6671721569330868	0.33282784306691277
0.6681801082547708	0.33181989174522886
0.6677787528156032	0.3322212471843965
0.6723274758707187	0.32767252412928094
0.673588962213049	0.3264110377869507
0.6671099679206189	0.3328900320793808
0.6668822959995826	0.3331177040004171
0.6653787954488588	0.33462120455114086
0.6686067996255936	0.33139320037440617
0.6738027156195968	0.32619728438040285
0.6715878228951542	0.3284121771048455
0.6705779216173695	0.32942207838263016
0.6810507361509188	0.31894926384908084
0.6702907598823091	0.3297092401176905
0.6685386283107055	0.33146137168929407
0.6708742470282997	0.3291257529717
0.6794996043943071	0.32050039560569255
0.6677989925444203	0.3322010074555794
0.6734576919780838	0.32654230802191586
0.6749409249481572	0.3250590750518425
0.672733413062412	0.3272665869375877
0.6800285364967735	0.3199714635032262
0.6652473688314245	0.3347526311685751
0.6792895857948575	0.3207104142051421
0.6724752549737635	0.3275247450262362
0.6782633617324756	0.3217366382675241
0.6799666395498969	0.32003336045010283
0.6753969165111692	0.3246030834888305
0.6801002139610597	0.31989978603894
0.6757479237304364	0.3242520762695633
0.6689032357057411	0.3310967642942586
0.6674195586154628	0.3325804413845369
0.6655963477704674	0.3344036522295323
0.6655679676142938	0.33443203238570585
0.6657864265030935	0.33421357349690617
0.677186796647687	0.32281320335231267
0.6750053439310536	0.32499465606894606
0.6654168729762122	0.33458312702378745
0.6808264889627147	0.3191735110372849
0.6678680539187152	0.33213194608128443
0.6669530528419105	0.33304694715808913
0.6754776326934582	0.3245223673065415
0.6813609687238368	0.3186390312761629
0.6694580924121472	0.3305419075878525
0.6781031787410543	0.32189682125894536
0.6680312796010539	0.3319687203989457
0.6795208694411307	0.320479130558869
0.669992420233514	0.33000757976648565
0.6708480758909963	0.32915192410900335
0.676776294439006	0.32322370556099367
0.6655089851683963	0.3344910148316034
0.6809086917256475	0.3190913082743522
0.6807348116185107	0.319265188381489
0.6648055654639543	0.33519443453604536
0.6747333864916536	0.3252666135083461
0.6721043017747974	0.32789569822520226
0.673085906313649	0.32691409368635077
0.6802043740405974	0.31979562595940225
0.6786179766080981	0.3213820233919016
0.6674847147419865	0.33251528525801316
0.6764230581473051	0.3235769418526946
0.671280704765236	0.3287192952347636
0.6688529545071333	0.33114704549286633
0.6679849396856676	0.33201506031433203
0.6766593970906385	0.3233406029093612
0.6793763414086362	0.3206236585913635
0.6678369766452552	0.3321630233547445
0.6673508425459393	0.3326491574540603
0.6786770746682507	0.32132292533174905
0.6724839295181447	0.32751607048185494
0.6660855076838871	0.3339144923161126
0.6734998474698362	0.32650015253016346
0.6784620287263041	0.32153797127369554
0.6723601855940639	0.3276398144059358
0.6690154152715341	0.3309845847284656
0.665559559566845	0.3344404404331547
0.6802883286711758	0.3197116713288238
0.6693600841865871	0.33063991581341257
0.6705987341043349	0.3294012658956648
0.6752493851716718	0.3247506148283279
0.6674692407826543	0.3325307592173453
0.6753073770203383	0.3246926229796614
0.6814375366853528	0.3185624633146469
0.6760023394847345	0.3239976605152651
0.6723043255926671	0.32769567440733255
0.6786524282449522	0.32134757175504747
0.6733489499386399	0.32665105006135975
0.6732358667395957	0.326764133260404
0.6665644631676576	0.33343553683234206
0.6798131116560643	0.3201868883439354
0.6700020277688356	0.3299979722311641
0.6715630503060712	0.32843694969392845
0.675918284309248	0.3240817156907516
0.6658317175192947	0.33416828248070496
0.6652952608481603	0.3347047391518394
0.6740957833021861	0.3259042166978136
0.6785779731033916	0.321422026896608
0.6787682396562177	0.321231760343782
0.6701629067997357	0.32983709320026394
0.679162370628454	0.32083762937154575
0.6791463717528028	0.3208536282471969
0.6764584094987207	0.32354159050127895
0.679787638527761	0.3202123614722387
0.6773869275771762	0.3226130724228234
0.6714450612190062	0.3285549387809935
0.6688823977291173	0.3311176022708824
0.6778437167361857	0.322156283263814
0.6714891152720095	0.3285108847279902
0.6751577327500581	0.3248422672499416
0.6741311643327128	0.3258688356672868
0.6765966831911367	0.3234033168088629
0.678220192588746	0.32177980741125367
0.6681296974467144	0.3318703025532853
0.6791081147348208	0.3208918852651788
0.6801043342339786	0.319895665766021
0.6712269850992335	0.32877301490076616
0.6711980707714194	0.32880192922858037
0.669246315902658	0.3307536840973416
0.6777501276680153	0.3222498723319843
0.6813041128659189	0.3186958871340808
0.6774713890124112	0.32252861098758845
0.6694659023484821	0.3305340976515175
0.6719159402100494	0.32808405978995026
0.6805143486429819	0.3194856513570178
0.665478816206605	0.3345211837933947
0.6706070680871874	0.3293929319128122
0.6672280385632324	0.33277196143676724
0.6732649652675841	0.3267350347324156
0.6723967679293387	0.327603232070661
0.6691143654441543	0.3308856345558454
0.6811957037707969	0.3188042962292028
0.678120383095922	0.3218796169040776
0.6697838686047117	0.33021613139528794
0.67525921168641	0.32474078831358966
0.666712223052073	0.3332877769479267
0.6802584278836133	0.3197415721163863
0.6805024187860022	0.3194975812139975
0.6725198879444588	0.32748011205554084
0.6813955029460905	0.3186044970539092
0.6679798865574167	0.332020113442583
0.681238436940497	0.31876156305950265
0.6799414775156265	0.3200585224843731
0.6685958932265899	0.3314041067734098
0.6702518228138563	0.32974817718614335
0.6775458764337695	0.32245412356623016
0.6815836994789003	0.31841630052109937
0.6697463929891538	0.33025360701084583
0.6796007782703206	0.320399221729679
0.6800620001222579	0.31993799987774174
0.678242370905964	0.3217576290940357
0.6749383019892703	0.3250616980107294
0.6815765314105899	0.31842346858940973
0.6788211724800719	0.32117882751992777
0.679678909247531	0.3203210907524686
0.6812386918089708	0.3187613081910288
0.6646563704808983	0.3353436295191014
0.6746225597015754	0.32537744029842436
0.6731557039990569	0.3268442960009428
0.6671607808862559	0.3328392191137438
0.6777283066780676	0.32227169332193206
0.6734142875490696	0.32658571245093004
0.6786343063858299	0.3213656936141698
0.678038475373331	0.3219615246266687
0.6738704129773143	0.32612958702268535
0.6678569140814153	0.3321430859185843
0.6680423941983157	0.331957605801684
0.6739291295566667	0.32607087044333294
0.6693202392086988	0.33067976079130096
0.6661501683415043	0.33384983165849536
0.6661881456532163	0.3338118543467834
0.6805021061354938	0.3194978938645059
0.6647697483030304	0.3352302516969693
0.6684991749973956	0.33150082500260397
0.6796632081051172	0.3203367918948825
0.6747599601947452	0.32524003980525446
0.678504835740078	0.3214951642599217
0.6753866366162848	0.3246133633837148
0.6690922610872388	0.3309077389127608
0.6662052624039801	0.3337947375960195
0.6801933040961409	0.3198066959038588
0.6784244942136772	0.3215755057863225
0.665672990005549	0.33432700999445064
0.6815987683985542	0.3184012316014455
0.6758129745332379	0.3241870254667618
0.672911159483173	0.32708884051682663
0.6657888105142176	0.3342111894857821
0.6806512881010679	0.31934871189893177
0.6766799272515168	0.32332007274848285
0.6706606395133083	0.3293393604866913
0.6781837884781918	0.32181621152180784
0.6653234141309174	0.3346765858690822
0.6697511357967043	0.3302488642032953
0.679577018035541	0.3204229819644586
0.6756025795223355	0.3243974204776642
0.6687489871401425	0.33125101285985714
0.6798105155840075	0.3201894844159921
0.6671195594844075	0.3328804405155922
0.6651191490683889	0.3348808509316108
0.6769848884226286	0.32301511157737106
0.6672890623223473	0.33271093767765236
0.6663071382892229	0.3336928617107767
0.6767348924672357	0.32326510753276394
0.6743785431868882	0.3256214568131115
0.6667085527351099	0.3332914472648898
0.666726916606835	0.33327308339316464
0.6766407630278897	0.32335923697211
0.6739552748305205	0.32604472516947913
0.6813917143386459	0.31860828566135374
0.6772763620308896	0.3227236379691101
0.6760016804135998	0.3239983195863999
0.6758995939593907	0.32410040604060897
0.6765628524794595	0.3234371475205402
0.6755954827440194	0.3244045172559803
0.680126309685633	0.31987369031436663
0.6773201000895711	0.32267989991042856
0.6739287345901721	0.32607126540982756
0.6684672388083354	0.3315327611916643
0.6711398461042515	0.32886015389574813
0.6723228556061333	0.3276771443938664
0.664890191560557	0.3351098084394427
0.679804941765024	0.3201950582349756
0.6686149921027569	0.3313850078972428
0.6795409870807885	0.32045901291921114
0.6801739328019061	0.31982606719809353
0.6660505346016541	0.3339494653983456
0.6719893453755629	0.3280106546244368
0.678608195984166	0.32139180401583367
0.6677427109115646	0.3322572890884351
0.6691123639326912	0.3308876360673085
0.6701309714445927	0.32986902855540695
0.6709235819356135	0.32907641806438614
0.6784278213904487	0.321572178609551
0.6802714701045359	0.31972852989546374
0.6759791867496199	0.32402081325037974
0.6703298287040785	0.32967017129592113
0.6763831437741907	0.3236168562258089
0.6775692301738133	0.32243076982618635
0.680782634367627	0.3192173656323727
0.6674247349174931	0.33257526508250657
0.6685436156694551	0.33145638433054453
0.6812260359062762	0.3187739640937235
0.6741625101282669	0.32583748987173283
0.6741357143184018	0.32586428568159787
0.6777191201855134	0.3222808798144863
0.6664961681355243	0.3335038318644754
0.6743674306385168	0.3256325693614828
0.6681866825116453	0.3318133174883544
0.6687272783408198	0.33127272165917987
0.6769624423362459	0.32303755766375375
0.6738866381520512	0.3261133618479484
0.6713525447891816	0.32864745521081806
0.6697087724656442	0.33029122753435547
0.6740371560348057	0.3259628439651939
0.6713243873631455	0.3286756126368542
0.6765901341049062	0.32340986589509346
0.680243594284017	0.3197564057159827
0.6761268739578388	0.32387312604216084
0.6708967945074139	0.32910320549258576
0.6809463269897409	0.3190536730102587
0.6800624313625847	0.31993756863741496
0.6780496979604693	0.32195030203953034
0.6648408715156322	0.3351591284843675
0.6694233160039436	0.33057668399605605
0.6814212709228785	0.31857872907712115
0.6653207781590583	0.33467922184094134
0.6801273110006719	0.31987268899932775
0.680713021421577	0.3192869785784227
0.6694026424494952	0.3305973575505044
0.6662612670542079	0.33373873294579176
0.6791402769787005	0.32085972302129917
0.6667629611188663	0.3332370388811333
0.6802330985820122	0.31976690141798747
0.675954543371531	0.3240454566284686
0.6723060557119555	0.3276939442880442
0.6755237924805241	0.3244762075194756
0.6687230955137521	0.3312769044862476
0.665216201788208	0.3347837982117917
0.6783235952307084	0.32167640476929127
0.6709233288579463	0.3290766711420534
0.6785075913537797	0.32149240864622
0.6802517678217819	0.31974823217821774
0.6709866056861942	0.32901339431380555
0.6736027395308466	0.32639726046915307
0.6691507114918837	0.330849288508116
0.6736620430904152	0.32633795690958445
0.6720041228401625	0.32799587715983713
0.671254334323092	0.32874566567690766
0.6809805708453328	0.31901942915466686
0.6693930565648687	0.330606943435131
0.6649149820970854	0.33508501790291423
0.6747963499667468	0.3252036500332529
0.6646123189902047	0.33538768100979494
0.6668755752026487	0.3331244247973509
0.6794012003325572	0.3205987996674424
0.6651594665522977	0.3348405334477019
0.6713332546448338	0.3286667453551658
0.6669176689887055	0.33308233101129414
0.6779758449896244	0.3220241550103753
0.6702770245942524	0.3297229754057473
0.6712454261745404	0.32875457382545925
0.6668231033150477	0.333176896684952
0.6735641353009105	0.3264358646990891
0.6670028604572751	0.3329971395427246
0.6703460725219063	0.3296539274780934
0.6766368796758306	0.32336312032416903
0.6787589095941252	0.32124109040587445
0.6650990099531251	0.33490099004687457
0.6756387258831487	0.32436127411685106
0.6697596753501264	0.3302403246498733
0.6776680364071747	0.322331963592825
0.6719325663804088	0.3280674336195909
0.6681353570565416	0.33186464294345813
0.680991401604002	0.31900859839599766
0.6687287867134522	0.33127121328654746
0.6681219094374302	0.33187809056256945
0.66521718082668	0.3347828191733196
0.6664540672810224	0.3335459327189773
0.6677289389826787	0.33227106101732096
0.6697267085625982	0.3302732914374015
0.6801723622906626	0.31982763770933703
0.6781018483943628	0.32189815160563684
0.6737203854607177	0.326279614539282
0.6806240760382017	0.3193759239617979
0.6671277504963888	0.33287224950361083
0.6699645615152928	0.33003543848470684
0.6725136221174222	0.3274863778825775
0.6671797698085532	0.33282023019144646
0.6645774150252461	0.3354225849747535
0.6705048877690043	0.3294951122309953
0.6682849863591183	0.33171501364088135
0.6713384286994195	0.3286615713005801
0.6698519974410047	0.330148002558995
0.6742589011204645	0.3257410988795352
0.6674456040287788	0.3325543959712208
0.66920146192772	0.33079853807227966
0.6776585323731923	0.3223414676268074
0.6646499093090583	0.33535009069094135
0.6733020301510299	0.3266979698489698
0.6785241539115462	0.3214758460884535
0.6736245984026245	0.3263754015973752
0.6780921171806248	0.3219078828193749
0.6720664205293125	0.3279335794706871
0.6710204745659356	0.3289795254340641
0.6782433494722446	0.32175665052775504
0.6801897138776504	0.3198102861223493
0.6740874040754021	0.3259125959245975
0.6793679485652103	0.32063205143478934
0.6800728133723323	0.3199271866276674
0.6776772984673638	0.32232270153263587
0.67606747733148	0.3239325226685197
0.6814680025283231	0.31853199747167665
0.6747224845794482	0.3252775154205515
0.6694191463514346	0.33058085364856504
0.6676185070032774	0.3323814929967222
0.6799046682500788	0.3200953317499209
0.6737316115606029	0.3262683884393968
0.6647907404030663	0.3352092595969334
0.6738679435137316	0.32613205648626803
0.665099978191484	0.33490002180851564
0.6809250625778579	0.31907493742214177
0.6795503590481226	0.3204496409518771
0.6759817146354353	0.32401828536456434
0.6814429732540151	0.3185570267459845
0.6670253800119509	0.3329746199880488
0.6669444045058905	0.3330555954941091
0.6764647945276498	0.32353520547234976
0.6689348591747142	0.33106514082528543
0.6804304798232979	0.3195695201767018
0.6782082116602468	0.3217917883397528
0.6688912172452601	0.33110878275473954
0.6747165992276023	0.32528340077239737
0.6646725407837326	0.33532745921626705
0.6752061860362616	0.3247938139637381
0.6647823965405714	0.3352176034594283
0.6729893833774969	0.3270106166225027
0.664932718445444	0.3350672815545557
0.6737726434271538	0.32622735657284585
0.6781680396054295	0.3218319603945702
0.6730183753324664	0.3269816246675332
0.666955421001109	0.3330445789988907
0.6748941178439847	0.325105882156015
0.6648000023228724	0.33519999767712727
0.6760778327710308	0.32392216722896877
0.6677646814445597	0.33223531855544
0.6677113076882382	0.3322886923117615
0.6702421687092011	0.3297578312907986
0.6653317876882807	0.33466821231171895
0.6703002792759073	0.32969972072409237
0.6722509705922148	0.3277490294077848
0.6669297769290945	0.33307022307090517
0.6772416560544137	0.32275834394558606
0.6676426085406977	0.33235739145930204
0.6807516311300983	0.31924836886990143
0.6660535411339841	0.33394645886601565
0.665098824744063	0.3349011752559366
0.6688096482265787	0.33119035177342093
0.6768642097010616	0.323135790298938
0.668920607599053	0.3310793924009466
0.6748718712910153	0.3251281287089844
0.6722567757167994	0.3277432242832002
0.6756485128404299	0.32435148715956974
0.6729639338850617	0.3270360661149379
0.6716075914802752	0.3283924085197245
0.6725159886246895	0.32748401137531014
0.670814619088646	0.32918538091135363
0.6736413037138056	0.3263586962861941
0.6781523902823638	0.3218476097176358
0.6676109352117957	0.33238906478820396
0.6797614213766308	0.3202385786233689
0.668946626229513	0.3310533737704867
0.6651347341870583	0.3348652658129414
0.6689189100319417	0.33108108996805796
0.6710551626251058	0.3289448373748939
0.6731048359996548	0.32689516400034485
0.6718857527252908	0.3281142472747088
0.6751430781028365	0.3248569218971632
0.6706854297825844	0.32931457021741534
0.673691618243561	0.3263083817564386
0.6753570230733243	0.3246429769266754
0.6816275450038425	0.3183724549961572
0.677802672474914	0.3221973275250857
0.6648768771150091	0.3351231228849906
0.6687613003662607	0.33123869963373903
0.6730490888692832	0.3269509111307165
0.6779125699437583	0.3220874300562414
0.6734287932562542	0.3265712067437455
0.6809209100135254	0.3190790899864743
0.6808788845891472	0.3191211154108524
0.6728725253673142	0.32712747463268543
0.6749114530207245	0.3250885469792751
0.6775923226144238	0.3224076773855758
0.6649253132294936	0.3350746867705061
0.671578025409196	0.3284219745908037
0.6704889085039698	0.32951109149602986
0.6808977461901595	0.31910225380984014
0.6699402749756641	0.33005972502433556
0.6772018989768949	0.3227981010231048
0.6760384385784574	0.3239615614215423
0.6664283524783388	0.3335716475216609
0.6646756515572552	0.3353243484427445
0.6698600664300018	0.3301399335699978
0.6676046659159136	0.33239533408408606
0.6792450500145967	0.320754949985403
0.6741553043738375	0.3258446956261622
0.6767066788586032	0.3232933211413964
0.6784709284915552	0.32152907150844445
0.6675642603602057	0.332435739639794
0.6684028329867187	0.33159716701328107
0.6725589580657692	0.32744104193423057
0.672026133056293	0.32797386694370667
0.6767522471272249	0.32324775287277474
0.6757380005313646	0.3242619994686351
0.6757130471917683	0.3242869528082314
0.6796820957387106	0.320317904261289
0.675534128328073	0.32446587167192664
0.6762683525652027	0.323731647434797
0.6693387795419237	0.330661220458076
0.6739421466935716	0.32605785330642817
0.6723620745696475	0.3276379254303522
0.6793364601297227	0.32066353987027696
0.6747140936228117	0.325285906377188
0.6793272517179947	0.320672748282005
0.6792039816521802	0.32079601834781946
0.6663227330269104	0.33367726697308925
0.6686745191664459	0.33132548083355373
0.6703585913162197	0.32964140868378
0.6690237593945448	0.33097624060545483
0.6728212185774466	0.3271787814225531
0.6803602580799076	0.31963974192009204
0.6771516199604642	0.3228483800395354
0.6719248820927309	0.32807511790726873
0.6668186418503776	0.3331813581496221
0.6735870814041817	0.326412918595818
0.674907141741273	0.3250928582587267
0.6717275739636193	0.3282724260363804
0.665463918936486	0.3345360810635136
0.6692823435821208	0.33071765641787887
0.6649749136386254	0.33502508636137435
0.6803403790221944	0.3196596209778053
0.6767317094762986	0.3232682905237011
0.6763631842941573	0.32363681570584235
0.6769572765010186	0.32304272349898117
0.6794102686811887	0.32058973131881097
0.6651563433493832	0.3348436566506165
0.6694116925954398	0.3305883074045599
0.6694294668865686	0.3305705331134311
0.6799281454497312	0.3200718545502684
0.6698907054688672	0.3301092945311324
0.6675680013844018	0.3324319986155979
0.6675809233949613	0.33241907660503833
0.672873011842087	0.32712698815791263
0.6725940411208389	0.32740595887916074
0.6648555991881594	0.33514440081184027
0.677676374447153	0.32232362555284666
0.667763574792954	0.33223642520704566
0.6779747095902273	0.32202529040977235
0.6755051890419894	0.3244948109580103
0.6768047638848882	0.3231952361151115
0.6673145244206458	0.3326854755793539
0.6720901152340553	0.3279098847659444
0.681578480473207	0.31842151952679265
0.6752182524500341	0.3247817475499656
0.6811785453376801	0.3188214546623196
0.6711155632107475	0.32888443678925217
0.6816065034805777	0.31839349651942195
0.6697993864426388	0.33020061355736086
0.6699135163189853	0.33008648368101434
0.6753136967969504	0.32468630320304925
0.6722575894465143	0.3277424105534854
0.6741852648053008	0.32581473519469883
0.6759114532182972	0.3240885467817025
0.6691683345584234	0.3308316654415763
0.6668264683829394	0.3331735316170603
0.6809942984876108	0.31900570151238883
0.6768759711841004	0.32312402881589936
0.6743594072819785	0.3256405927180212
0.6786120693459755	0.32138793065402416
0.6787445565394735	0.32125544346052615
0.6746529900295475	0.3253470099704522
0.6658993392702744	0.3341006607297252
0.666108712172607	0.3338912878273927
0.6726539760665405	0.32734602393345913
0.6745749471723202	0.3254250528276794
0.6716307051503082	0.32836929484969146
0.680451957675567	0.3195480423244327
0.6721650908054957	0.32783490919450403
0.6779388726149276	0.32206112738507203
0.6705429188458236	0.32945708115417605
0.6773457800138372	0.32265421998616256
0.6692264520041552	0.33077354799584446
0.6660374700775371	0.33396252992246256
0.6696086100875749	0.3303913899124247
0.6756298959088874	0.3243701040911122
0.6792616669728284	0.3207383330271712
0.6738071402978193	0.32619285970218037
0.6741777922631143	0.32582220773688536
0.6669059677479399	0.3330940322520598
0.6741916383965703	0.32580836160342946
0.6686015597665781	0.3313984402334216
0.6775869626667221	0.32241303733327753
0.6781495023505262	0.3218504976494735
0.6759312800692918	0.32406871993070785
0.6720503656179969	0.32794963438200275
0.679218359121753	0.3207816408782467
0.6758748316627099	0.32412516833728977
0.6646215871394515	0.33537841286054815
0.6786945852450753	0.32130541475492436
0.67918937669045	0.3208106233095497
0.6691076040026914	0.33089239599730824
0.6718242082905459	0.3281757917094538
0.677284044587255	0.3227159554127447
0.6729835924148566	0.32701640758514305
0.6759085507620872	0.32409144923791244
0.6669418375403563	0.33305816245964337
0.6652441530887119	0.33475584691128785
0.6798823148296523	0.32011768517034733
0.6703970338174756	0.329602966182524
0.6732312146556937	0.326768785344306
0.6691988393483439	0.33080116065165577
0.6796048565162273	0.3203951434837724
0.6668995983410088	0.3331004016589909
0.6767859757349117	0.323214024265088
0.679936934505889	0.32006306549411073
0.6717829174340088	0.3282170825659909
0.6811837334037085	0.3188162665962911
0.6700321306792654	0.3299678693207343
0.6720596153741742	0.3279403846258254
0.6780102056043744	0.3219897943956253
0.6781553027403524	0.32184469725964726
0.670046342934696	0.32995365706530366
0.6701501960528866	0.3298498039471131
0.6744809500168184	0.32551904998318126
0.6756222259607431	0.3243777740392566
0.681282978168381	0.31871702183161865
0.6755394813079848	0.32446051869201487
0.6763703730427929	0.32362962695720676
0.671058053581417	0.3289419464185826
0.6798978100223153	0.32010218997768436
0.679447285140925	0.3205527148590746
0.6815600812215336	0.3184399187784661
0.6683034001580612	0.3316965998419384
0.6704622469910517	0.32953775300894794
0.6649653493167405	0.3350346506832592
0.6658603247051534	0.33413967529484623
0.6808983617149996	0.31910163828500004
0.6809805822052141	0.3190194177947856
0.6712473565319796	0.32875264346802
0.667562000627502	0.3324379993724977
0.6779647890337529	0.32203521096624677
0.6657723186104207	0.334227681389579
0.6811566767916595	0.3188433232083402
0.6738500296788339	0.3261499703211658
0.679344296128032	0.3206557038719676
0.6648682193726883	0.33513178062731136
0.6695719566372915	0.3304280433627081
0.6712463673212948	0.32875363267870483
0.6689932684805258	0.33100673151947396
0.6698516002105798	0.3301483997894199
0.6743325565797917	0.32566744342020787
0.6686891806981561	0.33131081930184364
0.6673660723580986	0.33263392764190103
0.6787980046805997	0.32120199531939997
0.6786725852619424	0.32132741473805726
0.6668751969919351	0.3331248030080645
0.6752147583895297	0.32478524161046995
0.6664928118866613	0.3335071881133383
0.6739703196326934	0.32602968036730623
0.6786832315642843	0.3213167684357153
0.669307314448592	0.33069268555140763
0.6808172832479036	0.3191827167520961
0.6669178277370075	0.3330821722629922
0.6698135793640865	0.3301864206359132
0.6773700863426277	0.3226299136573719
0.6691807558287368	0.3308192441712628
0.6790609508674178	0.32093904913258187
0.670062180835388	0.3299378191646116
0.671442666770192	0.3285573332298076
0.6758292456933603	0.32417075430663933
0.6810887283166833	0.3189112716833163
0.6699754992675914	0.3300245007324083
0.6706647550460546	0.32933524495394506
0.676612962113833	0.32338703788616663
0.6696649458700837	0.33033505412991593
0.6682707548340625	0.33172924516593716
0.6676045489937152	0.3323954510062844
0.6675413821688881	0.3324586178311115
0.6697421847259487	0.33025781527405096
0.6727731054135974	0.3272268945864023
0.6815308673352978	0.3184691326647019
0.6687727574263347	0.33122724257366504
0.6680799818514815	0.33192001814851807
0.6769836625448863	0.3230163374551134
0.6694703961504173	0.3305296038495824
0.6772778526518712	0.3227221473481284
0.6756557550171807	0.324344244982819
0.6681157921597639	0.33188420784023576
0.6758203613238629	0.3241796386761367
