0.2688436700537038	0.7311563299462959
0.2821083948058361	0.7178916051941635
0.2662401419562004	0.7337598580437993
0.27451371343805775	0.7254862865619419
0.2738392771176267	0.726160722882373
0.2706105773193678	0.7293894226806319
0.28422761693411325	0.7157723830658864
0.2675079737443451	0.7324920262556546
0.28620742853768394	0.7137925714623157
0.28642951586387	0.7135704841361297
0.2826730663283149	0.7173269336716848
0.2849795599736494	0.7150204400263502
0.2847168925790141	0.7152831074209856
0.2726450689638795	0.7273549310361201
0.2724718281774112	0.7275281718225884
0.288098606548307	0.7119013934516927
0.28388461127785997	0.7161153887221396
0.2788885573470944	0.7211114426529053
0.28032580872712304	0.7196741912728766
0.28423051622790013	0.7157694837720996
0.28088799944768994	0.7191120005523097
0.2887250105067286	0.7112749894932711
0.28107478720894113	0.7189252127910586
0.2906697760551019	0.7093302239448978
0.2694099227123167	0.730590077287683
0.2716531180647117	0.728346881935288
0.27010775128215314	0.7298922487178465
0.2766794145592262	0.7233205854407735
0.280959398712299	0.7190406012877006
0.26989396237640917	0.7301060376235905
0.2696094694651944	0.7303905305348053
0.28533806659199545	0.7146619334080042
0.28002876536291554	0.7199712346370841
0.2799681893651782	0.7200318106348215
0.28688492046853	0.7131150795314697
0.28815036245900205	0.7118496375409976
0.2877292817253998	0.7122707182745999
0.2861937081515462	0.7138062918484535
0.28228675275098025	0.7177132472490194
0.2784598049411182	0.7215401950588815
0.2837521240888805	0.7162478759111192
0.28801659012675024	0.7119834098732494
0.28780447345351057	0.7121955265464891
0.28542201906190057	0.7145779809380991
0.2768501187628665	0.7231498812371331
0.27436902511602995	0.7256309748839698
0.2830799372243029	0.7169200627756968
0.2805415397374298	0.7194584602625699
0.2901353399386729	0.7098646600613268
0.27879690461761086	0.7212030953823888
0.2743044236805411	0.7256955763194586
0.2676662043239058	0.7323337956760938
0.2806112997498176	0.7193887002501821
0.28466395539527956	0.7153360446047201
0.2879359495412461	0.7120640504587537
0.27006990651904356	0.729930093480956
0.28607211137242927	0.7139278886275704
0.28193355567553335	0.7180664443244663
0.28367540803723634	0.7163245919627633
0.2779823546766223	0.7220176453233773
0.28196994778575213	0.7180300522142475
0.27599734941823906	0.7240026505817606
0.2913206624519098	0.7086793375480899
0.27524003788519436	0.7247599621148053
0.2734323520018158	0.7265676479981839
0.291552730033673	0.7084472699663267
0.28350271773831237	0.7164972822616873
0.2693849654024754	0.7306150345975242
0.26843748666354844	0.7315625133364512
0.2855155006040204	0.7144844993959792
0.2681503575848963	0.7318496424151033
0.2705581052373526	0.7294418947626471
0.27200940798378537	0.7279905920162143
0.2809041507979837	0.719095849202016
0.27580479883111203	0.7241952011688877
0.27418371567296973	0.7258162843270299
0.27943512884137245	0.7205648711586272
0.2914745257796699	0.7085254742203297
0.26847522935395063	0.731524770646049
0.2852679506363941	0.7147320493636056
0.2898379426292753	0.7101620573707244
0.2770458428718422	0.7229541571281575
0.28365003610970646	0.7163499638902933
0.2775381437004741	0.7224618562995255
0.2731396228327259	0.7268603771672737
0.2663567864514425	0.7336432135485571
0.26661974599845006	0.7333802540015496
0.2692459692450574	0.7307540307549423
0.2775627924935183	0.7224372075064813
0.2874461758992577	0.712553824100742
0.2905337207616892	0.7094662792383104
0.2679504356702114	0.7320495643297883
0.2806578328762972	0.7193421671237025
0.2732472591808275	0.7267527408191722
0.2714696808276912	0.7285303191723085
0.28974349820377765	0.710256501796222
0.2824740314301314	0.7175259685698683
0.2675518662212607	0.732448133778739
0.2804994077281069	0.7195005922718928
0.2726415390368571	0.7273584609631425
0.2874322524273035	0.7125677475726961
0.2878639391633633	0.7121360608366364
0.26867674148893766	0.7313232585110621
0.28023943652784616	0.7197605634721536
0.2752170198685975	0.7247829801314022
0.2756260205123462	0.7243739794876535
0.27235523607123113	0.7276447639287685
0.2818969343070128	0.7181030656929869
0.27147960210046607	0.7285203978995336
0.2849321808185039	0.7150678191814958
0.2879879839339732	0.7120120160660265
0.2887909644283726	0.7112090355716271
0.2803685936174529	0.7196314063825467
0.2815048150294343	0.7184951849705654
0.2875983384692359	0.7124016615307638
0.27999240014930815	0.7200075998506915
0.28670374559948186	0.7132962544005178
0.2735795683865303	0.7264204316134694
0.2689710358444546	0.7310289641555451
0.28500392820650977	0.7149960717934899
0.2674963285270545	0.7325036714729452
0.2693567067613803	0.7306432932386193
0.2702910861182858	0.7297089138817139
0.2783929810924538	0.7216070189075459
0.276153782395565	0.7238462176044347
0.2784543754116995	0.7215456245883002
0.2862401263572931	0.7137598736427065
0.29096088192470826	0.7090391180752914
0.2809728724527487	0.719027127547251
0.273202620662188	0.7267973793378117
0.27638930428339376	0.723610695716606
0.2717109694379172	0.7282890305620824
0.27551498590917733	0.7244850140908223
0.27411009242306106	0.7258899075769386
0.2700651402072811	0.7299348597927185
0.27626915233962823	0.7237308476603714
0.2863703716063104	0.7136296283936893
0.26699890669926796	0.7330010933007317
0.28324354411930763	0.716756455880692
0.2809506118862653	0.7190493881137343
0.2722053030662827	0.727794696933717
0.266268992922712	0.7337310070772877
0.28903443225596137	0.7109655677440383
0.290313148863411	0.7096868511365887
0.2833906908192939	0.7166093091807058
0.2823531774939023	0.7176468225060973
0.27856735299126895	0.7214326470087307
0.2821926250735367	0.717807374926463
0.2680083192512652	0.7319916807487344
0.27162435057461876	0.7283756494253809
0.2662239302491241	0.7337760697508755
0.288427665708154	0.7115723342918456
0.2841661803483887	0.715833819651611
0.26847558674219535	0.7315244132578043
0.277533889779216	0.7224661102207837
0.27270066084419187	0.7272993391558078
0.28864318112277443	0.7113568188772252
0.290457480683309	0.7095425193166907
0.28502302960225545	0.7149769703977442
0.2881499387766907	0.711850061223309
0.2730530219196255	0.7269469780803741
0.2888648506650858	0.7111351493349138
0.266277642234261	0.7337223577657387
0.26984666955486514	0.7301533304451345
0.27881039982456635	0.7211896001754333
0.27845945229634933	0.7215405477036503
0.28004001641725296	0.7199599835827467
0.270031205685582	0.7299687943144177
0.2830561529830314	0.7169438470169682
0.28955867150203485	0.7104413284979648
0.2832099832013216	0.716790016798678
0.2784015436307151	0.7215984563692845
0.2674609079209504	0.7325390920790493
0.2860192023108766	0.713980797689123
0.27309411032795095	0.7269058896720487
0.2707037902331916	0.7292962097668081
0.2781733817437313	0.7218266182562684
0.27417264683106884	0.7258273531689308
0.2783592262806148	0.7216407737193848
0.27070055121517334	0.7292994487848263
0.2835103008202944	0.7164896991797053
0.2682320773428474	0.7317679226571523
0.28822690185259703	0.7117730981474026
0.2817885105830159	0.7182114894169838
0.2860374963713892	0.7139625036286105
0.2668581603430518	0.7331418396569478
0.2754654602047967	0.724534539795203
0.28769382527594134	0.7123061747240583
0.2810566205073944	0.7189433794926052
0.2895179670875512	0.7104820329124485
0.27938513855271874	0.7206148614472809
0.28362972062517183	0.7163702793748279
0.2827766244946288	0.7172233755053709
0.280516951029738	0.7194830489702617
0.2830055920134637	0.716994407986536
0.2674916361000469	0.7325083638999528
0.2837315181837067	0.716268481816293
0.28060267719749976	0.7193973228024999
0.27247115269663796	0.7275288473033616
0.2885354594771361	0.7114645405228636
0.2739537910507568	0.7260462089492429
0.27991267576464646	0.7200873242353532
0.2713500703177659	0.7286499296822337
0.2895949787681922	0.7104050212318075
0.2667547082917989	0.7332452917082007
0.2838929673675337	0.7161070326324659
0.26877276139052864	0.731227238609471
0.2845217878366816	0.7154782121633181
0.26791089225644865	0.732089107743551
0.2915534562961862	0.7084465437038134
0.27770097194539756	0.7222990280546021
0.27651087613083536	0.7234891238691643
0.2785180816126509	0.7214819183873488
0.28179636094440885	0.7182036390555908
0.2894965527778389	0.7105034472221607
0.28115462171112565	0.718845378288874
0.27405572048025206	0.7259442795197476
0.27602849205992563	0.723971507940074
0.29033251073070687	0.7096674892692928
0.26860439934968394	0.7313956006503157
0.27040942987506167	0.729590570124938
0.2700043365539313	0.7299956634460684
0.2837984105888718	0.7162015894111279
0.2794084326784595	0.7205915673215402
0.2906081821069463	0.7093918178930534
0.2847352189613501	0.7152647810386495
0.2712721739370037	0.7287278260629959
0.2877615731199925	0.7122384268800072
0.27903694411485575	0.7209630558851439
0.28709023146604573	0.7129097685339539
0.27044274238873145	0.7295572576112682
0.2681642984132935	0.7318357015867062
0.2906586885505705	0.7093413114494291
0.29068456970524403	0.7093154302947556
0.2779823444521432	0.7220176555478565
0.2702393695644999	0.7297606304354998
0.28790852713147086	0.7120914728685288
0.27731056176663166	0.722689438233368
0.2694285700047011	0.7305714299952986
0.2678392904882917	0.732160709511708
0.2792963489036061	0.7207036510963936
0.2679462077671018	0.7320537922328978
0.2857018901116726	0.7142981098883271
0.2700134736217365	0.7299865263782632
0.2730354621609654	0.7269645378390343
0.28997053159005315	0.7100294684099465
0.2702883241472561	0.7297116758527435
0.2696467233294594	0.7303532766705403
0.28999465998264945	0.7100053400173503
0.27621694594117985	0.7237830540588198
0.29045684953357037	0.7095431504664294
0.27497810812036616	0.7250218918796335
0.2786748418824455	0.7213251581175542
0.2700834116824852	0.7299165883175145
0.28822224836957433	0.7117777516304253
0.27002491084205005	0.7299750891579496
0.2769589646815461	0.7230410353184535
0.29169101761931043	0.7083089823806892
0.28752428311289635	0.7124757168871033
0.2707103685285486	0.7292896314714511
0.2809031298244254	0.7190968701755742
0.271083969867946	0.7289160301320536
0.29054386905106183	0.7094561309489378
0.285748352123135	0.7142516478768647
0.28231370173851306	0.7176862982614867
0.2863084402316455	0.7136915597683542
0.284543829671285	0.7154561703287147
0.2774464996827596	0.7225535003172401
0.2765076665430265	0.7234923334569732
0.28898200048182965	0.71101799951817
0.2762247169577412	0.7237752830422585
0.2853540980250125	0.7146459019749871
0.2693868532066427	0.730613146793357
0.2817871400571255	0.7182128599428741
0.2872734056618733	0.7127265943381264
0.28633580965533045	0.7136641903446692
0.27351133509508047	0.7264886649049191
0.2801624867179011	0.7198375132820986
0.2711204957769232	0.7288795042230765
0.27935472232333247	0.7206452776766672
0.2870819782636178	0.7129180217363819
0.2684504564508401	0.7315495435491596
0.26814070066679885	0.7318592993332008
0.2710736731805251	0.7289263268194746
0.28545411044831237	0.7145458895516873
0.28613056862092884	0.7138694313790708
0.28310649138876953	0.7168935086112301
0.27350493069424175	0.7264950693057579
0.27809560536700634	0.7219043946329933
0.2809085539327577	0.719091446067242
0.29153363988836034	0.7084663601116393
0.2846036323064383	0.7153963676935613
0.2858475619227421	0.7141524380772576
0.2688945748294494	0.7311054251705502
0.27519357892713087	0.7248064210728689
0.29121302561772133	0.7087869743822783
0.27422913395781234	0.7257708660421873
0.2662641614834131	0.7337358385165866
0.29117487003184916	0.7088251299681505
0.2798098532490276	0.7201901467509721
0.2766787151134276	0.723321284886572
0.2707713888193528	0.7292286111806469
0.2855964446458112	0.7144035553541885
0.28156953904758897	0.7184304609524107
0.275662173399957	0.7243378266000426
0.2903242273917277	0.709675772608272
0.2832743872799176	0.7167256127200821
0.29101353157442267	0.708986468425577
0.26736030101806274	0.7326396989819369
0.28426973822201573	0.7157302617779839
0.28830059951163245	0.7116994004883672
0.27318515635439344	0.7268148436456062
0.27337887732031346	0.7266211226796861
0.27829681866728495	0.7217031813327147
0.27223415207284074	0.7277658479271589
0.27151578999090975	0.7284842100090899
0.2748633420958308	0.7251366579041689
0.26604504064258006	0.7339549593574196
0.2809694247412523	0.7190305752587474
0.27169233648783814	0.7283076635121615
0.2724456728914434	0.7275543271085563
0.26806408075882293	0.7319359192411767
0.2882156667880176	0.7117843332119821
0.2802561977394977	0.7197438022605019
0.2876870117003858	0.7123129882996139
0.2805447145446214	0.7194552854553783
0.26865873176572563	0.731341268234274
0.2673748164826176	0.732625183517382
0.2833612133175716	0.7166387866824281
0.27848994853537784	0.7215100514646218
0.2817762334529863	0.7182237665470134
0.2790532207801679	0.7209467792198317
0.2905340396726792	0.7094659603273205
0.2744173506356721	0.7255826493643276
0.27704110139049665	0.722958898609503
0.2684422074494279	0.7315577925505717
0.27504167427815707	0.7249583257218426
0.2910588382359304	0.7089411617640693
0.2815606705872376	0.718439329412762
0.2862520892534113	0.7137479107465884
0.2755219703648523	0.7244780296351474
0.27286989773377135	0.7271301022662283
0.2803020246399639	0.7196979753600358
0.28405046018579216	0.7159495398142075
0.2701626920796986	0.7298373079203011
0.2758205497886065	0.7241794502113932
0.2791622971100346	0.7208377028899651
0.28610435099897347	0.7138956490010262
0.2815274518241236	0.718472548175876
0.2871432104468108	0.7128567895531889
0.2715080952830001	0.7284919047169995
0.2769952271077426	0.7230047728922571
0.27995593221615167	0.720044067783848
0.27481632732847217	0.7251836726715275
0.27484840587081927	0.7251515941291804
0.28492584930092457	0.7150741506990751
0.2884217168021914	0.7115782831978082
0.2669902354561876	0.7330097645438121
0.2876123277689393	0.7123876722310604
0.26600627272431904	0.7339937272756807
0.28153090392073865	0.718469096079261
0.2752200601574049	0.7247799398425947
0.270762283133742	0.7292377168662576
0.2713718232597545	0.7286281767402452
0.2876796910232532	0.7123203089767465
0.2887967686232529	0.7112032313767468
0.2668643625895494	0.7331356374104503
0.28652896886134654	0.7134710311386532
0.2830713096093922	0.7169286903906075
0.27664202892469525	0.7233579710753044
0.2843448763064509	0.7156551236935488
0.2851217955509422	0.7148782044490575
0.2915639884844551	0.7084360115155446
0.2791519337833288	0.7208480662166709
0.2887924338073443	0.7112075661926553
0.270527066218258	0.7294729337817416
0.2661251824893558	0.7338748175106439
0.26947062070026917	0.7305293792997305
0.276111002274274	0.7238889977257257
0.2818059345642569	0.7181940654357428
0.28585885420205576	0.7141411457979439
0.2685611721458332	0.7314388278541665
0.2737845287954259	0.7262154712045737
0.2858549140462193	0.7141450859537803
0.268349406182292	0.7316505938177076
0.29021964257503685	0.7097803574249628
0.2677661173520328	0.7322338826479668
0.2767843878479702	0.7232156121520295
0.2715159607950147	0.728484039204985
0.2904671906568025	0.7095328093431972
0.2746160919427727	0.725383908057227
0.27615966038316364	0.723840339616836
0.2817571166359153	0.7182428833640844
0.28196526791987786	0.7180347320801218
0.2772731859868713	0.7227268140131284
0.2709657280609954	0.7290342719390043
0.28136590663102207	0.7186340933689777
0.27058907803175536	0.7294109219682443
0.272989457764684	0.7270105422353157
0.28460166547742155	0.7153983345225781
0.2809219441658568	0.7190780558341429
0.2879954882747068	0.7120045117252929
0.28037397168151346	0.7196260283184862
0.28126773767877167	0.718732262321228
0.26703733759540094	0.7329626624045987
0.2661892926979612	0.7338107073020385
0.27800785201911093	0.7219921479808887
0.27886382769138685	0.7211361723086128
0.2728670249903001	0.7271329750096995
0.2665049490397675	0.7334950509602322
0.2671472327304155	0.7328527672695841
0.29132345665142834	0.7086765433485713
0.2842528892346472	0.7157471107653525
0.28394741977959437	0.7160525802204053
0.27827499858515203	0.7217250014148476
0.2743255984256679	0.7256744015743317
0.269203740563278	0.7307962594367217
0.2688335573823494	0.7311664426176503
0.27874553888463205	0.7212544611153676
0.2797182781577535	0.7202817218422461
0.2708248380950161	0.7291751619049835
0.2894403886608457	0.7105596113391539
0.285429917226643	0.7145700827733567
0.28233690167228875	0.7176630983277109
0.2761301212287779	0.7238698787712218
0.27760239035863044	0.7223976096413692
0.28454315532122515	0.7154568446787746
0.2826243130220065	0.7173756869779931
0.2809038775352042	0.7190961224647955
0.2911933882345027	0.708806611765497
0.28209709461260324	0.7179029053873964
0.2739400750403761	0.7260599249596236
0.2740280959507595	0.7259719040492402
0.27124340687965554	0.7287565931203441
0.28108902760807875	0.7189109723919209
0.2767779262109416	0.723222073789058
0.28918457115010393	0.7108154288498958
0.2677466624867605	0.7322533375132392
0.291246758770879	0.7087532412291206
0.29086047821767924	0.7091395217823204
0.2720806089784221	0.7279193910215775
0.2861603370280628	0.7138396629719368
0.26902778069978517	0.7309722193002145
0.2742030957075099	0.7257969042924898
0.28278960788124424	0.7172103921187554
0.2868462152315966	0.7131537847684031
0.2829079710392264	0.7170920289607733
0.2751609887031219	0.7248390112968778
0.2707602373424617	0.729239762657538
0.2828590891134684	0.7171409108865312
0.2792569824983118	0.7207430175016878
0.27376741403237215	0.7262325859676275
0.2905919382884157	0.709408061711584
0.28433065319799705	0.7156693468020026
0.2834005703173454	0.7165994296826543
0.28195849062502654	0.7180415093749731
0.2848253698328051	0.7151746301671946
0.28600618036786074	0.7139938196321389
0.27985817277265124	0.7201418272273484
0.28444169335222746	0.7155583066477722
0.2770789610196568	0.7229210389803429
0.2909954220773374	0.7090045779226622
0.2774767286791857	0.722523271320814
0.2762404093972898	0.7237595906027099
0.2823808011364536	0.7176191988635461
0.269002358993918	0.7309976410060817
0.28915141086291807	0.7108485891370816
0.2710734317789625	0.7289265682210372
0.27310756138132286	0.7268924386186768
0.2850012368613023	0.7149987631386974
0.28545207746583434	0.7145479225341653
0.278146015274076	0.7218539847259237
0.27257534179867016	0.7274246582013295
0.2838455712555068	0.7161544287444929
0.2903112910532407	0.709688708946759
0.2887177442138017	0.711282255786198
0.27033537918853323	0.7296646208114664
0.27972502647180386	0.7202749735281958
0.2908207974593673	0.7091792025406324
0.2837302721496643	0.7162697278503354
0.27476805179838487	0.7252319482016147
0.28881761516062215	0.7111823848393775
0.26729522660370897	0.7327047733962907
0.2762445447195749	0.7237554552804248
0.28945335172803466	0.710546648271965
0.2715173003203734	0.7284826996796263
0.28904699347463014	0.7109530065253695
0.2825212041931866	0.7174787958068131
0.28656256750309295	0.7134374324969067
0.27153300497173904	0.7284669950282606
0.2739554607958139	0.7260445392041858
0.28347829848116146	0.7165217015188382
0.2906160542022047	0.709383945797795
0.28320540995578153	0.7167945900442181
0.28484735286408824	0.7151526471359114
0.2874946065440885	0.7125053934559111
0.2775292097062604	0.7224707902937393
0.27629700737047813	0.7237029926295215
0.26663847843307276	0.7333615215669269
0.2856964351969318	0.7143035648030679
0.2890013668807397	0.7109986331192599
0.28670019751767895	0.7132998024823207
0.28808570080769824	0.7119142991923014
0.2843464392783612	0.7156535607216385
0.2829841894460019	0.7170158105539978
0.288496852951566	0.7115031470484336
0.27814407073501435	0.7218559292649853
0.28811050091191237	0.7118894990880873
0.27312289082701946	0.7268771091729802
0.2755784984719519	0.7244215015280477
0.2687418253725352	0.7312581746274645
0.2664564722854591	0.7335435277145406
0.2739308702070671	0.7260691297929326
0.28779835333253123	0.7122016466674684
0.2703170873490437	0.729682912650956
0.2754905262122345	0.7245094737877651
0.2828737964100942	0.7171262035899055
0.2767350570989785	0.7232649429010212
0.27526979396160967	0.72473020603839
0.2873469669991463	0.7126530330008534
0.2677483440777381	0.7322516559222616
0.2889767004583219	0.7110232995416778
0.27297296736507326	0.7270270326349264
0.28888136902888206	0.7111186309711176
0.2852734012821643	0.7147265987178354
0.2739119906460209	0.7260880093539788
0.2707533766379239	0.7292466233620758
0.28458511026155564	0.715414889738444
0.28394370518286616	0.7160562948171335
0.2812811460191763	0.7187188539808234
0.2781507960349409	0.7218492039650588
0.26628031217074555	0.7337196878292541
0.27634428528582633	0.7236557147141733
0.28094486476716485	0.7190551352328348
0.2751841989006776	0.7248158010993221
0.27860464104503	0.7213953589549696
0.267254760488584	0.7327452395114157
0.2705135223263807	0.729486477673619
0.28862280787821776	0.711377192121782
0.288588987838042	0.7114110121619577
0.28500155087778234	0.7149984491222173
0.2830447629130899	0.7169552370869098
0.2866823709000837	0.7133176290999159
0.2701642598997719	0.7298357401002278
0.2867148843199092	0.7132851156800905
0.27452277669281855	0.7254772233071811
0.2826494009812137	0.717350599018786
0.2798027067951654	0.7201972932048343
0.26897497152911776	0.7310250284708819
0.2836958740760308	0.7163041259239689
0.28194010986411894	0.7180598901358808
0.281306641388093	0.7186933586119066
0.2866130449892883	0.7133869550107114
0.2803347694988789	0.7196652305011207
0.28256360671491115	0.7174363932850885
0.2703026922142342	0.7296973077857655
0.28208503833131604	0.7179149616686836
0.28272702755091583	0.7172729724490838
0.26906411441323547	0.7309358855867643
0.27116883771569944	0.7288311622843002
0.27563097593189606	0.7243690240681036
0.26955050148265003	0.7304494985173496
0.2690614549031753	0.7309385450968244
0.28708468329979464	0.712915316700205
0.27354269250755475	0.726457307492445
0.2782911894017379	0.7217088105982618
0.2865738252406106	0.7134261747593891
0.27223030553972316	0.7277696944602765
0.26816966640797124	0.7318303335920284
0.28573113227625485	0.7142688677237448
0.28442412827004293	0.7155758717299567
0.27809761176553893	0.7219023882344607
0.28584682535566275	0.7141531746443369
0.27998565093113587	0.7200143490688637
0.2872576714752112	0.7127423285247885
0.27039609560229694	0.7296039043977027
0.2795502719340861	0.7204497280659136
0.2676112697847542	0.7323887302152454
0.27736213496159157	0.7226378650384081
0.26982821136905344	0.7301717886309462
0.28073342061263695	0.7192665793873627
0.2815942251987822	0.7184057748012175
0.2697012920523237	0.7302987079476759
0.2705605069249151	0.7294394930750845
0.27658735632384956	0.7234126436761501
0.27543490475360966	0.72456509524639
0.2822335370478972	0.7177664629521024
0.2693163601444674	0.7306836398555323
0.27991718776362307	0.7200828122363766
0.28310890130718036	0.7168910986928193
0.2752824535204178	0.7247175464795819
0.27312298573751015	0.7268770142624895
0.278702771035085	0.7212972289649147
0.2847281590175159	0.7152718409824838
0.2873383952938884	0.7126616047061113
0.2859943997056694	0.7140056002943302
0.27599249890422073	0.7240075010957789
0.2872569304555537	0.7127430695444459
0.288147222513899	0.7118527774861007
0.2819043329381927	0.7180956670618069
0.278018670913066	0.7219813290869337
0.2864710127915052	0.7135289872084944
0.2886062620804835	0.7113937379195161
0.2916172087305766	0.708382791269423
0.28803791541752777	0.7119620845824719
0.2840988273019157	0.715901172698084
0.27405872814127696	0.7259412718587227
0.2685879555231939	0.7314120444768057
0.27703127823566853	0.7229687217643311
0.2733282500298716	0.7266717499701281
0.27780137484285794	0.7221986251571417
0.2708470631152132	0.7291529368847864
0.2831828272218938	0.7168171727781059
0.2679535968397957	0.732046403160204
0.2757917010649238	0.7242082989350759
0.2692108067241369	0.7307891932758628
0.2902610429379147	0.7097389570620849
0.2779272608317339	0.7220727391682658
0.2857576204973281	0.7142423795026716
0.282423795823763	0.7175762041762367
0.26678518183008304	0.7332148181699166
0.2715998775407802	0.7284001224592195
0.2902306655726973	0.7097693344273024
0.2901208838626589	0.7098791161373408
0.28674984701296796	0.7132501529870316
0.2756943028468155	0.7243056971531842
0.28927588260938514	0.7107241173906145
0.27220545767321097	0.7277945423267886
0.28081975908948614	0.7191802409105135
0.27029905080666905	0.7297009491933306
0.2675841417249416	0.7324158582750581
0.2715278830883281	0.7284721169116716
0.2702024804350837	0.729797519564916
0.2749730588879152	0.7250269411120844
0.2910564589031487	0.708943541096851
0.2701612735511345	0.7298387264488652
0.2763063753314198	0.7236936246685799
0.28094040074873416	0.7190595992512655
0.27997119742881704	0.7200288025711826
0.28529917683599526	0.7147008231640044
0.27221390230870784	0.7277860976912918
0.2687221893900293	0.7312778106099704
0.2860433500439684	0.7139566499560313
0.285427896381201	0.7145721036187986
0.2697255126128878	0.7302744873871119
0.26670579299379715	0.7332942070062025
0.28327578503746537	0.7167242149625344
0.26621956672076313	0.7337804332792366
0.2661087071050952	0.7338912928949044
0.28990377317533217	0.7100962268246676
0.2683830389946593	0.7316169610053403
0.2825434782607622	0.7174565217392375
0.2881458234100118	0.7118541765899878
0.28242894283841746	0.7175710571615822
0.2857985467189782	0.7142014532810215
0.28962174113111105	0.7103782588688886
0.27466721640406155	0.7253327835959381
0.2849375846611906	0.715062415338809
0.2838429753776087	0.716157024622391
0.284584930633627	0.7154150693663727
0.282576773442303	0.7174232265576967
0.2767340025111983	0.7232659974888014
0.27895112922453635	0.7210488707754633
0.2688197513700517	0.7311802486299479
0.2899622644802746	0.710037735519725
0.2915373864197388	0.7084626135802609
0.2808189083675308	0.7191810916324688
0.2768580472108194	0.7231419527891803
0.2697277489201406	0.730272251079859
0.27268531063229107	0.7273146893677086
0.27341045316747004	0.7265895468325296
0.2691090967924028	0.7308909032075969
0.287333848871297	0.7126661511287027
0.2856820663642215	0.7143179336357781
0.28992690246831504	0.7100730975316847
0.2703313361894074	0.7296686638105923
0.2778626176289567	0.722137382371043
0.2860807548488064	0.7139192451511933
0.26652465015337534	0.7334753498466243
0.2913071361773376	0.7086928638226621
0.26773706257097635	0.7322629374290233
0.2682486521201286	0.7317513478798711
0.2785093978827733	0.7214906021172264
0.28985074811872863	0.7101492518812711
0.28628206715667376	0.7137179328433259
0.2907438986073987	0.709256101392601
0.2896841502974241	0.7103158497025756
0.2801010535524907	0.719898946447509
0.2899131329802809	0.7100868670197188
0.28014178835804904	0.7198582116419506
0.2885672057097832	0.7114327942902164
0.2795986526772606	0.7204013473227391
0.29110048229103214	0.7088995177089675
0.2670079460858278	0.7329920539141719
0.28657263241246667	0.713427367587533
0.2835744986823031	0.7164255013176966
0.28043081051048446	0.7195691894895152
0.27717230650798075	0.7228276934920189
0.2713543051958806	0.7286456948041191
0.28244296144832115	0.7175570385516785
0.2690946948434679	0.7309053051565317
0.2812078272691767	0.718792172730823
0.27658880898365185	0.7234111910163479
0.2833515573017493	0.7166484426982503
0.26794379783339084	0.7320562021666088
0.2693299596514893	0.7306700403485104
0.2685230277962872	0.7314769722037124
0.2871050133622076	0.712894986637792
0.27992089337396286	0.7200791066260368
0.271030270493833	0.7289697295061667
0.28768449036392185	0.7123155096360778
0.2891298255624474	0.7108701744375523
0.27715199690768577	0.7228480030923139
0.28423871406916723	0.7157612859308324
0.2677862288467305	0.7322137711532692
0.28538623444542915	0.7146137655545706
0.27407704190391013	0.7259229580960895
0.26751915902124374	0.732480840978756
0.2745611977288826	0.7254388022711171
0.26635075010499154	0.7336492498950081
0.2861263427217824	0.7138736572782173
0.2672573441655802	0.7327426558344194
0.28872860238636444	0.7112713976136352
0.26891875221821804	0.7310812477817816
0.28467276993295265	0.715327230067047
0.2728975295892157	0.727102470410784
0.272205534301227	0.7277944656987727
0.27400827048324505	0.7259917295167546
0.2824792770082386	0.7175207229917611
0.284290005346905	0.7157099946530947
0.28527338052823165	0.7147266194717681
0.2683247441533068	0.7316752558466928
0.2874069620801522	0.7125930379198475
0.26909843483667983	0.7309015651633198
0.2780321375426581	0.7219678624573416
0.28528248304263315	0.7147175169573665
0.2724799435721682	0.7275200564278315
0.28747825317065345	0.7125217468293462
0.2911203547196478	0.7088796452803519
0.27056895426374855	0.7294310457362512
0.290850338467346	0.7091496615326537
0.26746937096944645	0.7325306290305532
0.268093970503106	0.7319060294968937
0.28531101495583344	0.7146889850441662
0.28170654455303973	0.71829345544696
0.26915598629011117	0.7308440137098885
0.2785480539540016	0.721451946045998
0.2729971526295105	0.7270028473704891
0.2810445311896315	0.7189554688103681
0.26844046235171576	0.731559537648284
0.27148057977961404	0.7285194202203856
0.2748201647988753	0.7251798352011244
0.2916773284499651	0.7083226715500346
0.2777113256189015	0.7222886743810981
0.28235279778597244	0.7176472022140272
0.27463745449329346	0.7253625455067062
0.2807189307319107	0.719281069268089
0.2700996822965932	0.7299003177034065
0.2806926903658701	0.7193073096341296
0.27250006006626915	0.7274999399337305
0.2759958991420412	0.7240041008579585
0.2727238386077451	0.7272761613922546
0.2752404906587079	0.7247595093412917
0.2804368496989602	0.7195631503010395
0.28445022804364817	0.7155497719563515
0.2733052481954239	0.7266947518045758
0.2670122375202114	0.7329877624797883
0.2711632917203445	0.7288367082796552
0.2774026955377519	0.7225973044622478
0.27028026798164984	0.7297197320183498
0.27918502075471274	0.7208149792452869
0.2738650740656675	0.7261349259343322
0.27974774499577476	0.720252255004225
0.2746479980176334	0.7253520019823663
0.2729626213046084	0.7270373786953912
0.2667927256549344	0.7332072743450653
0.27890942656906875	0.721090573430931
0.28597109846681534	0.7140289015331843
0.26710287735703636	0.7328971226429633
0.2782703660015371	0.7217296339984626
0.2718068937249186	0.728193106275081
0.2806701015117903	0.7193298984882094
0.26918678901781795	0.7308132109821817
0.2730232796114262	0.7269767203885735
0.2899626810961474	0.7100373189038522
0.27576227371411377	0.7242377262858859
0.2845502505522232	0.7154497494477765
0.27444172102280967	0.7255582789771899
0.28929648632904564	0.7107035136709541
0.27080488070104625	0.7291951192989534
0.28720978470024683	0.7127902152997528
0.2858889459540588	0.7141110540459409
0.2784440219691717	0.721555978030828
0.2752086114184311	0.7247913885815686
0.279772344799603	0.7202276552003967
0.28160704358239547	0.7183929564176041
0.27732052367899174	0.7226794763210079
0.26862360486868864	0.731376395131311
0.290855983975707	0.7091440160242927
0.2764829911878536	0.7235170088121461
0.2781860643471322	0.7218139356528674
0.2787088299218404	0.7212911700781592
0.27015557068350443	0.7298444293164952
0.28825672948846864	0.711743270511531
0.2774819982579224	0.7225180017420773
0.2783203987001961	0.7216796012998036
0.28027088714948456	0.7197291128505151
0.27426003741130656	0.7257399625886931
0.27303705759426394	0.7269629424057358
0.2877730626803108	0.7122269373196889
0.2876568592286758	0.7123431407713239
0.26703188776277925	0.7329681122372205
0.2683799758654769	0.7316200241345228
0.27257572546861186	0.7274242745313878
0.2794264540128295	0.7205735459871702
0.2786386248844851	0.7213613751155146
0.2806423678979455	0.7193576321020542
0.26652281867874644	0.7334771813212533
0.28064470934293073	0.7193552906570689
0.2802937264377215	0.7197062735622781
0.28955064226471716	0.7104493577352825
0.2685992362408664	0.7314007637591333
0.26775875469265453	0.7322412453073451
0.2747762473591477	0.725223752640852
0.26845662502211864	0.731543374977881
0.26671076677035505	0.7332892332296446
0.28147577946549207	0.7185242205345076
0.2672306503618209	0.7327693496381787
0.269316767022652	0.7306832329773476
0.28541540450164077	0.714584595498359
0.28221899199339445	0.7177810080066052
0.28484053967940237	0.7151594603205973
0.2730843716385279	0.7269156283614717
0.2700171367244137	0.729982863275586
0.28772887166172784	0.7122711283382719
0.26994171043437487	0.7300582895656248
0.28547195015175153	0.7145280498482481
0.271995921592216	0.7280040784077837
0.2797568747653302	0.7202431252346695
0.2696284980670054	0.7303715019329943
0.2813759690950157	0.718624030904984
0.2820071926051793	0.7179928073948203
0.26923884804875325	0.7307611519512465
0.27635818720505745	0.7236418127949422
0.28222185170496394	0.7177781482950357
0.2684810609058972	0.7315189390941025
0.2814016753789978	0.7185983246210019
0.28172245335940455	0.7182775466405951
0.27448532447167	0.7255146755283297
0.2736257208264204	0.7263742791735792
0.2773655452395035	0.7226344547604961
0.2770674084198844	0.7229325915801152
0.2831691326495936	0.716830867350406
0.29071101836618274	0.7092889816338169
0.26968417564671554	0.7303158243532841
0.2685878207363614	0.7314121792636383
0.27263365427397	0.7273663457260297
0.27741739279097866	0.722582607209021
0.2668239564920136	0.733176043507986
0.2692142029640307	0.730785797035969
0.2735457963911427	0.726454203608857
0.271666653365941	0.7283333466340587
0.2711878351360861	0.7288121648639136
0.2784384094293944	0.7215615905706052
0.28267494864839937	0.7173250513516003
0.2776211241950969	0.7223788758049028
0.28191826935015696	0.7180817306498427
0.26679523443899555	0.7332047655610041
0.2895812117345824	0.7104187882654173
0.2889818424269433	0.7110181575730563
0.2806657696943693	0.7193342303056304
0.26649754375219314	0.7335024562478065
0.27639085384802575	0.7236091461519739
0.2823865583282149	0.7176134416717848
0.2722775781678926	0.727722421832107
0.27537500605872456	0.7246249939412751
0.27775736196032363	0.722242638039676
0.280348102617351	0.7196518973826487
0.28218958557747437	0.7178104144225252
0.2692894545253795	0.7307105454746201
0.2731857042068101	0.7268142957931896
0.2858764935182432	0.7141235064817565
0.28602461990849226	0.7139753800915074
0.26948507329641036	0.7305149267035893
0.269238128555417	0.7307618714445827
0.27260534285145455	0.7273946571485451
0.27573632213359867	0.724263677866401
0.2824000168290456	0.7175999831709541
0.26850242973976046	0.7314975702602392
0.27873910018395215	0.7212608998160475
0.2793749564889546	0.7206250435110451
0.2895601802917058	0.7104398197082938
0.2786435915517089	0.7213564084482907
0.2826519479049125	0.7173480520950872
0.28290186546475476	0.717098134535245
0.28741430000029733	0.7125856999997023
0.27486382464093606	0.7251361753590636
0.27718478217813647	0.7228152178218632
0.2741936962286262	0.7258063037713735
0.29046301728558716	0.7095369827144125
0.28363217089144943	0.7163678291085502
0.2711271676243454	0.7288728323756543
0.27374311055385236	0.7262568894461473
0.2831224411434403	0.7168775588565593
0.2821845528920044	0.7178154471079953
0.28926106410638597	0.7107389358936137
0.2730704327583109	0.7269295672416888
0.2815533219944564	0.7184466780055433
0.2893332113652116	0.710666788634788
0.26875835600402614	0.7312416439959735
0.2770985783465845	0.7229014216534151
0.26733460657709807	0.7326653934229016
0.28001011415599425	0.7199898858440055
0.29006493520000687	0.7099350647999928
0.2732601464675277	0.726739853532472
0.28643713436821994	0.7135628656317797
0.2880703245297128	0.7119296754702868
0.2890733447546987	0.710926655245301
0.2893477966297886	0.7106522033702111
0.2741948704138418	0.7258051295861578
0.2715058445628764	0.7284941554371233
0.27629571381145096	0.7237042861885488
0.2667711500289597	0.73322884997104
0.2737344483288842	0.7262655516711154
0.28683411642133483	0.7131658835786648
0.2678050614038414	0.7321949385961583
0.28593700944216593	0.7140629905578337
0.26995406021934626	0.7300459397806534
0.29061186788059834	0.7093881321194013
0.2846442153407085	0.7153557846592912
0.2807476004612479	0.7192523995387518
0.2849359708167807	0.715064029183219
0.2852437893322254	0.7147562106677743
0.2883477717225759	0.7116522282774238
0.2721190282673804	0.7278809717326193
0.2757550683932224	0.7242449316067773
0.28727111528814897	0.7127288847118507
0.279445080170708	0.7205549198292917
0.2709169157188923	0.7290830842811074
0.28077055512840626	0.7192294448715935
0.2836066065980286	0.7163933934019711
0.266293812385092	0.7337061876149077
0.285710719267411	0.7142892807325887
0.26669579149833006	0.7333042085016697
0.2711220543368084	0.7288779456631913
0.266738479413558	0.7332615205864417
0.2705994961296593	0.7294005038703404
0.2708502094160391	0.7291497905839606
0.2666973113176657	0.733302688682334
0.2881748266610159	0.7118251733389838
0.2855412654219651	0.7144587345780345
0.2716188096332851	0.7283811903667146
0.27707467213928383	0.7229253278607158
0.2793332157480465	0.7206667842519532
0.2888341754204257	0.711165824579574
0.28524666235669216	0.7147533376433075
0.26864924341583746	0.7313507565841622
0.29011930268407116	0.7098806973159285
0.2810622115237143	0.7189377884762853
0.2858882684770779	0.7141117315229217
0.2787649567164716	0.721235043283528
0.26853703881241814	0.7314629611875816
0.27013199852870784	0.7298680014712918
0.28808006635221167	0.7119199336477879
0.28005084755681336	0.7199491524431862
0.2695853975700021	0.7304146024299976
0.2816412992130125	0.7183587007869872
0.27039446538495193	0.7296055346150477
0.27821510992438636	0.7217848900756133
0.2744749294469201	0.7255250705530796
0.2776161213672728	0.7223838786327268
0.2857079276274618	0.7142920723725379
0.2687417562954848	0.7312582437045149
0.27778792272313013	0.7222120772768695
0.28865544507791097	0.7113445549220887
0.28819933355246863	0.711800666447531
0.2800253070112636	0.7199746929887361
0.2663764375288237	0.733623562471176
0.27734718251142354	0.7226528174885761
0.26695786340737293	0.7330421365926267
0.2724375117919523	0.7275624882080474
0.2666183053425796	0.7333816946574201
0.29072720590805934	0.7092727940919403
0.2825586370119658	0.7174413629880338
0.2890511051822154	0.7109488948177842
0.291588474651966	0.7084115253480336
0.28212164437826137	0.7178783556217383
0.28581344363313055	0.7141865563668691
0.2836610765794176	0.7163389234205821
0.2760181382992817	0.723981861700718
0.2729150246069143	0.7270849753930854
0.2748990010019706	0.725100998998029
0.2844133723817368	0.7155866276182629
0.2789967913960551	0.7210032086039446
0.2908470060960757	0.709152993903924
0.2830858810885031	0.7169141189114966
0.27530690820480885	0.7246930917951908
0.26815505989866917	0.7318449401013305
0.2714168793380337	0.728583120661966
0.2779786299198449	0.7220213700801548
