0.5099164330794176	0.4900835669205821
0.5097400334423489	0.49025996655765086
0.5101498511907387	0.489850148809261
0.5098954380938555	0.49010456190614415
0.5099336114794679	0.4900663885205318
0.5101286406347268	0.4898713593652728
0.5101289660576771	0.4898710339423226
0.509979011149155	0.49002098885084466
0.5098078519445255	0.4901921480554741
0.5098118674638318	0.4901881325361679
0.5099082649091274	0.4900917350908723
0.5098064249424441	0.49019357505755556
0.5099097543145098	0.4900902456854898
0.5100038217283229	0.48999617827167674
0.5099866972677761	0.49001330273222354
0.509816996226557	0.4901830037734427
0.5098835079599632	0.49011649204003643
0.5098934533979859	0.49010654660201375
0.5100071656105402	0.48999283438945945
0.5097883533936678	0.49021164660633193
0.5098975645368737	0.49010243546312593
0.5098131267064573	0.4901868732935423
0.5100578075847791	0.4899421924152205
0.5101043283265742	0.48989567167342546
0.5097214268968014	0.4902785731031982
0.5101450425847488	0.4898549574152509
0.5098276276550685	0.49017237234493116
0.5101250710384634	0.4898749289615362
0.5097509253516819	0.49024907464831785
0.5097662911397197	0.49023370886027995
0.5099001900623837	0.4900998099376159
0.509916386204567	0.4900836137954327
0.5100950309903918	0.48990496900960784
0.5100853602883588	0.4899146397116408
0.5097690891477276	0.49023091085227205
0.5098020983717714	0.4901979016282283
0.509902933092728	0.49009706690727156
0.5098381133225559	0.4901618866774438
0.5099995437635291	0.49000045623647065
0.5099289373599758	0.49007106264002387
0.5097743347231242	0.4902256652768755
0.5099682336470288	0.49003176635297085
0.5099736309933695	0.49002636900663027
0.5097702737543162	0.49022972624568356
0.5100309341682372	0.4899690658317624
0.5100307534210228	0.4899692465789769
0.5097007490918378	0.4902992509081618
0.5100963942615349	0.4899036057384648
0.5099826858191545	0.49001731418084515
0.5097032358278036	0.49029676417219603
0.509881062136605	0.49011893786339467
0.5098790622538417	0.490120937746158
0.5100800260067135	0.4899199739932861
0.5098391156632435	0.4901608843367562
0.5101035323529566	0.48989646764704303
0.5099827369300569	0.4900172630699428
0.510141251327229	0.48985874867277074
0.5100454822609146	0.48995451773908505
0.5097134539016714	0.4902865460983283
0.5100424650528267	0.4899575349471729
0.5099031479808322	0.4900968520191674
0.5099401701005665	0.4900598298994332
0.509921740938049	0.4900782590619507
0.5099748617375188	0.4900251382624808
0.5097318581352885	0.4902681418647111
0.5097068549393955	0.49029314506060423
0.5098035475062505	0.49019645249374927
0.5097859135226404	0.49021408647735926
0.5098729171319556	0.4901270828680441
0.5098439052448062	0.4901560947551935
0.509797010844177	0.49020298915582267
0.5097928714572925	0.49020712854270726
0.5099870485330553	0.49001295146694435
0.5100746110583831	0.4899253889416165
0.5101355516510453	0.4898644483489543
0.5099658532365635	0.49003414676343615
0.5100209904534984	0.48997900954650125
0.5098723607060299	0.4901276392939697
0.5099918473308935	0.4900081526691062
0.5099257969014329	0.49007420309856675
0.5097853643224558	0.4902146356775439
0.5100551886334116	0.4899448113665881
0.510042425465233	0.4899575745347666
0.5099071477476226	0.49009285225237714
0.5100007549816682	0.4899992450183315
0.5099111686198718	0.4900888313801279
0.5099662945351987	0.490033705464801
0.5098940117737614	0.49010598822623835
0.5097760807039481	0.49022391929605164
0.5098815970432858	0.4901184029567139
0.5100596292885159	0.4899403707114838
0.5100363173738441	0.48996368262615553
0.5099380593486231	0.49006194065137654
0.509829633968877	0.49017036603112263
0.5097898006357787	0.49021019936422094
0.5098487442787715	0.49015125572122814
0.509995910445998	0.49000408955400165
0.5099121131043287	0.490087886895671
0.5097143871307158	0.49028561286928385
0.5099795226126614	0.4900204773873383
0.5097189427388308	0.49028105726116894
0.5097795384188463	0.4902204615811534
0.510062830429885	0.4899371695701147
0.5100257950520637	0.489974204947936
0.5098234232873622	0.4901765767126375
0.5100627656308602	0.4899372343691395
0.5100187836153143	0.48998121638468545
0.5098609575693281	0.4901390424306715
0.5099361464665815	0.4900638535334182
0.509706383104204	0.49029361689579565
0.5098541229712942	0.4901458770287055
0.5099598756869614	0.4900401243130383
0.5099485664691892	0.4900514335308105
0.5101631946351284	0.48983680536487134
0.5097507524456385	0.49024924755436117
0.5099957489000352	0.4900042510999645
0.5097115361608099	0.4902884638391898
0.5100244079507604	0.4899755920492392
0.510125912718041	0.48987408728195875
0.5097564407093118	0.49024355929068786
0.5098365918495947	0.4901634081504049
0.509808484154067	0.4901915158459327
0.5100176607609462	0.48998233923905343
0.5097409650501975	0.49025903494980216
0.5099080382697323	0.4900919617302673
0.509955290195302	0.4900447098046977
0.5101200482604367	0.48987995173956306
0.509698705593274	0.49030129440672565
0.5099735156547174	0.49002648434528234
0.5097861419722186	0.49021385802778106
0.5097809151910173	0.4902190848089824
0.5099971499263621	0.4900028500736376
0.5097876391795246	0.490212360820475
0.5101510388700412	0.48984896112995846
0.5101073052282266	0.4898926947717731
0.5101650685951108	0.4898349314048889
0.510063149438944	0.48993685056105557
0.5100036414851649	0.48999635851483486
0.5101004604847663	0.48989953951523335
0.5101272622965433	0.4898727377034564
0.510032750242015	0.48996724975798467
0.5098994500885999	0.49010054991139973
0.5098456117367698	0.4901543882632298
0.5097324628025844	0.4902675371974152
0.5100410111615047	0.48995898883849504
0.5101625541133523	0.4898374458866474
0.5097606045568693	0.4902393954431304
0.5100043270133632	0.48999567298663654
0.5100066915992559	0.48999330840074373
0.5097802515468218	0.4902197484531779
0.5097581934960143	0.49024180650398547
0.509769105564306	0.4902308944356936
0.5097660748810017	0.490233925118998
0.5098555612279322	0.4901444387720675
0.510012205894181	0.48998779410581866
0.5098781754922945	0.49012182450770514
0.5096972619411644	0.4903027380588353
0.5098178942573308	0.4901821057426688
0.5101194240009168	0.4898805759990828
0.5101118296710704	0.4898881703289293
0.5098364954623448	0.49016350453765484
0.5099082877714551	0.4900917122285445
0.5101487070998494	0.4898512929001502
0.5097962488519233	0.49020375114807635
0.5100301548743192	0.4899698451256804
0.5098018970499716	0.49019810295002814
0.5097028628020213	0.4902971371979784
0.5100397041259972	0.4899602958740025
0.5100926949582746	0.4899073050417251
0.5100422947878455	0.48995770521215415
0.5098783381774831	0.49012166182251654
0.5096996463329094	0.49030035366709024
0.5097823413983696	0.49021765860162997
0.5099641265077666	0.4900358734922331
0.5099121957582214	0.4900878042417783
0.5098145227942059	0.4901854772057937
0.5098928254868336	0.4901071745131661
0.5097984193832709	0.49020158061672875
0.5101545944935321	0.4898454055064676
0.5100641583182786	0.48993584168172116
0.5101090985237661	0.48989090147623354
0.5097452218337702	0.4902547781662295
0.5097867501037058	0.49021324989629383
0.5098025566481765	0.4901974433518232
0.5101640413953508	0.48983595860464896
0.5097777315234663	0.49022226847653344
0.5099232078603715	0.4900767921396282
0.5097926332931417	0.49020736670685794
0.5100598032027843	0.48994019679721534
0.5100050869144329	0.4899949130855667
0.5099926995785812	0.49000730042141843
0.5098755397281249	0.49012446027187473
0.5098132108060844	0.49018678919391523
0.5101010233778882	0.48989897662211146
0.5097032170907537	0.490296782909246
0.510121830608822	0.4898781693911777
0.5098033522558414	0.4901966477441582
0.5101203191594815	0.48987968084051814
0.5100525650071854	0.48994743499281423
0.5097145326287305	0.4902854673712692
0.5100936079839549	0.4899063920160448
0.5097597409056654	0.4902402590943342
0.510069421930598	0.48993057806940166
0.5097483361235547	0.490251663876445
0.5097443416759302	0.4902556583240695
0.5098515045942946	0.490148495405705
0.5100825686866766	0.4899174313133231
0.5100120884782462	0.48998791152175347
0.5099703849292186	0.490029615070781
0.509871688469936	0.49012831153006364
0.5097450911245347	0.490254908875465
0.51016512505205	0.4898348749479497
0.5097974720563461	0.49020252794365354
0.5100141248003838	0.48998587519961595
0.5098619785570375	0.49013802144296215
0.5099855086406516	0.4900144913593481
0.5100101232967359	0.48998987670326377
0.5099343335348397	0.49006566646516
0.5098768434398256	0.490123156560174
0.509961268927537	0.4900387310724626
0.5098391130087824	0.49016088699121735
0.5100767095317322	0.48992329046826744
0.5099755893743724	0.4900244106256273
0.5098851107859805	0.4901148892140191
0.5098784335359091	0.49012156646409055
0.5097370589500696	0.49026294104993007
0.5100639257943966	0.48993607420560303
0.5101653116880452	0.4898346883119544
0.5098355598989538	0.49016444010104593
0.509728703035253	0.4902712969647467
0.5101255939757657	0.4898744060242339
0.5100480570129375	0.4899519429870621
0.5100295932577701	0.4899704067422296
0.5097566227036238	0.49024337729637585
0.5097661642219455	0.49023383577805413
0.5098167122537242	0.4901832877462755
0.5100485867332166	0.489951413266783
0.5098607167319072	0.4901392832680925
0.5100617113844835	0.48993828861551614
0.5097708463604984	0.49022915363950126
0.5100297184502447	0.48997028154975497
0.509936679517	0.49006332048299966
0.5099014787092206	0.49009852129077897
0.5099338546400319	0.4900661453599677
0.5100723901740809	0.48992760982591876
0.5097976594037145	0.4902023405962852
0.5100671565423928	0.48993284345760696
0.5097149822319768	0.4902850177680229
0.5098418760739754	0.4901581239260243
0.5100732572586167	0.48992674274138287
0.5100343294140655	0.4899656705859342
0.5098518548615949	0.4901481451384047
0.5098224608749696	0.49017753912503
0.5100653215472903	0.48993467845270927
0.5099135776763308	0.49008642232366884
0.5098361317744755	0.4901638682255241
0.510131591710266	0.4898684082897337
0.5096949782755169	0.49030502172448276
0.5099538334828909	0.49004616651710875
0.5099861500775108	0.49001384992248886
0.510096145331618	0.48990385466838166
0.5099310181935001	0.49006898180649955
0.5098727126071193	0.49012728739288036
0.5098140026909793	0.4901859973090204
0.5097065233432108	0.49029347665678896
0.510141824993818	0.4898581750061817
0.5098131714598081	0.4901868285401916
0.5101501512138689	0.48984984878613086
0.5101211309820923	0.4898788690179074
0.5098758173744212	0.4901241826255785
0.5098805553205035	0.49011944467949625
0.510007133413563	0.48999286658643676
0.5099626194443461	0.4900373805556536
0.5101136256229611	0.4898863743770386
0.5097424194374711	0.4902575805625285
0.5099904389003423	0.49000956109965726
0.5099776578591932	0.4900223421408064
0.5097656354388447	0.49023436456115504
0.5099063605406903	0.49009363945930945
0.5099200966339589	0.4900799033660408
0.510150489705691	0.4898495102943087
0.5098229442651476	0.4901770557348521
0.5100183723261946	0.48998162767380504
0.5098363519064362	0.4901636480935635
0.5100322262979904	0.48996777370200933
0.5098763023398943	0.49012369766010533
0.5100873284799159	0.4899126715200838
0.5097012651278309	0.4902987348721688
0.5098495312728518	0.4901504687271479
0.5098178871610473	0.4901821128389524
0.5097043564759385	0.4902956435240612
0.5099012304161359	0.4900987695838638
0.5100782115180514	0.4899217884819482
0.5100558824945337	0.489944117505466
0.5097994713049396	0.4902005286950601
0.5098990800302694	0.49010091996973026
0.509790945194772	0.49020905480522764
0.5099947012726841	0.4900052987273156
0.5099242436641988	0.49007575633580086
0.5100920409860187	0.489907959013981
0.51003469002938	0.4899653099706197
0.510062701609389	0.4899372983906106
0.5098678908504201	0.49013210914957966
0.5101422476856649	0.48985775231433487
0.5098459522376124	0.49015404776238725
0.5098411861767773	0.49015881382322235
0.5100858461612144	0.4899141538387852
0.5100990753087377	0.489900924691262
0.5100079014300769	0.4899920985699228
0.5098366926183135	0.4901633073816861
0.5100597320215672	0.4899402679784325
0.5098888540422972	0.4901111459577024
0.5099849715692343	0.49001502843076544
0.5098954372401985	0.4901045627598012
0.5098552900193533	0.4901447099806464
0.5099523522918845	0.4900476477081151
0.5097838248266282	0.4902161751733715
0.5100467095797616	0.4899532904202381
0.5099506319463606	0.490049368053639
0.5099343509079344	0.4900656490920653
0.5097901301456996	0.4902098698543001
0.5097918802574749	0.49020811974252476
0.5097711355233004	0.4902288644766992
0.5100202490703551	0.4899797509296446
0.5097118395307283	0.4902881604692713
0.5097077177544513	0.4902922822455483
0.5100607526613407	0.489939247338659
0.5098809189329037	0.49011908106709595
0.5100995476409649	0.48990045235903473
0.5097859567792881	0.4902140432207116
0.5099133370262087	0.49008666297379105
0.5098162839682585	0.4901837160317412
0.5097174169429121	0.4902825830570876
0.5101407559902583	0.4898592440097413
0.5099278139920089	0.4900721860079907
0.5099729983209639	0.49002700167903573
0.5096955632132423	0.4903044367867574
0.5097348516538556	0.4902651483461441
0.5100218577680745	0.48997814223192515
0.5100103124965206	0.489989687503479
0.5101236731323697	0.48987632686762994
0.5101402014991241	0.4898597985008756
0.5098771731536553	0.49012282684634434
0.5097256042593828	0.4902743957406168
0.5099577541959764	0.4900422458040233
0.5100958907555124	0.4899041092444872
0.5097255461267886	0.49027445387321106
0.5101197342073795	0.4898802657926202
0.5098819585663108	0.4901180414336889
0.5100925776033133	0.4899074223966864
0.5098717847670274	0.49012821523297223
0.5099247894943434	0.49007521050565633
0.5100647364481763	0.4899352635518234
0.5099810772913145	0.49001892270868513
0.5101549406029958	0.4898450593970038
0.510116563698986	0.4898834363010137
0.5098840613830316	0.49011593861696817
0.5099604338166953	0.49003956618330435
0.5099790360186849	0.4900209639813148
0.5097494003613728	0.4902505996386268
0.5098869472148378	0.4901130527851618
0.5096991275034577	0.4903008724965419
0.5097146540122498	0.4902853459877499
0.5101095806457504	0.4898904193542492
0.509951357300244	0.4900486426997557
0.5101624600493266	0.489837539950673
0.5096996663516266	0.49030033364837305
0.5100961363022923	0.4899038636977073
0.5098075922837587	0.49019240771624095
0.50986710087316	0.49013289912683966
0.5101315928963301	0.4898684071036696
0.509708250696725	0.4902917493032747
0.5098207115132304	0.49017928848676934
0.5098659749644142	0.4901340250355855
0.5101259608185331	0.48987403918146655
0.5101603189085959	0.48983968109140374
0.510132684040063	0.48986731595993666
0.5097966474447503	0.4902033525552493
0.5101482946777428	0.4898517053222568
0.5097214492739219	0.4902785507260777
0.5100054199593	0.4899945800406996
0.5096967146583669	0.4903032853416328
0.5100268049659225	0.4899731950340772
0.5098459775260457	0.49015402247395395
0.5100360676753455	0.4899639323246542
0.5098995146647772	0.4901004853352224
0.5098486283187504	0.4901513716812492
0.5099063606115252	0.4900936393884745
0.5099628490291551	0.4900371509708446
0.5097038529018473	0.49029614709815234
0.5100538765652542	0.4899461234347454
0.5097633779038869	0.4902366220961127
0.5099835387853379	0.4900164612146618
0.5099654543290447	0.49003454567095495
0.5100430022664704	0.48995699773352924
0.5097170505070937	0.490282949492906
0.5100094990261076	0.4899905009738921
0.5100614744372265	0.48993852556277323
0.5099107009090976	0.49008929909090204
0.509702336733096	0.49029766326690377
0.5100620916303773	0.4899379083696223
0.5099702365183616	0.490029763481638
0.5098891293982866	0.49011087060171304
0.5098610403570906	0.49013895964290916
0.5100186136132897	0.4899813863867099
0.5101290525545085	0.48987094744549115
0.5096954512459902	0.4903045487540095
0.5098928638698162	0.4901071361301834
0.5100368669086972	0.48996313309130246
0.5101326681024141	0.48986733189758563
0.5097629676810912	0.49023703231890847
0.5099519714221977	0.4900480285778019
0.5099455581536494	0.4900544418463503
0.5100980453301367	0.489901954669863
0.5099276984221075	0.49007230157789217
0.5097393019418408	0.4902606980581588
0.5100839363547234	0.4899160636452763
0.509826188858617	0.4901738111413827
0.509800625660552	0.4901993743394477
0.5099550057821871	0.4900449942178125
0.5101030927530992	0.4898969072469005
0.510024699849751	0.4899753001502487
0.5100119315893408	0.48998806841065884
0.5098336675616765	0.49016633243832325
0.5098472603490072	0.4901527396509925
0.5101666902883483	0.4898333097116514
0.5098075497643394	0.49019245023566027
0.510000373902701	0.4899996260972987
0.5098383596098512	0.4901616403901484
0.5097680314651912	0.4902319685348084
0.5100635059478579	0.48993649405214174
0.5097961199757539	0.4902038800242458
0.5099831966684703	0.4900168033315294
0.5098813829487333	0.4901186170512663
0.5098972359085022	0.49010276409149744
0.5101316109784827	0.48986838902151697
0.5100877486088516	0.489912251391148
0.5099837416635885	0.4900162583364112
0.5100158689464415	0.4899841310535582
0.5100572771764577	0.489942722823542
0.5097640654672316	0.49023593453276804
0.5100240628103585	0.4899759371896411
0.5097230313232554	0.49027696867674425
0.5097193620129511	0.4902806379870486
0.5101128043729966	0.4898871956270031
0.5101350894527107	0.489864910547289
0.5098025893701836	0.49019741062981603
0.5101283611130969	0.48987163888690277
0.5101089249287609	0.4898910750712387
0.5101411712203043	0.4898588287796954
0.509827356879695	0.4901726431203046
0.5100528238629519	0.48994717613704775
0.5099086513247746	0.4900913486752251
0.5101170014088661	0.48988299859113354
0.5097905680729227	0.49020943192707694
0.5100542449520132	0.48994575504798643
0.5101049258385034	0.4898950741614962
0.5100850886962702	0.4899149113037295
0.5101428837614292	0.48985711623857037
0.5097286665434575	0.49027133345654217
0.5100978662844337	0.489902133715566
0.5098847938099281	0.49011520619007154
0.5098030580345955	0.4901969419654042
0.5097942587913025	0.4902057412086972
0.5100133520083643	0.4899866479916354
0.5099845079641342	0.49001549203586553
0.5100601807830855	0.4899398192169142
0.5098852835068203	0.4901147164931794
0.5098168670268707	0.490183132973129
0.5099023701831986	0.490097629816801
0.5098923030229182	0.4901076969770814
0.5099070033249967	0.490092996675003
0.5099030083025103	0.4900969916974893
0.5100010972797949	0.48999890272020474
0.5096931882854194	0.49030681171458024
0.5100427660814337	0.489957233918566
0.5101144024179551	0.48988559758204453
0.5097150202734559	0.49028497972654367
0.5097187476307856	0.4902812523692141
0.5100095530744471	0.48999044692555266
0.5101367505391518	0.4898632494608479
0.5100042804623038	0.48999571953769583
0.5100172571075883	0.4899827428924114
0.5100138905807421	0.48998610941925763
0.5100282199879534	0.48997178001204617
0.5097551789843345	0.49024482101566513
0.5096983842602932	0.49030161573970643
0.5100704501925193	0.4899295498074804
0.5101236517582806	0.48987634824171916
0.5098082117585351	0.4901917882414646
0.5097971472338108	0.49020285276618886
0.5097830368892302	0.4902169631107695
0.5097399315778661	0.49026006842213354
0.51008530209392	0.48991469790607967
0.5100233221010657	0.48997667789893395
0.5098410257714833	0.4901589742285164
0.5100911113139669	0.48990888868603283
0.5101241624009097	0.48987583759909
0.5097904111884148	0.49020958881158483
0.5100268785565143	0.48997312144348537
0.5100376403928195	0.48996235960718015
0.5099221419998705	0.49007785800012915
0.5099433668709723	0.4900566331290274
0.5099113372791413	0.4900886627208584
0.50970620708603	0.49029379291396974
0.5099815065592531	0.49001849344074655
0.5099570177793752	0.4900429822206245
0.5100232141566088	0.4899767858433908
0.5100740590192094	0.4899259409807903
0.51015775767957	0.48984224232042967
0.5100822260427105	0.48991777395728925
0.5099004028388139	0.4900995971611858
0.5101354173804867	0.48986458261951293
0.5098061443095468	0.4901938556904529
0.5098249980329754	0.4901750019670243
0.5097590493566366	0.490240950643363
0.5099727610206797	0.49002723897932005
0.5097660386189813	0.49023396138101843
0.5101038215768615	0.48989617842313815
0.5099851173722205	0.49001488262777915
0.5097026756730768	0.49029732432692286
0.5099967798437339	0.4900032201562657
0.5101007960525243	0.4898992039474754
0.5099741294634764	0.49002587053652324
0.5101643463986926	0.4898356536013071
0.5098773473100198	0.49012265268997995
0.5097923561828016	0.49020764381719806
0.5101085857019618	0.48989141429803784
0.5100485330778133	0.4899514669221864
0.509927664913584	0.49007233508641573
0.5100317392285216	0.489968260771478
0.5098529175988799	0.4901470824011198
0.5098388590561389	0.49016114094386076
0.5101551311526846	0.48984486884731504
0.5100828019837721	0.4899171980162275
0.5099075427518045	0.4900924572481951
0.5097830355933453	0.49021696440665447
0.5101227343331789	0.4898772656668208
0.5098807406935526	0.4901192593064471
0.5100230589946215	0.48997694100537814
0.5097798098228592	0.4902201901771404
0.5098437355843636	0.49015626441563603
0.5098144195708229	0.49018558042917676
0.5097524336924394	0.49024756630756033
0.5098457422345379	0.49015425776546173
0.5097089678293764	0.49029103217062325
0.5101653200033994	0.48983467999660024
0.5099305433571274	0.49006945664287227
0.5100341436501346	0.4899658563498651
0.5098693245388652	0.4901306754611344
0.5097909035103284	0.49020909648967126
0.5100296462344847	0.489970353765515
0.5098384812758119	0.4901615187241878
0.5097718064070426	0.49022819359295705
0.5096967592764947	0.49030324072350495
0.5100868607525267	0.489913139247473
0.509802764130892	0.4901972358691077
0.5097851203118692	0.4902148796881305
0.510082004713606	0.48991799528639374
0.5097977590020023	0.4902022409979974
0.5098185493836154	0.4901814506163843
0.5098592683135619	0.49014073168643774
0.5097782677706172	0.4902217322293825
0.5101470562169483	0.4898529437830513
0.5100591476499728	0.4899408523500269
0.5099296047594774	0.49007039524052226
0.5100580747006369	0.4899419252993627
0.5099871810761247	0.49001281892387494
0.5098007905755827	0.49019920942441697
0.5096991809737726	0.4903008190262271
0.5099342885508764	0.49006571144912325
0.5100852939364473	0.4899147060635524
0.5097958651402584	0.4902041348597413
0.5098866842346731	0.4901133157653265
0.5099428993140298	0.49005710068596986
0.5097921375726314	0.4902078624273682
0.5100807364983728	0.48991926350162684
0.5100056590792081	0.4899943409207916
0.5101092093645119	0.4898907906354878
0.5098891335673951	0.4901108664326046
0.5100206615815616	0.48997933841843816
0.5100456367190188	0.48995436328098085
0.5101155792930692	0.48988442070693056
0.5097153138697966	0.49028468613020304
0.5098040831977061	0.4901959168022936
0.510148596622561	0.4898514033774387
0.5098642125861528	0.4901357874138469
0.5101366554107944	0.4898633445892052
0.5099531843493993	0.4900468156506004
0.5097810276565573	0.49021897234344236
0.5097605016974763	0.4902394983025234
0.5097130583460615	0.49028694165393816
0.5098944778256496	0.4901055221743501
0.5101386324285763	0.4898613675714234
0.509694946951301	0.49030505304869865
0.5100557390730988	0.48994426092690097
0.5100310450631909	0.48996895493680875
0.5098650888641031	0.4901349111358966
0.510045145718208	0.48995485428179164
0.5097751789235396	0.49022482107646004
0.509989357852821	0.4900106421471787
0.510079693694368	0.4899203063056317
0.5099988990411213	0.4900011009588784
0.509712061948764	0.49028793805123566
0.5097962269536969	0.49020377304630275
0.5097546893648345	0.4902453106351652
0.5101572200571524	0.48984277994284725
0.5098812752195695	0.49011872478043017
0.509786410245291	0.49021358975470863
0.5098219495932963	0.4901780504067034
0.5097500630157873	0.4902499369842123
0.509946112722033	0.4900538872779666
0.5098730479379233	0.4901269520620763
0.5101285855608892	0.4898714144391104
0.509977034175086	0.49002296582491367
0.5099261531323123	0.4900738468676874
0.5099709612102211	0.4900290387897785
0.5100478823953633	0.4899521176046364
0.5096926351062172	0.49030736489378246
0.5097779340643528	0.4902220659356468
0.5099204430806984	0.4900795569193013
0.5101110689509203	0.4898889310490793
0.5096995798434415	0.49030042015655817
0.50985519666531	0.49014480333468974
0.5099955318128054	0.4900044681871943
0.5098946290483234	0.4901053709516762
0.5099994462610453	0.4900005537389543
0.5101521849939692	0.48984781500603053
0.5098679736234419	0.49013202637655773
0.5097422602311165	0.4902577397688832
0.5101624944886985	0.4898375055113011
0.5097375398130947	0.490262460186905
0.5098693438086771	0.4901306561913226
0.5100028397263516	0.489997160273648
0.5100699664426499	0.4899300335573497
0.5101572760723632	0.48984272392763656
0.5098504649133996	0.49014953508660014
0.5101459270311248	0.48985407296887484
0.5097041927428199	0.4902958072571798
0.5097448771772215	0.49025512282277817
0.5097778569272672	0.4902221430727325
0.5100552759998409	0.48994472400015876
0.5100303009488472	0.4899696990511525
0.5098674195222966	0.490132580477703
0.5099815177643969	0.49001848223560274
0.5100825337159841	0.48991746628401556
0.5099565707806684	0.4900434292193313
0.509759820938828	0.4902401790611717
0.5100923763321511	0.48990762366784857
0.5100275554246718	0.48997244457532785
0.5097998692571156	0.49020013074288404
0.5101520569751283	0.4898479430248714
0.5101200354503832	0.48987996454961646
0.5098704181051629	0.49012958189483685
0.5100629178633341	0.4899370821366655
0.5098039748904226	0.490196025109577
0.5097392145580936	0.4902607854419061
0.5101151658037641	0.48988483419623546
0.5099905948051591	0.49000940519484054
0.509922140886401	0.49007785911359864
0.5098900603549581	0.4901099396450415
0.509762070325026	0.49023792967497365
0.5099048246897089	0.49009517531029073
0.5097716018435203	0.49022839815647934
0.5098840692434289	0.4901159307565708
0.5097889526276976	0.490211047372302
0.5099260594415912	0.49007394055840847
0.5098568973859257	0.490143102614074
0.5099618027671504	0.49003819723284925
0.510122140656201	0.48987785934379874
0.5100896127739261	0.4899103872260736
0.510119813625323	0.48988018637467673
0.5100010046268145	0.48999899537318514
0.5098342549014029	0.49016574509859684
0.5101030110523819	0.4898969889476178
0.5099601499969137	0.49003985000308586
0.5101491059867285	0.48985089401327114
0.5097788141887938	0.49022118581120583
0.5100666465666324	0.48993335343336725
0.5100198074366976	0.48998019256330205
0.5099212456311999	0.4900787543687998
0.5100484460536525	0.48995155394634715
0.5097010402522482	0.49029895974775156
0.5100922143797934	0.48990778562020626
0.5098900257401618	0.4901099742598378
0.509930871834913	0.4900691281650867
0.5098344688633863	0.4901655311366133
0.5100682327271351	0.48993176727286464
0.5100927289720305	0.48990727102796916
0.5097165018010241	0.4902834981989755
0.5098972793946298	0.4901027206053699
0.5097196693278041	0.4902803306721956
0.5100688521655345	0.4899311478344652
0.5097261696090397	0.4902738303909599
0.5097992717261508	0.49020072827384886
0.5099860779037869	0.4900139220962127
0.509959501817748	0.4900404981822517
0.5097456951981941	0.4902543048018056
0.5097948580164045	0.4902051419835952
0.5097639066337136	0.4902360933662861
0.5098827738895779	0.4901172261104217
0.5097252113712917	0.49027478862870794
0.5101453833032625	0.4898546166967372
0.5098428965246743	0.4901571034753254
0.5100075815435439	0.48999241845645575
0.5098625745913296	0.4901374254086701
0.5099638385518054	0.4900361614481943
0.5100661635560455	0.48993383644395416
0.5098264061300124	0.4901735938699873
0.5099742852979726	0.490025714702027
0.5097430380609339	0.49025696193906576
0.5098626607042324	0.49013733929576725
0.5099129370476102	0.4900870629523894
0.5097067255375142	0.49029327446248544
0.5098535159516822	0.49014648404831757
0.5100248286161239	0.48997517138387575
0.5101072886503133	0.4898927113496863
0.509981681689902	0.4900183183100976
0.5100130717827356	0.4899869282172641
0.5099435708279055	0.49005642917209413
0.5098001130356807	0.49019988696431893
0.5098709196673779	0.49012908033262187
0.5097699502049726	0.4902300497950271
0.5099343963026166	0.49006560369738306
0.5101391718901644	0.4898608281098353
0.5101374322729579	0.48986256772704173
0.509971036700875	0.4900289632991247
0.5097452018542843	0.4902547981457154
0.509897968242993	0.4901020317570066
0.5099777688433446	0.4900222311566551
0.5098830073693916	0.490116992630608
0.5101105816952368	0.48988941830476285
0.5100997023396991	0.4899002976603005
0.5098965337695819	0.4901034662304178
0.5099490245965986	0.490050975403401
0.5099578577208836	0.490042142279116
0.5098365344666973	0.4901634655333024
0.5097036191451484	0.4902963808548512
0.5097710982571828	0.49022890174281686
0.5098244403050186	0.49017555969498106
0.5100209480828454	0.48997905191715435
0.5099944902919755	0.4900055097080242
0.5098013147710487	0.49019868522895094
0.5097709971920857	0.490229002807914
0.5099523067802284	0.49004769321977126
0.5098415329077288	0.4901584670922709
0.5100438113616407	0.48995618863835905
0.5101229693065512	0.48987703069344846
0.5100787284929716	0.489921271507028
0.509963639663865	0.4900363603361346
0.5099223796478766	0.4900776203521231
0.5099169850647409	0.4900830149352588
0.5100718733482966	0.48992812665170304
0.5098948221747727	0.490105177825227
0.5097150117880302	0.4902849882119694
0.5099312665724703	0.4900687334275294
0.5097279615565004	0.49027203844349926
0.5098653665565757	0.490134633443424
0.5097986218780114	0.4902013781219883
0.5099759223079261	0.4900240776920736
0.5099621065588689	0.4900378934411308
0.509738945139798	0.49026105486020166
0.5100766385563473	0.48992336144365234
0.5101413753812324	0.48985862461876734
0.5101664287984699	0.48983357120152976
0.5097058181608118	0.4902941818391879
0.5098124818309696	0.4901875181690301
0.5100304751480712	0.4899695248519285
0.5097876370795248	0.49021236292047493
0.5098027993267074	0.4901972006732923
0.51000372841705	0.4899962715829496
0.5097811409974546	0.4902188590025451
0.50987297611546	0.49012702388453966
0.510030138054796	0.48996986194520364
0.5098039633262365	0.4901960366737632
0.5098944638219454	0.49010553617805436
0.5101329493791236	0.4898670506208761
0.5098643872086147	0.49013561279138496
0.5097410291928788	0.49025897080712094
0.5097466337428211	0.4902533662571785
0.5100568860856239	0.4899431139143757
0.5097739174583316	0.49022608254166816
0.5098596053333789	0.4901403946666207
0.5097494619595486	0.4902505380404511
0.5100795485373528	0.48992045146264684
0.5099775987816197	0.4900224012183799
0.5099601408617067	0.490039859138293
0.5098073587683498	0.49019264123164985
0.510064321857005	0.4899356781429946
0.5100386119488097	0.48996138805118994
0.5100760570918181	0.48992394290818153
0.5100909356750517	0.48990906432494796
0.5101166770411389	0.48988332295886067
0.5100655816547884	0.48993441834521123
0.5101002843225902	0.4898997156774095
0.5100957523924134	0.4899042476075862
0.5100365840266349	0.48996341597336474
0.5097510152582555	0.49024898474174416
0.5101623623921915	0.4898376376078082
0.5098273250867749	0.49017267491322486
0.509882697042575	0.4901173029574246
0.5099742446232562	0.4900257553767435
0.5098288400887283	0.4901711599112713
0.5098494485347627	0.49015055146523706
0.510087916760811	0.48991208323918867
0.51016417202925	0.4898358279707496
0.5098657806938193	0.4901342193061804
0.5100802728262533	0.4899197271737463
0.5100176209999265	0.48998237900007313
0.5098828094630766	0.49011719053692304
0.5098055139831832	0.4901944860168165
0.5099550187883214	0.4900449812116783
0.5097573189294845	0.49024268107051516
0.509931849031922	0.4900681509680777
0.5098455070942363	0.4901544929057634
0.5099293373975872	0.4900706626024125
0.5097457392519831	0.49025426074801665
0.5100967186549556	0.48990328134504396
0.5099169759169483	0.4900830240830514
0.5099293145366212	0.49007068546337856
0.509979985342846	0.4900200146571536
0.5098664680695074	0.49013353193049225
0.5098963976084685	0.4901036023915311
0.5101364174208178	0.48986358257918183
0.5098043824931638	0.49019561750683577
0.5097534968613023	0.4902465031386973
0.5101523721403705	0.4898476278596292
0.5099803461965305	0.4900196538034692
0.5098456296489393	0.4901543703510604
0.5101264901578335	0.4898735098421661
0.5101246916181345	0.4898753083818652
0.5096948796596229	0.4903051203403768
0.509731050600184	0.4902689493998157
0.5099828791487074	0.49001712085129223
0.5097322885226249	0.4902677114773748
0.5097648472744828	0.4902351527255168
0.5101635866655243	0.48983641333447536
0.5100086717269473	0.4899913282730524
0.5099464161737621	0.49005358382623754
0.5098619096565372	0.49013809034346245
0.5099246874520529	0.49007531254794673
0.5100171886938705	0.48998281130612925
0.5099724238866146	0.49002757611338515
0.5098517254745415	0.49014827452545817
0.509760277971205	0.4902397220287947
0.5099030435731928	0.4900969564268069
0.5100433764669654	0.48995662353303426
0.5099173643183641	0.4900826356816355
0.5099165579290038	0.49008344207099586
0.5098787682638146	0.490121231736185
0.5100758727819206	0.4899241272180791
0.5101354084340932	0.48986459156590645
0.51005262962823	0.4899473703717697
0.5100530691309013	0.4899469308690984
0.5099353965915197	0.49006460340848007
0.5098303136089666	0.4901696863910331
0.5097358201028445	0.4902641798971552
0.5099835217094725	0.4900164782905272
0.5100229629729741	0.48997703702702555
0.5101298040717406	0.48987019592825914
0.5100752319301319	0.48992476806986773
0.5098970015682655	0.4901029984317342
0.5100720913125568	0.4899279086874428
0.5100558660422787	0.48994413395772096
0.5098740888611804	0.49012591113881937
0.5099854213201461	0.49001457867985354
0.5098313349306902	0.49016866506930945
0.509941744732556	0.49005825526744357
0.510162665025891	0.48983733497410864
0.5097420449302013	0.4902579550697984
0.5101227663242727	0.489877233675727
0.5097807488831968	0.49021925111680287
0.5100569189689579	0.48994308103104184
0.509839480677696	0.4901605193223037
0.5098125490302677	0.4901874509697319
0.5100195233875053	0.48998047661249433
0.5100046523582055	0.48999534764179425
0.510103841699738	0.48989615830026173
0.5097144620380087	0.4902855379619909
0.50988095491723	0.49011904508276966
0.5097600329946578	0.4902399670053419
0.5100120643526798	0.4899879356473199
0.5100176942351279	0.4899823057648718
0.5097758855958362	0.4902241144041635
0.5097715445447942	0.4902284554552055
0.510013354091324	0.48998664590867563
0.5097947014174224	0.4902052985825773
0.5099005948527109	0.49009940514728884
0.5098556232462973	0.4901443767537024
0.5096980089104225	0.4903019910895772
0.5100429403107775	0.48995705968922226
0.5098840268567577	0.490115973143242
0.5098416093815754	0.49015839061842426
0.5101518749565401	0.48984812504345954
0.5098857984448333	0.49011420155516644
0.5098338098132507	0.49016619018674906
0.5099125685251976	0.490087431474802
0.5100607608310371	0.4899392391689626
0.5100476803372813	0.48995231966271835
0.5098662000327738	0.4901337999672259
0.509911633227595	0.4900883667724047
0.5097331532899414	0.49026684671005827
0.510099124670013	0.4899008753299867
0.5100351109010619	0.4899648890989378
0.5101624575617205	0.4898375424382792
0.5097384457700945	0.4902615542299052
0.510002612523331	0.48999738747666866
0.5099054172559597	0.49009458274403994
0.5100412150695098	0.4899587849304898
0.5100288030551828	0.4899711969448169
0.5100986380670659	0.48990136193293377
0.5098091615411725	0.49019083845882716
0.5099624872749817	0.4900375127250179
0.5099169753868272	0.4900830246131725
0.5100293240794543	0.48997067592054533
0.5098017733824675	0.49019822661753226
0.5099430880883706	0.4900569119116291
0.5098164360402906	0.4901835639597091
0.5100299096541736	0.489970090345826
0.5101405432545393	0.4898594567454604
0.5101041681887755	0.4898958318112242
0.510041239018714	0.48995876098128566
0.5100522421396321	0.48994775786036765
0.5099242542173236	0.4900757457826761
0.5098106210530404	0.49018937894695924
0.5097355547386896	0.4902644452613101
0.5097218413533986	0.49027815864660107
0.5098072060520463	0.4901927939479533
0.5100568122334532	0.48994318776654644
0.5099964554005911	0.4900035445994086
0.5097158106808889	0.4902841893191108
0.5097720711750887	0.49022792882491095
0.5098116989777408	0.49018830102225885
0.5097237187244328	0.49027628127556694
0.5101442454698352	0.48985575453016456
0.5100382955169919	0.48996170448300785
0.5100034036433174	0.4899965963566822
0.510070865525692	0.48992913447430764
0.5099270241841546	0.4900729758158451
0.5101461044106844	0.48985389558931525
0.5096983384915447	0.49030166150845494
0.5099322106819897	0.49006778931801
0.5101108809175667	0.48988911908243293
0.5099297378793727	0.49007026212062693
0.5101565538621904	0.4898434461378093
0.509713717569988	0.49028628243001177
0.5100551268947767	0.4899448731052229
0.5099516888595872	0.4900483111404124
0.5101085169266025	0.48989148307339714
0.5099201041257182	0.4900798958742815
0.5098961899479306	0.4901038100520691
0.5097897718415366	0.4902102281584631
0.5100252270734285	0.4899747729265712
0.509709061726689	0.49029093827331066
0.5096948492401414	0.4903051507598582
0.5098233429967733	0.4901766570032264
0.5097791273685808	0.4902208726314189
0.5098177130059528	0.49018228699404687
0.5101213793285693	0.48987862067143034
0.5100024622252655	0.4899975377747342
0.509867528317038	0.4901324716829617
0.5101268996299231	0.4898731003700766
0.5101221786569203	0.4898778213430793
0.5100685026896679	0.4899314973103318
0.5096943011345941	0.49030569886540554
0.5096922072003782	0.49030779279962144
0.5098868097938957	0.49011319020610394
0.5099311495289771	0.4900688504710226
0.5099664138489998	0.49003358615099996
0.5100239786404911	0.4899760213595086
0.5098486941500443	0.4901513058499554
0.5101033650666713	0.4898966349333283
0.5097373050621548	0.4902626949378449
0.5097527423864678	0.49024725761353183
0.5101642136151636	0.4898357863848361
0.5097301952884982	0.4902698047115015
0.5097395745871663	0.49026042541283327
0.5096970797232171	0.4903029202767826
0.5100799506330486	0.4899200493669511
0.5099486455076664	0.4900513544923333
0.5100967618865314	0.48990323811346825
0.5099342269049567	0.4900657730950429
0.5099322595338555	0.4900677404661442
0.5098918469108377	0.49010815308916195
0.5098311276352698	0.49016887236472984
0.5099721668769422	0.49002783312305737
0.5098539900022536	0.4901460099977461
0.5099397796731001	0.49006022032689955
0.5097451839651741	0.49025481603482557
0.5099518550047423	0.4900481449952574
0.5098283885872512	0.49017161141274845
0.5098894964938264	0.49011050350617325
0.5101455222537976	0.48985447774620205
0.5099663467880817	0.49003365321191794
0.5098370258608409	0.49016297413915877
0.5100752229519486	0.48992477704805104
0.5098246805033203	0.4901753194966793
0.5098918913334782	0.49010810866652144
0.509896591917098	0.4901034080829016
0.5098541581155543	0.4901458418844453
