0.7548939142974791	0.24510608570252063
0.7524296359347855	0.24757036406521415
0.752858806502974	0.24714119349702562
0.7525837299788813	0.24741627002111832
0.7543615862838948	0.2456384137161048
0.752038381410274	0.2479616185897257
0.7550499806263857	0.24495001937361394
0.7523159703633249	0.24768402963667474
0.7503500038604309	0.24964999613956873
0.7535885680846739	0.24641143191532572
0.7535914750387649	0.24640852496123478
0.7539400064761297	0.24605999352386998
0.7498885954715678	0.25011140452843184
0.7538322050246161	0.24616779497538355
0.749976778310437	0.2500232216895627
0.7538509854704161	0.2461490145295836
0.7543610714636051	0.24563892853639463
0.7521267036662997	0.24787329633369998
0.7537344959848105	0.24626550401518915
0.7512971909678976	0.24870280903210207
0.752700557766493	0.24729944223350664
0.7517622641752295	0.2482377358247702
0.7525089779461713	0.24749102205382828
0.7509584221054005	0.24904157789459913
0.7499609004309711	0.2500390995690286
0.7540592579497603	0.24594074205023947
0.7539810085068133	0.2460189914931864
0.7533991555619699	0.2466008444380297
0.7550336534222268	0.24496634657777278
0.7508841874733244	0.24911581252667525
0.7538223031923541	0.2461776968076455
0.7542791582418213	0.24572084175817832
0.7512866576309232	0.24871334236907644
0.7517334863654508	0.24826651363454888
0.7530687743067905	0.24693122569320913
0.7528393986195236	0.24716060138047596
0.7509801350822028	0.24901986491779682
0.7532105261173242	0.24678947388267547
0.7505209609762556	0.24947903902374402
0.7547472618196556	0.24525273818034415
0.7517979031048855	0.2482020968951142
0.7531064946489061	0.2468935053510935
0.7519925770007858	0.24800742299921386
0.7506261427471278	0.24937385725287187
0.7502795500443586	0.24972044995564102
0.7515774843404807	0.248422515659519
0.753472774972094	0.24652722502790575
0.7520335925415211	0.24796640745847853
0.7532445953913287	0.24675540460867101
0.7517123535160997	0.24828764648390006
0.7542393658152952	0.2457606341847045
0.7537489706208382	0.2462510293791615
0.7527756329909583	0.24722436700904138
0.7541248111319869	0.2458751888680128
0.7514910934641266	0.24850890653587304
0.7501655510051115	0.24983444899488821
0.7517650534152317	0.24823494658476797
0.7505389695979383	0.2494610304020614
0.7545821411142802	0.24541785888571943
0.7535980000587766	0.24640199994122303
0.752898976098566	0.24710102390143368
0.7524225307984197	0.24757746920157997
0.7516195713284577	0.24838042867154203
0.7517128055109183	0.24828719448908132
0.751203260842388	0.2487967391576117
0.7536320804006065	0.24636791959939325
0.7499286632908753	0.2500713367091244
0.7532483962119707	0.24675160378802902
0.7544451244574266	0.24555487554257305
0.7527051914114797	0.24729480858851988
0.7507984658803348	0.2492015341196649
0.7500923804262887	0.24990761957371105
0.7511612481136793	0.24883875188632026
0.7508727263469386	0.2491272736530611
0.7532349637908513	0.2467650362091483
0.7500215373540893	0.24997846264591045
0.7521120470324796	0.2478879529675201
0.7514244449087366	0.2485755550912631
0.7501408669560073	0.24985913304399232
0.7515905435250932	0.24840945647490642
0.7551502719081703	0.24484972809182937
0.7508766062552171	0.24912339374478254
0.7500783614748932	0.24992163852510646
0.7508581385322262	0.24914186146777345
0.7509901717459173	0.24900982825408235
0.7520330233166408	0.24796697668335888
0.754559508430229	0.24544049156977066
0.751372094749819	0.24862790525018058
0.7502106862445781	0.24978931375542157
0.753372695857675	0.24662730414232475
0.7512733957555996	0.24872660424440007
0.7546503412618171	0.24534965873818265
0.7535466239279613	0.24645337607203827
0.7522590933920406	0.24774090660795917
0.7548236644753483	0.24517633552465135
0.7543620565861895	0.24563794341381018
0.7546549124398458	0.24534508756015388
0.751341767184655	0.24865823281534472
0.7524770845723745	0.24752291542762517
0.7547153859698991	0.2452846140301006
0.751109573277331	0.2488904267226687
0.7551625342546626	0.244837465745337
0.7500752592489395	0.24992474075106025
0.7522292828252819	0.24777071717471777
0.7543911880423735	0.24560881195762624
0.7518933398743408	0.24810666012565885
0.7544715255211075	0.24552847447889214
0.7502492394803204	0.24975076051967926
0.7536296972813672	0.24637030271863253
0.750083110105304	0.24991688989469568
0.7505549702515755	0.24944502974842425
0.7501758109314305	0.24982418906856912
0.7551158236501225	0.2448841763498772
0.7518670086280423	0.24813299137195732
0.7548478139868847	0.24515218601311495
0.7515958698380316	0.248404130161968
0.7549625746836504	0.24503742531634937
0.7541305468149713	0.24586945318502845
0.7527349267956744	0.24726507320432517
0.7541149017051985	0.2458850982948012
0.7549618546384591	0.24503814536154056
0.7526168492368911	0.24738315076310857
0.7513813299466288	0.24861867005337085
0.751139344478441	0.24886065552155867
0.7522753627455903	0.2477246372544094
0.7513088276562843	0.2486911723437154
0.7517196180560701	0.24828038194392948
0.7551128970348535	0.24488710296514615
0.7514282059382489	0.24857179406175073
0.7540380705866786	0.24596192941332107
0.7547966630113665	0.24520333698863322
0.7519199775197657	0.24808002248023397
0.7516017389360398	0.2483982610639599
0.7511490528622401	0.24885094713775957
0.7518493243473003	0.24815067565269927
0.7507495611627554	0.2492504388372443
0.7509551638233165	0.2490448361766831
0.7547101050586391	0.2452898949413606
0.7511330866406207	0.24886691335937888
0.7527374024016762	0.24726259759832342
0.7527602181206855	0.24723978187931417
0.7507529331494482	0.24924706685055142
0.750739581875512	0.24926041812448757
0.7512206750036348	0.2487793249963649
0.7529639117658204	0.24703608823417922
0.7533564436547405	0.24664355634525914
0.7529936983048993	0.2470063016951004
0.7513168817203353	0.24868311827966433
0.7541601707434934	0.24583982925650627
0.7540258848527337	0.24597411514726597
0.7511030474813629	0.2488969525186367
0.7537991220175243	0.24620087798247536
0.7535224180539151	0.24647758194608466
0.7537274718684543	0.24627252813154532
0.7532454468800068	0.24675455311999284
0.7536985516836645	0.2463014483163351
0.7531848261845513	0.24681517381544832
0.7544735584366236	0.24552644156337616
0.751559305912134	0.24844069408786562
0.754686145879618	0.24531385412038165
0.752846395517021	0.24715360448297863
0.7502758685468462	0.24972413145315336
0.7514288619730107	0.24857113802698894
0.7538816839492032	0.24611831605079648
0.7502621941211335	0.24973780587886618
0.7499002363708502	0.25009976362914943
0.7512126219093787	0.24878737809062107
0.7551469231826935	0.24485307681730611
0.7539195861468184	0.2460804138531813
0.7540223659106495	0.24597763408935008
0.7532998002069599	0.2467001997930398
0.7524270773486468	0.24757292265135294
0.749909122896878	0.2500908771031216
0.754453380127772	0.24554661987222764
0.7510022049539047	0.24899779504609498
0.7543070271180301	0.24569297288196962
0.7546545133830493	0.24534548661695027
0.750287928513718	0.24971207148628172
0.7509399577124178	0.24906004228758188
0.7549286203200054	0.24507137967999426
0.7550869601490593	0.24491303985094032
0.7535297544890973	0.24647024551090235
0.754839344005556	0.2451606559944437
0.7513859160290446	0.24861408397095508
0.7549908884693257	0.245009111530674
0.7514099227479829	0.24859007725201682
0.7512525032708316	0.24874749672916807
0.7503676924969853	0.2496323075030144
0.7512656695323774	0.24873433046762233
0.7510596015672266	0.248940398432773
0.7507667539141551	0.24923324608584457
0.7536383770911784	0.24636162290882124
0.7513567618501245	0.24864323814987516
0.752522381402827	0.2474776185971727
0.749965665014738	0.2500343349852616
0.7510996774580149	0.2489003225419848
0.7518336840802405	0.24816631591975913
0.7536200195331637	0.2463799804668359
0.7517965757341492	0.24820342426585051
0.7547860597938985	0.24521394020610127
0.7534430920800665	0.24655690791993307
0.752696660736023	0.24730333926397663
0.7541750096818614	0.24582499031813837
0.7547955132699203	0.24520448673007933
0.7534375033709965	0.2465624966290032
0.7505584774030927	0.24944152259690705
0.7539244870408038	0.24607551295919583
0.7542950894643572	0.24570491053564242
0.753076795637688	0.24692320436231163
0.7529758268291994	0.24702417317080028
0.752117858731487	0.2478821412685127
0.7545572765687429	0.24544272343125667
0.7499451125708876	0.2500548874291121
0.7539475968536296	0.24605240314637006
0.7505935147352801	0.24940648526471954
0.7507904030233704	0.24920959697662926
0.7523819681514653	0.24761803184853437
0.7515708478951686	0.24842915210483102
0.7541777652712676	0.24582223472873205
0.7502723479844542	0.24972765201554553
0.7513345679458852	0.24866543205411457
0.7530980657366457	0.246901934263354
0.750936953728964	0.2490630462710357
0.7535246543940387	0.24647534560596096
0.7539845712961806	0.24601542870381915
0.7527445397188932	0.24725546028110645
0.7548595993573364	0.24514040064266335
0.7506822092060289	0.24931779079397076
0.7499361262744191	0.2500638737255806
0.749888834096736	0.25011116590326365
0.7538532383919672	0.2461467616080325
0.7504214668686813	0.24957853313131834
0.7510087835561028	0.24899121644389693
0.7516949061531779	0.2483050938468218
0.7503042370062638	0.24969576299373591
0.7541898121152445	0.24581018788475517
0.7548816947590888	0.24511830524091088
0.7551046894075877	0.24489531059241199
0.7503409494852178	0.24965905051478193
0.752021596316749	0.24797840368325064
0.7505129344459973	0.2494870655540023
0.7514335362247246	0.24856646377527503
0.7538579469636635	0.24614205303633618
0.7517056785452553	0.2482943214547444
0.7513783462922086	0.2486216537077911
0.7500263511517442	0.2499736488482554
0.7518193465104548	0.24818065348954493
0.7516097394107957	0.24839026058920394
0.7536467904863706	0.2463532095136291
0.7522669686316432	0.24773303136835645
0.7501050720541929	0.24989492794580687
0.7550051681107635	0.2449948318892362
0.7549280374688201	0.24507196253117958
0.750644957753926	0.24935504224607358
0.7499163696091908	0.25008363039080883
0.7519359710442679	0.2480640289557317
0.7518225514320538	0.24817744856794588
0.7551712464634911	0.24482875353650857
0.755167360281314	0.24483263971868563
0.7530703319454171	0.2469296680545826
0.75504106820237	0.24495893179762962
0.7505536553211962	0.2494463446788035
0.7545086346527006	0.2454913653472991
0.7502008374563978	0.2497991625436019
0.7546630722202484	0.24533692777975125
0.7533315687207423	0.24666843127925747
0.7537995886432669	0.24620041135673282
0.7538407233608695	0.24615927663913012
0.7520413078138157	0.247958692186184
0.75499694365302	0.24500305634697966
0.7542176032589999	0.24578239674099978
0.7538619679292183	0.24613803207078133
0.7544491120538066	0.24555088794619306
0.7532662469426417	0.24673375305735795
0.7527704199248549	0.24722958007514473
0.7514054091418776	0.24859459085812208
0.7503127753749081	0.24968722462509158
0.7509227663606468	0.2490772336393528
0.753373163094378	0.2466268369056217
0.7544173636215447	0.245582636378455
0.7519135720250345	0.24808642797496522
0.7538542341197435	0.24614576588025616
0.7532963443103191	0.2467036556896806
0.7507257357441246	0.24927426425587512
0.7534401666922204	0.24655983330777936
0.7514150351989939	0.24858496480100573
0.7526208840586696	0.2473791159413301
0.7538133647237909	0.24618663527620877
0.7531234504791781	0.2468765495208216
0.752968176654955	0.2470318233450447
0.7512328921626625	0.2487671078373372
0.7516328720334469	0.24836712796655286
0.7526655855979547	0.247334414402045
0.7525757861286413	0.24742421387135838
0.751316244157199	0.24868375584280067
0.7532539581404389	0.24674604185956073
0.7531663864866169	0.24683361351338268
0.7500259787728811	0.24997402122711848
0.7523660364148347	0.24763396358516498
0.7504915876093446	0.24950841239065502
0.7532840047213225	0.24671599527867716
0.7500098864447863	0.2499901135552134
0.75344214142167	0.24655785857832968
0.7530819056546643	0.24691809434533546
0.7539157690880975	0.24608423091190207
0.7549461087431413	0.2450538912568584
0.7503218233725681	0.24967817662743158
0.752261034999457	0.2477389650005427
0.7516346042809781	0.24836539571902155
0.7504060620277382	0.24959393797226148
0.7521647781695638	0.24783522183043583
0.7531257000332767	0.246874299966723
0.7506378783161347	0.24936212168386496
0.7505602137707275	0.24943978622927226
0.7511830286317251	0.24881697136827446
0.7548637379579131	0.2451362620420866
0.7534233155091912	0.2465766844908085
0.752492911251448	0.2475070887485516
0.7519437044971842	0.24805629550281544
0.7543701969628254	0.24562980303717424
0.7545543508990633	0.24544564910093636
0.7519712512994587	0.24802874870054087
0.7507384445940157	0.24926155540598388
0.7549203607585405	0.24507963924145915
0.7540031625352597	0.24599683746473994
0.7519078496768891	0.2480921503231106
0.7498908081876966	0.25010919181230307
0.7527047254639609	0.24729527453603878
0.7513285142586394	0.24867148574136028
0.7530576200069694	0.2469423799930302
0.7534669885368349	0.24653301146316475
0.7530163800673781	0.24698361993262152
0.7535383404663255	0.24646165953367416
0.7503022850151456	0.24969771498485405
0.7531130582749965	0.24688694172500308
0.7536969024077677	0.246303097592232
0.7498985512797115	0.25010144872028817
0.754897553302119	0.24510244669788062
0.7540965924223072	0.24590340757769247
0.7530430894621477	0.24695691053785196
0.7532059142842262	0.24679408571577344
0.7504054291435076	0.249594570856492
0.7520928518508249	0.2479071481491748
0.7544866981788333	0.24551330182116637
0.751878822461757	0.24812117753824275
0.7510674646302851	0.2489325353697146
0.7536950316858226	0.24630496831417703
0.7512965551681601	0.2487034448318396
0.7551193627510786	0.24488063724892106
0.7541549426141083	0.2458450573858913
0.753984464376858	0.2460155356231417
0.7512456771148632	0.24875432288513644
0.7523093627537638	0.24769063724623586
0.751204079363	0.24879592063699962
0.751352778477845	0.24864722152215468
0.7533550423693012	0.24664495763069844
0.7549246402754067	0.24507535972459293
0.7546332453510218	0.2453667546489779
0.7512177293227031	0.24878227067729652
0.7530777776981348	0.24692222230186484
0.7520786549745427	0.24792134502545693
0.7545469185282179	0.2454530814717818
0.7522641377677979	0.24773586223220173
0.7518172390558693	0.24818276094413033
0.7515412974439664	0.2484587025560333
0.7520910889015835	0.24790891109841617
0.7534700669915599	0.24652993300843973
0.7531089668666002	0.24689103313339944
0.7507261545289081	0.24927384547109155
0.7510537177555664	0.24894628224443327
0.7503708467365053	0.24962915326349439
0.7528450504332753	0.24715494956672435
0.7525590355860663	0.24744096441393332
0.7543941263950937	0.245605873604906
0.7542124821782701	0.24578751782172964
0.7512615352987941	0.24873846470120559
0.7540905577898396	0.24590944221016015
0.7547032677323275	0.24529673226767207
0.7545847701997981	0.24541522980020153
0.7547421919004296	0.24525780809957004
0.7540841235264082	0.24591587647359153
0.7503777076392961	0.2496222923607036
0.7550027866726368	0.24499721332736296
0.7526597893019014	0.24734021069809825
0.7511178434157373	0.24888215658426233
0.7521448591492692	0.24785514085073046
0.7512850140086933	0.24871498599130643
0.7504467923828849	0.24955320761711475
0.7519650831024752	0.24803491689752444
0.7535245477645003	0.24647545223549944
0.7528369758690978	0.24716302413090185
0.752581114563316	0.24741888543668367
0.7539787540049114	0.2460212459950883
0.7503186958672066	0.24968130413279316
0.7545813488804505	0.2454186511195492
0.7514968958768221	0.24850310412317755
0.7518918053378509	0.24810819466214873
0.7505437717363668	0.24945622826363284
0.753458088814023	0.24654191118597668
0.750070673133504	0.24992932686649572
0.7550306981587447	0.24496930184125493
0.751511948282098	0.24848805171790161
0.7529838249251477	0.2470161750748519
0.7539202313670414	0.24607976863295816
0.7499151510709661	0.2500848489290336
0.7522586338260342	0.24774136617396553
0.7540715855299249	0.24592841447007474
0.7502554082021771	0.2497445917978226
0.7514988558258064	0.24850114417419322
0.7542585969047084	0.2457414030952912
0.7507345514561494	0.2492654485438503
0.7503198621092101	0.24968013789078958
0.7549023329303333	0.24509766706966646
0.7525279393613404	0.24747206063865917
0.7545919067979101	0.24540809320208962
0.7529404625466103	0.24705953745338943
0.7538274214983351	0.24617257850166452
0.7512577910924276	0.24874220890757204
0.7546772409623113	0.24532275903768835
0.7516551183976148	0.24834488160238494
0.7542398992507346	0.24576010074926508
0.7545532790193792	0.24544672098062054
0.7546928664558805	0.2453071335441191
0.750968341102785	0.24903165889721474
0.7527500023860467	0.247249997613953
0.7504871605446232	0.2495128394553765
0.7545319025739796	0.2454680974260201
0.7522253956251433	0.24777460437485632
0.7502091710924317	0.24979082890756799
0.7503743056956815	0.2496256943043182
0.7536711369637752	0.24632886303622448
0.7531454139794341	0.24685458602056554
0.7531714263070328	0.2468285736929669
0.7503308416254655	0.24966915837453424
0.7534848070402638	0.24651519295973584
0.752008089137268	0.24799191086273165
0.7508982125476042	0.24910178745239542
0.7513730416382888	0.2486269583617109
0.754659882089209	0.24534011791079063
0.7525249775006866	0.24747502249931308
0.7531030696252132	0.2468969303747865
0.7542300103648768	0.24576998963512287
0.7500651910527565	0.24993480894724318
0.7536704985434355	0.24632950145656418
0.7524928624961156	0.24750713750388403
0.75475631420794	0.24524368579205968
0.7519947103959528	0.24800528960404694
0.7526003590520689	0.2473996409479307
0.751301028414078	0.2486989715859217
0.7506661768420939	0.24933382315790575
0.7548455400138532	0.2451544599861465
0.7544639400028852	0.24553605999711453
0.7536837095081534	0.24631629049184628
0.7533818751390939	0.24661812486090579
0.7526622773292134	0.24733772267078624
0.7544349595063911	0.24556504049360867
0.7529601755851849	0.2470398244148147
0.7516154240314741	0.24838457596852564
0.7525719706352605	0.24742802936473923
0.7531384210652381	0.24686157893476163
0.7511209601049317	0.248879039895068
0.7547082649465632	0.2452917350534365
0.7545785635170548	0.24542143648294495
0.7542382382052109	0.24576176179478887
0.7519113939557047	0.248088606044295
0.7505983564911844	0.24940164350881527
0.7513346728349872	0.2486653271650125
0.7547792822106798	0.24522071778931992
0.7518617032456594	0.24813829675434035
0.7520733431314087	0.24792665686859094
0.7525256746399538	0.24747432536004588
0.7535880773463595	0.24641192265364026
0.7537055671551182	0.2462944328448815
0.753961182212699	0.2460388177873007
0.7538410669476756	0.2461589330523241
0.7517042482423812	0.24829575175761842
0.7530483186065287	0.24695168139347107
0.7514774506276579	0.24852254937234175
0.7546271393435335	0.24537286065646619
0.7525733808772641	0.2474266191227356
0.7507834881230286	0.24921651187697108
0.7516129107637183	0.2483870892362814
0.7521238940657292	0.24787610593427045
0.75083489508108	0.24916510491891963
0.7504023584998953	0.24959764150010438
0.7505458684181949	0.24945413158180474
0.750338627429812	0.24966137257018756
0.7533012144274224	0.2466987855725773
0.7534898890893729	0.24651011091062675
0.7514543073598114	0.24854569264018828
0.75155917335762	0.24844082664237965
0.7542416707603085	0.2457583292396912
0.7518474331430404	0.2481525668569593
0.7549991771816662	0.24500082281833352
0.7547211226800967	0.245278877319903
0.7530377821993496	0.24696221780065009
0.7537314647187384	0.24626853528126125
0.7501800345779457	0.24981996542205392
0.7507970064266376	0.249202993573362
0.7527551969977384	0.24724480300226132
0.7509532307074157	0.24904676929258396
0.7536880801399102	0.24631191986008955
0.7534689773231351	0.2465310226768645
0.7516123273669371	0.24838767263306266
0.7526053066289785	0.24739469337102116
0.7526398264523619	0.24736017354763778
0.7549135428683367	0.24508645713166305
0.752172464667372	0.2478275353326277
0.7535894636353121	0.24641053636468757
0.7551371064720582	0.24486289352794138
0.752695303358144	0.24730469664185561
0.752407316713305	0.24759268328669476
0.7510014635713083	0.24899853642869146
0.7532905052802619	0.24670949471973774
0.7519838816298219	0.24801611837017778
0.7547135071757471	0.24528649282425258
0.7532199037961084	0.2467800962038913
0.7530183942020598	0.24698160579793976
0.7551670676865458	0.24483293231345382
0.7514695260319875	0.2485304739680122
0.7510474263211038	0.24895257367889584
0.750580708573386	0.24941929142661362
0.7518825458914813	0.24811745410851838
0.7507950242694498	0.2492049757305499
0.7506686324527274	0.2493313675472722
0.7546252334061889	0.2453747665938107
0.753502470900643	0.24649752909935663
0.7507332521438472	0.2492667478561525
0.7529538889808609	0.24704611101913881
0.7517059996709773	0.24829400032902238
0.7510358805510233	0.24896411944897628
0.7538631101420941	0.24613688985790555
0.7540965558563011	0.24590344414369858
0.7502893422270137	0.24971065777298596
0.7544806990672378	0.24551930093276186
0.7538451876338894	0.2461548123661103
0.7504499401253707	0.24955005987462897
0.7508889974919291	0.24911100250807067
0.7530078067971819	0.24699219320281768
0.7539008632416839	0.2460991367583158
0.751936604468159	0.2480633955318406
0.7515931542987324	0.2484068457012673
0.7502866197148351	0.24971338028516454
0.75492702457738	0.24507297542261963
0.7550570225021429	0.24494297749785682
0.7540113518677449	0.24598864813225468
0.7535499400087373	0.24645005999126235
0.7524977413541307	0.247502258645869
0.7513550869047311	0.2486449130952686
0.7511777084585247	0.248822291541475
0.7530738866226304	0.24692611337736925
0.7545629969448089	0.24543700305519084
0.7500627341843555	0.24993726581564413
0.7545768878735215	0.24542311212647822
0.7547929863861402	0.24520701361385944
0.7515344728164302	0.24846552718356957
0.7538040247578875	0.24619597524211212
0.7529963022139232	0.2470036977860764
0.751061177589762	0.24893882241023768
0.7501641463383835	0.2498358536616162
0.7540816931414186	0.24591830685858107
0.754303381706431	0.2456966182935687
0.7542762775497357	0.24572372245026397
0.7540480333768628	0.2459519666231369
0.75277661826552	0.24722338173447972
0.7510427136292588	0.24895728637074088
0.7508152093863272	0.2491847906136725
0.7507777517665399	0.2492222482334598
0.7538552867694857	0.246144713230514
0.7521748903656947	0.24782510963430493
0.7514376699010228	0.24856233009897688
0.7532478565184773	0.24675214348152247
0.7547602291082123	0.24523977089178745
0.7503337871053151	0.2496662128946846
0.7550989609177303	0.2449010390822693
0.7545699096519707	0.24543009034802904
0.7511323596455677	0.24886764035443198
0.7524846784136648	0.24751532158633482
0.7538988610710871	0.24610113892891256
0.7515672711795878	0.24843272882041195
0.7510301697755453	0.2489698302244544
0.7533312213088295	0.24666877869117027
0.7528134954794005	0.2471865045205992
0.7520387470193044	0.2479612529806952
0.7534828898031152	0.24651711019688455
0.7542708989266191	0.24572910107338053
0.7528100353758435	0.2471899646241562
0.7542535656524936	0.2457464343475061
0.7536172863339574	0.2463827136660422
0.7517831002932917	0.24821689970670802
0.7542525856225113	0.24574741437748843
0.752134263306596	0.24786573669340362
0.7542850357546371	0.2457149642453626
0.7544173122443341	0.24558268775566555
0.7540435136129316	0.24595648638706802
0.7525054425463069	0.2474945574536928
0.7524006056818451	0.2475993943181546
0.7549876975561172	0.24501230244388256
0.7543124456168149	0.24568755438318474
0.7542367160472246	0.24576328395277502
0.754708848098433	0.24529115190156675
0.7548694751321506	0.24513052486784903
0.7498808468844947	0.2501191531155049
0.7511269301729838	0.24887306982701585
0.7523810090575181	0.24761899094248152
0.7517301933286702	0.24826980667132953
0.7527289926559898	0.24727100734400986
0.7500425722924711	0.24995742770752866
0.7530358581320833	0.24696414186791643
0.7504923787721396	0.24950762122786013
0.7543674602602884	0.24563253973971122
0.7549068405239887	0.2450931594760109
0.7546486596965465	0.24535134030345312
0.7542187660462917	0.245781233953708
0.7514358589011572	0.2485641410988425
0.7503667135548899	0.2496332864451098
0.7536096088383057	0.24639039116169392
0.7500739386770212	0.2499260613229784
0.7528996837517046	0.24710031624829515
0.7528867738735552	0.24711322612644454
0.7503961438427356	0.2496038561572641
0.7499608665091415	0.25003913349085816
0.7537407525965021	0.24625924740349764
0.75291657191405	0.24708342808594969
0.7499362419807906	0.2500637580192091
0.7530038763737241	0.2469961236262756
0.7531364753158682	0.24686352468413142
0.7500182367306831	0.2499817632693166
0.7528923516698969	0.2471076483301028
0.7541853158692406	0.24581468413075908
0.7550574236764976	0.24494257632350203
0.7548403886769555	0.24515961132304426
0.7517828187660305	0.2482171812339692
0.7546417127655157	0.24535828723448394
0.7499004577231907	0.250099542276809
0.7518830387367571	0.24811696126324256
0.753772982140479	0.24622701785952067
0.7523067350584898	0.24769326494150984
0.7508433256108742	0.24915667438912553
0.7525940323334712	0.2474059676665284
0.75233372089411	0.24766627910588968
0.7548100772736441	0.24518992272635548
0.7547083525587375	0.2452916474412622
0.7537874543953436	0.2462125456046561
0.7543153273798524	0.24568467262014732
0.7536609754983226	0.2463390245016771
0.7518347343991022	0.24816526560089747
0.7530144756086223	0.2469855243913774
0.7536997407720225	0.24630025922797721
0.749894319015459	0.25010568098454067
0.7504950502161104	0.24950494978388926
0.7525850306108636	0.2474149693891361
0.7521274393318444	0.24787256066815522
0.7518792479867511	0.2481207520132485
0.752323040110817	0.24767695988918276
0.7507543087453481	0.2492456912546515
0.7514817416509096	0.24851825834909003
0.7540125405754484	0.24598745942455125
0.7506109042467232	0.2493890957532765
0.7537859546872602	0.2462140453127395
0.7549535160715592	0.24504648392844036
0.7522225536827857	0.247777446317214
0.7513670133100622	0.2486329866899375
0.7530246564256212	0.24697534357437845
0.7540740233498424	0.24592597665015725
0.7503076813033558	0.24969231869664388
0.7526855505027027	0.24731444949729697
0.7516108406080446	0.2483891593919551
0.7512096969666615	0.2487903030333382
0.7531615029107221	0.24683849708927758
0.7537985509890178	0.24620144901098184
0.7549373920701912	0.24506260792980844
0.7510016642006123	0.2489983357993873
0.7546847127645628	0.24531528723543677
0.7538901718558982	0.24610982814410143
0.7515215014414627	0.24847849855853693
0.752334586535949	0.24766541346405074
0.7542555164717548	0.2457444835282449
0.7534454823300547	0.24655451766994496
0.7525855802602488	0.24741441973975092
0.7550489874758052	0.2449510125241945
0.7509485114031178	0.24905148859688186
0.7498973321518215	0.25010266784817814
0.7505662182525017	0.24943378174749792
0.7500359682788307	0.249964031721169
0.7522575150480986	0.2477424849519011
0.7526383602256397	0.24736163977436
0.7505834153953028	0.2494165846046969
0.7530964507784048	0.2469035492215948
0.7526206151936006	0.2473793848063991
0.752773701182128	0.24722629881787161
0.7538397545002966	0.2461602454997031
0.7538729329672238	0.24612706703277587
0.7538543362080856	0.24614566379191405
0.7538922191987574	0.2461077808012423
0.7523992986535585	0.2476007013464412
0.7536853874609257	0.24631461253907394
0.7529412693509874	0.2470587306490123
0.7546846544258752	0.24531534557412454
0.7538177799854378	0.24618222001456191
0.751494204470358	0.2485057955296417
0.7543777927318089	0.24562220726819073
0.7539212527815349	0.2460787472184648
0.7509851308746263	0.2490148691253734
0.7522492617986714	0.24775073820132826
0.7538603864906235	0.24613961350937624
0.7500993179993465	0.24990068200065313
0.7513104874085392	0.24868951259146038
0.7502669139966638	0.24973308600333594
0.7543486348172725	0.24565136518272712
0.7516134959304179	0.24838650406958168
0.7551723706536501	0.2448276293463496
0.7526538621885048	0.24734613781149478
0.7538545848968398	0.2461454151031599
0.7514563626059834	0.24854363739401625
0.7545906295828984	0.2454093704171013
0.7512862655401045	0.24871373445989514
0.7538638739686772	0.2461361260313225
0.7517841694074248	0.24821583059257485
0.7509070504589637	0.24909294954103595
0.7514383992752969	0.2485616007247028
0.7524227084560062	0.2475772915439935
0.7541660687264073	0.24583393127359238
0.7535344401065189	0.24646555989348068
0.7506562314844629	0.2493437685155367
0.7521635576835033	0.24783644231649643
0.7524775458310343	0.24752245416896534
0.7527015098372283	0.24729849016277133
0.753326767012003	0.24667323298799676
0.7540251046166571	0.24597489538334255
0.7499765394429788	0.25002346055702085
0.7504238998456026	0.24957610015439702
0.7532190699594588	0.24678093004054097
0.7517639835653693	0.2482360164346304
0.7505883067169754	0.24941169328302432
0.753214799060111	0.2467852009398886
0.7515684943038992	0.24843150569610045
0.7537100928239415	0.2462899071760582
0.7511708270948778	0.2488291729051218
0.7502408943225543	0.24975910567744547
0.7502823283835423	0.24971767161645742
0.7529953803357524	0.24700461966424725
0.7512709714948651	0.24872902850513456
0.7546638686380557	0.245336131361944
0.7517852436939959	0.24821475630600376
0.7545238864645643	0.24547611353543541
0.7506882927735461	0.24931170722645363
0.7536635185656426	0.24633648143435705
0.7515288076067312	0.24847119239326843
0.7520137649614458	0.24798623503855394
0.7503245810684778	0.24967541893152184
0.753815592691006	0.2461844073089937
0.7503290918791088	0.24967090812089088
0.7542768611305908	0.24572313886940889
0.75007136892553	0.24992863107446972
0.7527029471160664	0.24729705288393322
0.7551033061491715	0.24489669385082813
0.7551036983263307	0.24489630167366894
0.7514122691418905	0.24858773085810915
0.7529271933705717	0.247072806629428
0.754216424171677	0.24578357582832266
0.7502456103697339	0.2497543896302657
0.7505476302574023	0.24945236974259732
0.7522209200102805	0.2477790799897192
0.752758417285661	0.24724158271433877
0.7508508072412594	0.24914919275874026
0.7500735280515334	0.24992647194846634
0.7530466396498652	0.2469533603501345
0.7511463655889907	0.24885363441100894
0.7521295020440766	0.24787049795592303
0.7500055159001024	0.24999448409989722
0.7517042964416838	0.24829570355831593
0.7546052957606797	0.24539470423931992
0.750148937150994	0.24985106284900577
0.7521216132227444	0.24787838677725532
0.754678742315176	0.2453212576848237
0.7544617948995239	0.24553820510047575
0.7521634010139826	0.24783659898601706
0.750630186419381	0.24936981358061872
0.7517569286543069	0.24824307134569285
0.752260554278699	0.2477394457213007
0.7540446085084266	0.24595539149157308
0.7508681525904389	0.24913184740956074
0.7502561837778027	0.249743816222197
0.7548577620346807	0.24514223796531898
0.7548048949757227	0.245195105024277
0.7541485677099915	0.2458514322900081
0.7543801052827344	0.2456198947172653
0.7549500323767453	0.24504996762325432
0.7513613983186974	0.24863860168130225
0.7502602134939209	0.2497397865060788
0.7534374909527681	0.24656250904723148
0.7501058966564418	0.24989410334355788
0.7508408015583531	0.24915919844164658
0.7513987295174596	0.24860127048254005
0.7542871456522817	0.24571285434771795
0.7505198328261278	0.2494801671738719
0.7538690531080707	0.246130946891929
0.7508433099868543	0.24915669001314533
0.7524397458739813	0.2475602541260183
0.7501191889592183	0.24988081104078147
0.7502711001399347	0.2497288998600649
0.7539718768991434	0.2460281231008563
0.7520220788740686	0.24797792112593114
0.7507417869423181	0.24925821305768153
0.7510188357154385	0.24898116428456118
0.7545535790598207	0.245446420940179
0.7504611572972401	0.2495388427027596
0.7531116185186089	0.24688838148139075
0.7541607205772958	0.24583927942270395
0.7533776847596336	0.2466223152403661
0.751577656096112	0.24842234390388762
0.7509582668581414	0.24904173314185835
0.7518370402132872	0.24816295978671243
0.7547715175531775	0.24522848244682222
0.7526867207715463	0.24731327922845336
0.7540558020882921	0.24594419791170757
0.7503539542310492	0.24964604576895044
0.7542285719811783	0.24577142801882135
0.7501104273548616	0.24988957264513817
0.7524060938791086	0.24759390612089105
0.7527082757320713	0.24729172426792834
0.7528480822113393	0.24715191778866047
0.7500583366021976	0.24994166339780205
0.7516558423797437	0.24834415762025597
0.753960180319807	0.24603981968019267
0.7522635765273651	0.24773642347263464
0.7525029134715696	0.24749708652843005
0.7550463864888487	0.24495361351115097
0.7543048652227993	0.2456951347772004
0.7533669282806763	0.24663307171932342
0.7506808666473315	0.24931913335266814
0.7534096180265096	0.24659038197349004
0.7529477509985261	0.24705224900147366
0.7513969066659647	0.2486030933340349
0.7549441511651834	0.24505584883481624
0.7547356020470304	0.24526439795296934
0.7546489211751832	0.24535107882481644
0.7533602441124337	0.24663975588756593
0.7542555501786719	0.24574444982132787
0.755140004764739	0.24485999523526075
0.749914090556687	0.25008590944331266
0.7544085881750011	0.24559141182499855
0.751019486816437	0.24898051318356262
0.7530534567114828	0.24694654328851684
0.7542035419446033	0.2457964580553964
0.7510042002179591	0.24899579978204062
0.7509174387032918	0.24908256129670797
0.7521732723980443	0.24782672760195534
0.7534559308285633	0.24654406917143634
0.7520467333283232	0.24795326667167644
0.753641659340713	0.24635834065928663
0.7550351775650761	0.2449648224349235
0.7526584754336294	0.24734152456637026
0.7541458897441851	0.24585411025581466
0.7501678219494345	0.24983217805056507
0.7521567477934338	0.2478432522065659
0.7538732993140546	0.2461267006859451
0.7507157987498161	0.24928420125018352
0.7509353532972496	0.24906464670275008
0.754371292954535	0.24562870704546474
0.7501548152409439	0.24984518475905587
0.7500120964675421	0.24998790353245764
0.7526767544696409	0.24732324553035873
0.7514446688339647	0.248555331166035
0.7539476155156781	0.24605238448432154
0.7509460509911736	0.2490539490088261
0.7529854571527521	0.24701454284724755
0.7518612082947828	0.2481387917052169
0.753002354096244	0.24699764590375567
0.7531237330363632	0.24687626696363646
0.7547683202931201	0.24523167970687954
0.7498983237638249	0.25010167623617474
0.7526432894337413	0.2473567105662584
0.7529389945986953	0.24706100540130443
0.7539643241229765	0.24603567587702313
0.7521500433192991	0.2478499566807006
0.7506054462628919	0.24939455373710773
0.7532473042588479	0.24675269574115172
0.7545835751450491	0.24541642485495058
0.7532805694893788	0.24671943051062084
0.7517407015912512	0.24825929840874855
0.7526963717492015	0.24730362825079827
0.7530006715950863	0.24699932840491334
0.7526739633112143	0.24732603668878533
0.7541565277950258	0.24584347220497382
0.75166283204538	0.24833716795461974
0.7500300695672641	0.24996993043273547
0.7533170940575873	0.24668290594241238
0.7517394039149251	0.24826059608507456
0.7504364793587043	0.2495635206412954
0.7507631295482966	0.24923687045170312
0.7508109687638584	0.24918903123614117
0.7527537988981596	0.24724620110183998
0.7547672004856252	0.24523279951437443
0.751544378944186	0.24845562105581365
0.7517154099328507	0.24828459006714904
0.7542764636858602	0.24572353631413946
0.7499540937131646	0.25004590628683515
0.7513954993274705	0.24860450067252915
0.7517063039423586	0.248293696057641
0.7501625750292686	0.24983742497073097
0.7501132042782297	0.24988679572176997
0.7530523439270853	0.2469476560729144
0.7519071598554452	0.2480928401445544
0.7526355124788724	0.24736448752112722
0.7531334352125079	0.2468665647874918
0.7541372730520346	0.24586272694796513
0.7530942291575996	0.24690577084240006
0.7506760418136036	0.24932395818639608
0.7504667020343391	0.2495332979656606
0.750953205604793	0.24904679439520666
0.752941500952783	0.24705849904721666
0.7512955903917438	0.24870440960825585
0.7541733992914534	0.24582660070854617
0.7500795928794912	0.24992040712050845
0.7504642073415215	0.2495357926584782
0.7544698612428548	0.2455301387571449
0.7509929617974764	0.24900703820252323
0.7539917611232163	0.2460082388767834
0.7524740829661571	0.24752591703384252
0.7528565824920578	0.2471434175079419
0.7520131593961571	0.24798684060384257
0.7551558005136441	0.24484419948635555
0.7547274635499072	0.2452725364500925
0.7539386848074847	0.246061315192515
0.7547613039200253	0.2452386960799744
0.750922551223453	0.24907744877654675
0.7507093611217659	0.24929063887823383
0.75075914380852	0.24924085619147962
0.7503480687614175	0.24965193123858215
0.7538631403523655	0.2461368596476342
0.7507793143796014	0.24922068562039823
0.7543583198588096	0.24564168014119003
0.7513124494518886	0.24868755054811115
0.7534805285639969	0.24651947143600272
0.7527186493440854	0.24728135065591433
0.7541302029824897	0.24586979701751
0.7527644109444707	0.24723558905552906
0.7530880375681521	0.24691196243184754
0.7550579197749498	0.24494208022504976
0.7513715210242238	0.2486284789757759
0.7551244774120254	0.24487552258797424
0.7519765453348695	0.24802345466513026
0.7510874206223688	0.24891257937763084
0.7526940713851646	0.24730592861483502
0.7499422105488698	0.25005778945112994
0.7537668218267892	0.2462331781732105
0.7501317558616956	0.2498682441383041
0.7540695184820759	0.24593048151792374
0.7511425029433265	0.2488574970566731
0.7515133231333833	0.2484866768666164
0.7542928913540098	0.24570710864598988
0.7499280737141936	0.2500719262858061
0.7523815684007333	0.24761843159926633
0.7551421213756613	0.24485787862433833
0.7501042924432585	0.24989570755674118
0.752017920902363	0.24798207909763675
0.7509333210384823	0.24906667896151735
0.7536039605193654	0.24639603948063427
0.7517831876607739	0.2482168123392257
0.7504172830792792	0.24958271692072043
0.7526267967995665	0.2473732032004332
0.7512415246065918	0.24875847539340784
0.7545949979840432	0.24540500201595655
0.7507990935454383	0.24920090645456144
0.7519912881662352	0.24800871183376455
0.7523263095752438	0.24767369042475584
0.7546344795086011	0.24536552049139854
0.752439324381854	0.24756067561814565
0.7510431676709555	0.24895683232904414
0.7513450285026129	0.24865497149738686
0.753154457225111	0.24684554277488874
0.7520593412393227	0.24794065876067695
0.7518630399615962	0.24813696003840346
0.7535012259428725	0.24649877405712717
0.754502007171274	0.24549799282872564
0.7514993554178919	0.24850064458210774
0.7549290926706401	0.24507090732935954
0.7519805506713686	0.24801944932863107
0.7531055152695095	0.24689448473049014
0.7500925844239801	0.24990741557601964
0.7501271718518248	0.24987282814817485
0.7506007060782847	0.24939929392171506
0.7506837266618788	0.2493162733381209
0.7512217078320733	0.24877829216792635
0.7526549469312076	0.24734505306879206
0.7539800802106076	0.24601991978939203
0.7517472105362304	0.24825278946376933
0.7506326587497709	0.2493673412502287
0.754664651407458	0.2453353485925417
0.7533323290338052	0.24666767096619446
0.7550981686076914	0.24490183139230826
0.7511819292702671	0.24881807072973255
0.7525760071607424	0.2474239928392573
0.7531450703903178	0.24685492960968186
0.7526393826219163	0.24736061737808335
0.7507943579971965	0.2492056420028032
0.7514900165089048	0.24850998349109488
0.7502912049967048	0.24970879500329485
