0.5450764130891179	0.4549235869108817
0.5454150821394588	0.45458491786054095
0.5453526622112239	0.45464733778877575
0.5450633717843346	0.45493662821566505
0.5454218058607812	0.4545781941392185
0.5451250946851912	0.4548749053148084
0.5453906950801174	0.45460930491988233
0.5450412852674263	0.4549587147325733
0.5453627764059701	0.4546372235940296
0.5453494321074784	0.4546505678925213
0.5452621251711682	0.4547378748288315
0.5454495734154576	0.454550426584542
0.5452098477974043	0.4547901522025953
0.545108739693689	0.4548912603063106
0.5451967644205626	0.4548032355794371
0.5451553445361931	0.4548446554638066
0.5451050461441016	0.45489495385589807
0.5454241300849285	0.4545758699150712
0.5453132467613184	0.45468675323868124
0.5453770130605974	0.4546229869394023
0.5453204650254757	0.4546795349745239
0.5452570932209777	0.4547429067790219
0.5453641547164928	0.45463584528350687
0.545129383916075	0.45487061608392465
0.5450854848954438	0.45491451510455577
0.5452422108091706	0.45475778919082915
0.5451374884153083	0.4548625115846914
0.5451375643942761	0.4548624356057236
0.5454235155370712	0.4545764844629284
0.5450722435726014	0.4549277564273982
0.5450340693736088	0.4549659306263909
0.5451912681695738	0.45480873183042586
0.5453502783501669	0.45464972164983275
0.5453814439497748	0.4546185560502248
0.5452160478107115	0.4547839521892881
0.5453342744047085	0.45466572559529117
0.5450973404599371	0.45490265954006265
0.5453624430747723	0.4546375569252274
0.5454610581428058	0.4545389418571939
0.5450365368853946	0.4549634631146051
0.5454177527415471	0.45458224725845253
0.5450811504348935	0.4549188495651062
0.5453907757795713	0.4546092242204283
0.5452062713999191	0.45479372860008066
0.5454398248177188	0.4545601751822808
0.5450805699049694	0.4549194300950302
0.5452670818390895	0.45473291816091016
0.5450343355375541	0.4549656644624456
0.5452574047955014	0.4547425952044982
0.5451761545070298	0.45482384549296984
0.5453238162903197	0.45467618370968
0.5451042391581209	0.4548957608418787
0.5453448944058139	0.45465510559418576
0.5450924271146161	0.45490757288538347
0.5450649800439333	0.4549350199560663
0.545140619092113	0.4548593809078867
0.5454265880868464	0.4545734119131532
0.5454171565955016	0.454582843404498
0.5453827869177185	0.45461721308228115
0.545425414539437	0.45457458546056256
0.545265691044287	0.45473430895571265
0.5452858678871403	0.4547141321128594
0.5450904594457294	0.45490954055427024
0.5450697856897824	0.45493021431021724
0.5451699802473442	0.4548300197526554
0.5454486951513025	0.4545513048486972
0.5453698477035988	0.4546301522964009
0.5453023085377087	0.45469769146229105
0.545225453358893	0.45477454664110656
0.5451898044828343	0.4548101955171654
0.5450419147004888	0.4549580852995109
0.5452986332777096	0.4547013667222901
0.5453071700114568	0.4546928299885429
0.5453695733824003	0.4546304266175993
0.5454078827057331	0.4545921172942665
0.5450780688420478	0.45492193115795193
0.5451917543964678	0.45480824560353184
0.5452973358730936	0.454702664126906
0.5452399037096731	0.4547600962903266
0.5452611650155419	0.45473883498445783
0.5450415020645815	0.4549584979354182
0.5454394807906783	0.4545605192093214
0.5452457368124224	0.4547542631875773
0.5451259546505439	0.4548740453494557
0.5450353259621007	0.454964674037899
0.5452786755074178	0.45472132449258185
0.5452984691122286	0.4547015308877711
0.5452045056285207	0.4547954943714789
0.5451035410568003	0.4548964589431994
0.5451721678524646	0.45482783214753514
0.5450921502508049	0.4549078497491948
0.5450951408250638	0.4549048591749359
0.5452714852094267	0.45472851479057297
0.5453885783804819	0.4546114216195177
0.5450413126923527	0.454958687307647
0.5454135329545216	0.45458646704547817
0.5454144763205134	0.45458552367948624
0.5454333951801016	0.454566604819898
0.5453586226492869	0.45464137735071275
0.5452000551060879	0.45479994489391173
0.5452119675694911	0.4547880324305085
0.545219642992593	0.45478035700740677
0.5451005868134217	0.454899413186578
0.5453653201866681	0.4546346798133316
0.5453230023960585	0.4546769976039412
0.5451631524907309	0.4548368475092688
0.5451030887555246	0.45489691124447507
0.545135327552875	0.4548646724471247
0.5450802509691666	0.45491974903083315
0.5451708864784814	0.4548291135215182
0.5450974122183377	0.4549025877816619
0.5454021144889919	0.45459788551100777
0.5450910061093487	0.4549089938906509
0.545212631560142	0.4547873684398577
0.5453541613086801	0.4546458386913195
0.545385404955355	0.4546145950446446
0.5451901259104303	0.45480987408956935
0.5454077766053456	0.45459222339465416
0.5454239698617668	0.4545760301382329
0.5454313852614904	0.4545686147385093
0.5450312691892462	0.4549687308107535
0.5453998764905527	0.45460012350944695
0.5452104656716031	0.4547895343283965
0.5452108712930899	0.4547891287069098
0.5452500472090062	0.4547499527909935
0.5453907527895971	0.4546092472104026
0.545317250297649	0.45468274970235073
0.5454369426124198	0.45456305738757985
0.5451914513073598	0.45480854869263987
0.5454053052722699	0.4545946947277298
0.5453902026043314	0.4546097973956683
0.5452515530688845	0.4547484469311152
0.5452289119075033	0.45477108809249633
0.5453309793743609	0.4546690206256388
0.5453192203390069	0.45468077966099274
0.5453074672608041	0.4546925327391955
0.5450315834359207	0.4549684165640789
0.5451102338586423	0.4548897661413574
0.5450290310533988	0.45497096894660083
0.5451493640460852	0.45485063595391456
0.5452157579935989	0.4547842420064008
0.5450473699744429	0.4549526300255568
0.5452564656506365	0.4547435343493632
0.5451538947470106	0.45484610525298913
0.5450866517409981	0.45491334825900154
0.5453361364571406	0.45466386354285904
0.5450745737915427	0.454925426208457
0.5452088135228245	0.4547911864771752
0.5454016070055243	0.4545983929944754
0.5452148668731248	0.4547851331268749
0.5454288819669584	0.4545711180330413
0.5453251968734801	0.4546748031265196
0.5452919821740708	0.4547080178259289
0.5451538483733113	0.4548461516266884
0.5454462970571137	0.454553702942886
0.5450690555359345	0.45493094446406507
0.5453975654306873	0.4546024345693123
0.5450748259099477	0.45492517409005195
0.5453673288214578	0.45463267117854184
0.5450956909790277	0.454904309020972
0.5452803364803158	0.4547196635196838
0.5452149293829217	0.45478507061707796
0.5450357154453275	0.4549642845546722
0.5452072631308311	0.45479273686916855
0.5452400558912676	0.45475994410873216
0.5452897841688337	0.45471021583116605
0.5454225489984385	0.45457745100156116
0.5452690595661155	0.4547309404338842
0.5451794715249835	0.4548205284750162
0.5453671989291017	0.454632801070898
0.5453209417154848	0.4546790582845149
0.5451147144730845	0.45488528552691526
0.545037624506568	0.45496237549343166
0.5451844335784864	0.4548155664215133
0.5453335948721559	0.45466640512784373
0.5454207417790835	0.45457925822091616
0.5453793945741569	0.4546206054258428
0.5453946442335145	0.4546053557664852
0.5453955255864165	0.45460447441358315
0.5451015297962185	0.45489847020378116
0.5454171501222084	0.4545828498777913
0.5452587580154784	0.45474124198452126
0.5454010275379496	0.45459897246205005
0.5451963952551909	0.45480360474480874
0.5452199732523848	0.4547800267476148
0.5454565017461566	0.4545434982538431
0.545215962556518	0.4547840374434816
0.5452325546017434	0.4547674453982563
0.5451569889190844	0.4548430110809153
0.5450382532308551	0.4549617467691445
0.5451269737670047	0.45487302623299497
0.5453814659678292	0.45461853403217045
0.5453011622170606	0.4546988377829391
0.5451405043095865	0.45485949569041323
0.5452860193305614	0.45471398066943824
0.5451864321862895	0.4548135678137102
0.5451941315830525	0.4548058684169472
0.5450807274157468	0.4549192725842529
0.5451839615080508	0.4548160384919488
0.5450357158354875	0.45496428416451223
0.545049311754944	0.45495068824505563
0.5451357207491372	0.45486427925086254
0.5451662144208951	0.4548337855791046
0.5452055078075213	0.4547944921924783
0.5452527707730511	0.4547472292269485
0.5452856796643796	0.4547143203356201
0.5450432686879144	0.45495673131208525
0.545028837122927	0.45497116287707257
0.5451165659049432	0.4548834340950565
0.545453728695424	0.4545462713045757
0.5451798052001933	0.45482019479980645
0.545281503603918	0.4547184963960816
0.5451041799109955	0.45489582008900414
0.5450393763082385	0.4549606236917612
0.5450621868027159	0.4549378131972837
0.5453021556808911	0.45469784431910854
0.5452211261616203	0.45477887383837934
0.5452424668704026	0.4547575331295971
0.5453348834993624	0.45466511650063723
0.5452561860344087	0.454743813965591
0.5453707850229381	0.45462921497706155
0.5452785205068841	0.4547214794931156
0.5450403017433644	0.4549596982566353
0.5451098080750102	0.4548901919249895
0.5451033441623815	0.4548966558376182
0.5451849354550589	0.4548150645449408
0.5453053576184296	0.4546946423815701
0.5454529810015072	0.45454701899849254
0.545212283686337	0.4547877163136626
0.5453673379008167	0.45463266209918296
0.5452829214134641	0.4547170785865356
0.5453946425946867	0.45460535740531294
0.5451745612300916	0.45482543876990805
0.5452481600829607	0.45475183991703894
0.5451998082270787	0.45480019177292097
0.545121952498285	0.4548780475017147
0.545212160162456	0.4547878398375437
0.5450333033917679	0.4549666966082317
0.5451093934869405	0.4548906065130592
0.5452660050600859	0.45473399493991373
0.5452592294792306	0.45474077052076917
0.5453812865633183	0.45461871343668137
0.5452958746887222	0.45470412531127746
0.5451302048311926	0.45486979516880716
0.5453165913651785	0.4546834086348212
0.5451347634717452	0.45486523652825456
0.5452496889300116	0.45475031106998814
0.5451610598407349	0.45483894015926474
0.5453803736170572	0.4546196263829425
0.5452469146456798	0.45475308535431985
0.545222383513554	0.4547776164864457
0.5454625290789691	0.4545374709210306
0.5452874544177763	0.45471254558222346
0.5450398134960507	0.454960186503949
0.5453780728109353	0.45462192718906436
0.5450468275522741	0.4549531724477256
0.5453626206473592	0.4546373793526404
0.5451286588348472	0.4548713411651525
0.5451786229743291	0.4548213770256706
0.5453168382437144	0.4546831617562853
0.5454002517907034	0.45459974820929633
0.5451496168691453	0.4548503831308544
0.5453349352078921	0.45466506479210755
0.5451108225192446	0.4548891774807551
0.5451568382975585	0.45484316170244127
0.5450552616908897	0.4549447383091099
0.5452892671526547	0.454710732847345
0.5453715762466466	0.4546284237533531
0.5451978459058301	0.4548021540941696
0.5451128263345884	0.4548871736654113
0.5451984977935684	0.45480150220643123
0.5451434711734221	0.4548565288265776
0.5452730255459639	0.45472697445403576
0.545199885837506	0.45480011416249366
0.5453797046794417	0.4546202953205579
0.5451425759637384	0.4548574240362612
0.5453450411916313	0.4546549588083683
0.5454383972109127	0.45456160278908697
0.5453461557522946	0.45465384424770505
0.5451679463023036	0.4548320536976961
0.5451208583922634	0.4548791416077363
0.5452428724685093	0.4547571275314903
0.5452233291750134	0.4547766708249863
0.5451531690092088	0.4548468309907908
0.5453291866646713	0.45467081333532827
0.5451045542857392	0.4548954457142604
0.5451826221189979	0.45481737788100174
0.5454071187236533	0.45459288127634634
0.545292610396008	0.4547073896039917
0.5451816669268835	0.4548183330731162
0.5452422556712787	0.45475774432872096
0.5450519060869194	0.4549480939130803
0.5451560931086992	0.4548439068913005
0.5451411987421048	0.45485880125789485
0.5450553480878508	0.4549446519121488
0.5454069369751208	0.45459306302487895
0.5453512042933856	0.4546487957066141
0.5451677947159156	0.45483220528408413
0.5453885111642854	0.4546114888357143
0.5452369484958312	0.4547630515041685
0.5452391699352699	0.45476083006472984
0.5453316585995073	0.45466834140049245
0.545055121521565	0.4549448784784347
0.5453752837638393	0.45462471623616035
0.5452773370708377	0.454722662929162
0.5451699943796162	0.4548300056203835
0.5450673609922514	0.4549326390077483
0.5451426138329368	0.45485738616706284
0.5454303228229178	0.4545696771770818
0.5452818448287967	0.45471815517120295
0.5450371591104142	0.4549628408895855
0.5450894000256196	0.4549105999743801
0.5453630300332853	0.4546369699667143
0.5451878439438183	0.45481215605618147
0.5453190450378648	0.45468095496213484
0.5450595745177707	0.454940425482229
0.5453388301954939	0.45466116980450577
0.5454257669363117	0.4545742330636879
0.5452252253220276	0.4547747746779721
0.5451014444375912	0.4548985555624085
0.5451631688730537	0.45483683112694595
0.545415923975839	0.45458407602416057
0.5451794738514203	0.4548205261485794
0.5450827432304867	0.45491725676951306
0.5454533265419437	0.45454667345805594
0.5450808831784372	0.45491911682156255
0.5452626739020283	0.45473732609797135
0.5450861177358122	0.4549138822641875
0.545455942280664	0.4545440577193357
0.545128437254452	0.45487156274554763
0.5452777719267692	0.4547222280732305
0.5453314408956763	0.45466855910432336
0.5453761306281649	0.4546238693718348
0.5453795730217356	0.45462042697826416
0.5452068924186286	0.4547931075813711
0.545385345855611	0.4546146541443887
0.5451737434991945	0.45482625650080527
0.5454448216032058	0.4545551783967938
0.5450536149731833	0.4549463850268164
0.5453043805844157	0.454695619415584
0.5453418493278697	0.45465815067213006
0.5452800392285079	0.4547199607714918
0.5451090566130609	0.4548909433869388
0.5454032872864235	0.45459671271357616
0.5454180128584271	0.45458198714157266
0.545192064896832	0.4548079351031677
0.5454242189659698	0.4545757810340298
0.5453749822907349	0.4546250177092648
0.5452659419435371	0.45473405805646266
0.5453752858585289	0.45462471414147076
0.5453033887551677	0.454696611244832
0.5454133930642866	0.45458660693571307
0.5450930331779851	0.4549069668220146
0.5453014874760925	0.45469851252390714
0.5453045053616954	0.45469549463830433
0.5454159118858657	0.454584088114134
0.5450377891112963	0.4549622108887033
0.545427906569788	0.45457209343021165
0.5451149089733548	0.4548850910266448
0.5451075118275046	0.45489248817249506
0.5453351525744535	0.45466484742554614
0.5451729708582624	0.4548270291417372
0.5453134300194573	0.4546865699805424
0.5450974569072911	0.4549025430927086
0.5450998778288716	0.4549001221711281
0.5451853359086238	0.45481466409137583
0.5454238393517508	0.45457616064824896
0.5453175072989485	0.45468249270105127
0.5450756971662929	0.4549243028337067
0.5451061391109343	0.45489386088906536
0.5450443348664445	0.4549556651335551
0.5451870192686881	0.45481298073131154
0.5454221603446847	0.45457783965531495
0.5454072250761766	0.4545927749238231
0.5453799690824773	0.45462003091752234
0.5452454138916919	0.4547545861083077
0.5451753008211441	0.4548246991788556
0.5451364848261697	0.45486351517383
0.545166257592555	0.4548337424074447
0.5452547213275518	0.4547452786724478
0.5451124787867812	0.4548875212132185
0.5452924392818689	0.4547075607181308
0.5451740294847978	0.4548259705152019
0.5452078990658757	0.4547921009341239
0.5454601372371523	0.4545398627628474
0.5451528856290677	0.45484711437093195
0.5451005645665753	0.45489943543342437
0.5450426802098108	0.45495731979018883
0.5452601528993885	0.4547398471006112
0.5453210002810207	0.45467899971897896
0.5450458426513545	0.45495415734864514
0.5453838754460835	0.4546161245539162
0.5451672084364302	0.4548327915635695
0.5454297088499136	0.45457029115008607
0.5453682910167785	0.4546317089832211
0.5453546751086187	0.45464532489138093
0.5454458981297666	0.4545541018702331
0.5452639676540869	0.45473603234591276
0.5452489149119605	0.4547510850880392
0.5452588074558219	0.45474119254417783
0.5451055611731638	0.4548944388268359
0.5451749990645647	0.454825000935435
0.5452109624203026	0.454789037579697
0.545263119519157	0.4547368804808427
0.5450537405077429	0.45494625949225675
0.5452641186843739	0.45473588131562576
0.5453324312693512	0.4546675687306485
0.5452687599555641	0.4547312400444356
0.5453454508067392	0.4546545491932604
0.5450713184660857	0.45492868153391397
0.5453479606136683	0.4546520393863314
0.5450623494415766	0.45493765055842306
0.5450717173674311	0.4549282826325685
0.5454178671596553	0.45458213284034427
0.5453087533835379	0.4546912466164617
0.545430387903897	0.4545696120961027
0.5451727123845633	0.4548272876154364
0.5451014151519654	0.4548985848480342
0.5451156429487175	0.4548843570512821
0.545442808106693	0.4545571918933067
0.5454438764454015	0.4545561235545982
0.5453075430764149	0.4546924569235848
0.5453545145538231	0.4546454854461766
0.545079708180477	0.4549202918195227
0.5453584611931162	0.4546415388068835
0.545461060260257	0.4545389397397427
0.5454470521588919	0.45455294784110784
0.5451488412120915	0.4548511587879081
0.5450561091119486	0.4549438908880511
0.5453623844878415	0.45463761551215814
0.5451923278800022	0.4548076721199975
0.5451873253939188	0.4548126746060809
0.5452247892908786	0.4547752107091211
0.5453778707333918	0.45462212926660783
0.5453015480883208	0.45469845191167885
0.5451665995210172	0.4548334004789824
0.5452634958879762	0.4547365041120235
0.5452484664109336	0.45475153358906606
0.5453620099363764	0.45463799006362327
0.5451231413993591	0.45487685860064053
0.54522516915323	0.4547748308467696
0.5453294983903917	0.454670501609608
0.5453830862006185	0.4546169137993812
0.5454170094791556	0.45458299052084405
0.5451467304311284	0.45485326956887134
0.5454056196170337	0.454594380382966
0.5453562041718947	0.454643795828105
0.5450460720043319	0.4549539279956678
0.5452311197400257	0.454768880259974
0.5452253429623161	0.4547746570376836
0.5450353531151335	0.45496464688486615
0.5453882896313159	0.45461171036868375
0.5450803010652365	0.45491969893476314
0.5452644273672881	0.45473557263271164
0.5451936497016715	0.45480635029832817
0.5452302864134683	0.4547697135865314
0.5452085141678964	0.45479148583210327
0.5452075623258228	0.4547924376741769
0.5454544552626099	0.4545455447373897
0.5454276768796708	0.45457232312032886
0.5454359453763101	0.4545640546236895
0.5452846259360706	0.454715374063929
0.5452366477125147	0.454763352287485
0.5453934212405575	0.4546065787594422
0.5450927835406015	0.45490721645939813
0.5454188333718285	0.45458116662817116
0.5453556074933441	0.45464439250665556
0.5451891184061937	0.454810881593806
0.5450728731955904	0.4549271268044093
0.5450948284686294	0.4549051715313703
0.5450391142242628	0.4549608857757369
0.5450899115429796	0.4549100884570201
0.5453535911740796	0.4546464088259201
0.5452653856133058	0.4547346143866938
0.545171977742226	0.45482802225777363
0.545062800982059	0.4549371990179407
0.5450823196308958	0.45491768036910385
0.5454147863513785	0.4545852136486211
0.5452664138555405	0.45473358614445913
0.5450728879085873	0.45492711209141234
0.545307641441601	0.4546923585583987
0.5452073171401914	0.45479268285980823
0.5451073808541459	0.45489261914585377
0.5453565151280263	0.45464348487197337
0.5454160721601554	0.45458392783984425
0.5452473241888648	0.45475267581113493
0.5452591765845843	0.4547408234154154
0.5451115995914081	0.4548884004085916
0.5450356336477272	0.45496436635227244
0.5454453657328888	0.45455463426711085
0.5451909604978981	0.45480903950210155
0.5452165547046116	0.45478344529538806
0.5453534345024547	0.454646565497545
0.5453020118315746	0.4546979881684251
0.5452803851435224	0.4547196148564772
0.5453566794915811	0.45464332050841855
0.5450513308218051	0.4549486691781945
0.5451900632771074	0.4548099367228923
0.5452231416252078	0.4547768583747918
0.5452395399669451	0.45476046003305465
0.5451210437486205	0.45487895625137914
0.5451887949556131	0.4548112050443865
0.5451621949445637	0.454837805055436
0.5451094807237463	0.45489051927625335
0.5451731525997234	0.45482684740027624
0.5452963248916517	0.4547036751083479
0.5451244386083308	0.45487556139166885
0.5452013057046482	0.4547986942953514
0.5450380699904296	0.4549619300095701
0.5452770682121222	0.4547229317878775
0.5452893613095087	0.454710638690491
0.5450570032406471	0.4549429967593525
0.5451607219738507	0.45483927802614893
0.545171478160657	0.45482852183934264
0.545389775158658	0.45461022484134167
0.5452939799846261	0.4547060200153735
0.5453244057546812	0.4546755942453185
0.545150619672166	0.4548493803278336
0.5453188480404909	0.4546811519595087
0.5452904761010706	0.45470952389892905
0.5452744874162805	0.4547255125837192
0.5451054701706438	0.4548945298293559
0.5454428366253292	0.4545571633746705
0.5454205011568939	0.4545794988431058
0.5450751694877766	0.45492483051222316
0.5453589307546551	0.4546410692453446
0.5454417601435549	0.45455823985644467
0.5453959106312768	0.4546040893687229
0.5453759205503388	0.4546240794496608
0.5450297310541492	0.4549702689458504
0.5451735449859367	0.454826455014063
0.5453072946666793	0.4546927053333204
0.5452371504935968	0.45476284950640283
0.5452378398139505	0.4547621601860492
0.5454034746841574	0.45459652531584227
0.5453240704761881	0.45467592952381153
0.5453905661161053	0.4546094338838944
0.5451753253916803	0.4548246746083194
0.5452632513549374	0.4547367486450623
0.545195041752617	0.45480495824738265
0.5454468551644767	0.45455314483552295
0.5453797593242238	0.4546202406757759
0.5453614246722954	0.45463857532770424
0.5453927695664543	0.45460723043354534
0.5452297254255664	0.4547702745744333
0.5451834323008173	0.4548165676991823
0.545137383895567	0.4548626161044327
0.5451060941901503	0.4548939058098493
0.5453936238765245	0.45460637612347515
0.5452098021931255	0.4547901978068741
0.5451677397940344	0.4548322602059653
0.5450770602780552	0.4549229397219444
0.5454580839630971	0.4545419160369025
0.5451880110083357	0.45481198899166403
0.5453062244082215	0.45469377559177815
0.5450888979139586	0.454911102086041
0.5453804144832034	0.4546195855167962
0.5453243963730594	0.45467560362694026
0.545064307354727	0.4549356926452726
0.5450790993146386	0.4549209006853611
0.5451714825162566	0.45482851748374314
0.5453590875616509	0.4546409124383488
0.5452706498188904	0.45472935018110927
0.5453985825614673	0.45460141743853233
0.5453540577236499	0.45464594227634975
0.5451046390919408	0.4548953609080588
0.5451168601051795	0.45488313989482015
0.5451754847757465	0.4548245152242531
0.5452055587176208	0.4547944412823789
0.5452456299051343	0.45475437009486536
0.545356364346025	0.4546436356539747
0.5454333600097545	0.4545666399902452
0.545136321446576	0.4548636785534237
0.5451863572068435	0.45481364279315617
0.5453744394453426	0.4546255605546571
0.545348662330043	0.45465133766995675
0.5451597125311352	0.4548402874688645
0.5452482489780669	0.4547517510219327
0.5454535812702743	0.4545464187297253
0.5451099021184562	0.45489009788154344
0.5453768584307185	0.4546231415692812
0.5454465534161165	0.4545534465838832
0.5453557936780543	0.4546442063219454
0.5452470512752086	0.4547529487247911
0.5451570219737594	0.4548429780262403
0.5452447654203981	0.4547552345796016
0.545230022480916	0.45476997751908366
0.5453394934053515	0.4546605065946482
0.545354226502065	0.45464577349793467
0.5453835238265499	0.45461647617344986
0.5452688326130065	0.4547311673869932
0.5454515316675073	0.4545484683324924
0.5454278058436693	0.4545721941563303
0.5451931456082122	0.4548068543917875
0.5453186492914496	0.4546813507085501
0.5452523053826106	0.4547476946173891
0.5452493653752415	0.4547506346247582
0.5454076694280368	0.45459233057196297
0.5453976155386988	0.45460238446130086
0.5452226644794735	0.4547773355205261
0.5453485369882904	0.4546514630117093
0.5453906122176886	0.4546093877823111
0.5450516571150443	0.4549483428849553
0.5450995841409867	0.454900415859013
0.5450372338740905	0.4549627661259092
0.5452507533227139	0.45474924667728583
0.5454578527942311	0.4545421472057686
0.5452252032093019	0.4547747967906977
0.5454386040678268	0.45456139593217276
0.5450712297437063	0.4549287702562934
0.5450294755746903	0.45497052442530933
0.54517791147612	0.4548220885238796
0.5453321468368018	0.4546678531631979
0.5451956548527203	0.4548043451472794
0.545067636393506	0.4549323636064937
0.5452908831368001	0.45470911686319954
0.5452399790023135	0.4547600209976862
0.5453662391495384	0.4546337608504612
0.5453283368154471	0.45467166318455254
0.545166223805826	0.45483377619417364
0.5452353687704172	0.4547646312295824
0.5450739022184573	0.4549260977815424
0.5451120644737629	0.4548879355262368
0.5452737922056522	0.4547262077943475
0.5454050448523967	0.45459495514760295
0.545167334571299	0.4548326654287007
0.545142604238481	0.4548573957615187
0.5452844044046234	0.4547155955953762
0.5452205751331188	0.4547794248668808
0.5453243278608815	0.45467567213911814
0.5454028427429055	0.45459715725709415
0.5454393904541007	0.45456060954589894
0.5451111392414834	0.4548888607585163
0.5450799300780189	0.45492006992198075
0.5450411601628843	0.4549588398371154
0.5451126981899099	0.4548873018100898
0.5454307661363085	0.45456923386369114
0.5450436985557066	0.45495630144429305
0.5453094202822022	0.4546905797177975
0.5451340007227043	0.4548659992772953
0.5452029132008888	0.45479708679911085
0.5452883574320218	0.4547116425679779
0.5451751510760428	0.45482484892395697
0.5450697192933961	0.45493028070660363
0.5453132804909706	0.45468671950902906
0.545295844135745	0.45470415586425467
0.5451248768626222	0.4548751231373775
0.5453151666374527	0.454684833362547
0.5451040504229495	0.4548959495770501
0.5453659536037999	0.45463404639619975
0.5454446274074468	0.45455537259255285
0.5453339508703697	0.4546660491296299
0.5454331575206459	0.45456684247935375
0.5450295331743187	0.454970466825681
0.5451794286953162	0.4548205713046835
0.5453069679038584	0.4546930320961413
0.5450921646493376	0.4549078353506621
0.5452186987642827	0.4547813012357169
0.5453525565263868	0.4546474434736128
0.5454403052973036	0.454559694702696
0.545327639738044	0.4546723602619557
0.5452033185983578	0.45479668140164187
0.5452292125909349	0.4547707874090648
0.5453097348019844	0.45469026519801525
0.5451187510721067	0.45488124892789294
0.5450365423252083	0.4549634576747914
0.5451201231725114	0.4548798768274883
0.545376343558661	0.4546236564413386
0.5451261695697462	0.45487383043025337
0.5454083001355253	0.45459169986447434
0.5452754810295157	0.45472451897048394
0.5451473680133182	0.45485263198668147
0.5453846844211845	0.4546153155788152
0.5453364617753717	0.454663538224628
0.545238798070889	0.4547612019291106
0.5451878897106388	0.45481211028936086
0.5454594230180227	0.454540576981977
0.5453699750884609	0.4546300249115388
0.5451236077302715	0.45487639226972826
0.545041956576518	0.4549580434234817
0.5454536241899101	0.4545463758100896
0.54541481865877	0.45458518134122966
0.5450423527389179	0.4549576472610818
0.5453845552569258	0.4546154447430739
0.5451880952695798	0.45481190473041994
0.5452562105223705	0.45474378947762917
0.5450706635499654	0.45492933645003425
0.5452699441138265	0.45473005588617327
0.5454501293727222	0.4545498706272775
0.5452188970255188	0.45478110297448077
0.5450768236329143	0.4549231763670854
0.5452952987493179	0.45470470125068174
0.5450816375139823	0.4549183624860174
0.5451349864356909	0.4548650135643088
0.5453928361299765	0.4546071638700232
0.5451918348735143	0.45480816512648536
0.5450995779076874	0.45490042209231235
0.5453881767569236	0.45461182324307603
0.545389156010614	0.45461084398938567
0.5453578358463529	0.4546421641536468
0.54534495787912	0.45465504212087965
0.5453921342189427	0.454607865781057
0.545229017816712	0.45477098218328765
0.5453580383726138	0.4546419616273859
0.5453682416313989	0.45463175836860076
0.5450896660861013	0.45491033391389835
0.5452382797291044	0.4547617202708953
0.5452277916454807	0.4547722083545189
0.5450626943675784	0.45493730563242135
0.5452293873545768	0.45477061264542284
0.5451255158922976	0.4548744841077021
0.5451292638892922	0.45487073611070744
0.5453420517778763	0.45465794822212335
0.5451327995590945	0.4548672004409051
0.5450540638525878	0.4549459361474118
0.5451956298699585	0.45480437013004116
0.5450824102505027	0.4549175897494969
0.5452582263809338	0.45474177361906587
0.5452932382179073	0.4547067617820924
0.5453093946567523	0.45469060534324734
0.5450514230864434	0.4549485769135563
0.5453621770463936	0.4546378229536061
0.5450825829394589	0.45491741706054084
0.5452885933809183	0.4547114066190814
0.5450962495207534	0.45490375047924625
0.5450592232325099	0.4549407767674898
0.5453002378021821	0.45469976219781755
0.5450724537922722	0.45492754620772746
0.5452321336903098	0.4547678663096899
0.5451218010953768	0.45487819890462294
0.5451450567461342	0.45485494325386544
0.5451411699423467	0.454858830057653
0.5453451580452796	0.45465484195472006
0.5453158178026615	0.4546841821973382
0.5452291493488441	0.4547708506511555
0.5451433897946438	0.45485661020535584
0.5453823827010066	0.4546176172989931
0.5454301848424236	0.4545698151575761
0.5453879241940726	0.45461207580592716
0.5453014172842232	0.45469858271577646
0.5454367618332778	0.45456323816672184
0.5451193095385765	0.45488069046142315
0.5454473486703626	0.4545526513296371
0.5451518037085252	0.4548481962914745
0.5453571916054665	0.45464280839453325
0.5453786767821777	0.45462132321782206
0.5454281491778316	0.45457185082216806
0.5451826249511804	0.45481737504881925
0.5451162066320451	0.4548837933679546
0.5452743204653391	0.45472567953466064
0.5452861086716697	0.45471389132832996
0.5450815179264699	0.4549184820735298
0.5454623725748605	0.45453762742513915
0.5453937431091115	0.4546062568908882
0.5452021378306887	0.4547978621693109
0.5452602303856882	0.4547397696143115
0.5451272403288051	0.45487275967119456
0.5453655665547322	0.45463443344526744
0.5453555029490978	0.4546444970509019
0.5452589245618747	0.454741075438125
0.545166270354678	0.4548337296453216
0.545457977083677	0.4545420229163226
0.5450387823924557	0.45496121760754393
0.5452432609294662	0.45475673907053343
0.545348276042952	0.45465172395704767
0.5451866512096167	0.45481334879038293
0.5452077063489805	0.45479229365101914
0.5452871453538078	0.45471285464619177
0.5452659221986746	0.454734077801325
0.545237930276043	0.4547620697239567
0.5451799081343858	0.4548200918656139
0.5454183015911307	0.45458169840886903
0.5453716467461021	0.4546283532538976
0.5453379086167653	0.4546620913832343
0.5452949341909727	0.4547050658090269
0.5453280249539705	0.4546719750460292
0.5452519233764827	0.454748076623517
0.5451673387281963	0.4548326612718034
0.5452982412342956	0.45470175876570407
0.5450494909481685	0.45495050905183115
0.5452781435380157	0.454721856461984
0.5453277983320709	0.45467220166792877
0.5453667117956112	0.4546332882043885
0.5452890865141173	0.4547109134858824
0.545058608664559	0.45494139133544065
0.5452424919884761	0.45475750801152365
0.5452009927782321	0.4547990072217676
0.5451102301327857	0.454889769867214
0.5452049451540533	0.4547950548459464
0.5454397113568763	0.4545602886431234
0.5453044351440948	0.45469556485590484
0.545245168858029	0.4547548311419707
0.5450639393395524	0.4549360606604472
0.5450959377151562	0.4549040622848435
0.5451224846115038	0.4548775153884958
0.5452032319965772	0.4547967680034225
0.5450903794957471	0.4549096205042526
0.5453938818172175	0.4546061181827822
0.5452560040480208	0.4547439959519789
0.5451144016848181	0.4548855983151816
0.5454449601460394	0.45455503985396034
0.5454507882792143	0.4545492117207854
0.5451000471044438	0.4548999528955558
0.5452296291110007	0.4547703708889989
0.5452477752606516	0.4547522247393481
0.5453495651642616	0.4546504348357381
0.5453661037049139	0.4546338962950858
0.5451618588516698	0.4548381411483299
0.5451215115367405	0.4548784884632591
0.5454526326640651	0.4545473673359346
0.5450626910913586	0.454937308908641
0.5452414754085707	0.4547585245914289
0.5451222799643244	0.4548777200356752
0.5454608512053083	0.45453914879469137
0.545116959134563	0.4548830408654367
0.545217177403534	0.45478282259646563
0.5453423108730875	0.4546576891269122
0.545031715567691	0.45496828443230863
0.5451188260388405	0.45488117396115907
0.5452417175558986	0.45475828244410116
0.5450992109746159	0.4549007890253838
0.5452539894067695	0.45474601059323017
0.5454337645715464	0.4545662354284533
0.5453860134281667	0.45461398657183294
0.5454120555174827	0.45458794448251694
0.5450956415382784	0.4549043584617213
0.545085538652327	0.45491446134767266
0.5452024562739539	0.45479754372604575
0.5453378126151204	0.45466218738487935
0.5451063209926303	0.45489367900736927
0.5453672186210938	0.45463278137890584
0.5453666100802697	0.45463338991973007
0.5453512881029315	0.4546487118970681
0.5453782139703871	0.45462178602961256
0.5452267086549141	0.45477329134508565
0.5451819974734368	0.4548180025265629
0.5453458299953827	0.454654170004617
0.5452568937333634	0.4547431062666363
0.5451293285229085	0.4548706714770912
0.5450459915039976	0.45495400849600204
0.5451683774661705	0.45483162253382914
0.5450282062035985	0.45497179379640124
0.545411092053041	0.4545889079469588
0.5450845132689071	0.45491548673109256
0.5453959063659264	0.4546040936340733
0.5453087553248469	0.4546912446751528
0.5453092198498	0.45469078015019965
0.545307676643081	0.45469232335691867
0.5452434607200272	0.45475653927997245
0.5451044407532002	0.4548955592467995
0.5453229808656125	0.4546770191343872
0.5452098235788385	0.4547901764211611
0.5451420009482157	0.4548579990517839
0.5454274965467709	0.45457250345322875
0.5450556791302564	0.4549443208697432
0.5453536067867971	0.4546463932132025
0.5453742371657022	0.45462576283429745
0.5453691238493198	0.4546308761506799
0.545047428519411	0.45495257148058865
0.5450572935699963	0.45494270643000334
0.5451982825130866	0.4548017174869131
0.5454627446315905	0.45453725536840917
0.5453494397134397	0.4546505602865599
0.5452271977720519	0.4547728022279478
0.5450713909908422	0.4549286090091575
0.5451741678795836	0.45482583212041605
0.5452720966790838	0.45472790332091584
0.5452571214783749	0.45474287852162476
0.5453277227408303	0.45467227725916937
0.5453512010934859	0.4546487989065138
0.5450994167621865	0.4549005832378131
0.5453280011869215	0.4546719988130782
0.5454297061577968	0.4545702938422028
0.5451778612571759	0.45482213874282373
0.545282080996264	0.45471791900373576
0.5454082236887807	0.45459177631121894
0.5450879418084306	0.4549120581915691
0.5451250817509969	0.4548749182490028
0.5451274489546493	0.45487255104535046
0.5453410011816275	0.45465899881837213
0.54508330834668	0.4549166916533197
0.5452008806429461	0.4547991193570535
0.5452929743974815	0.45470702560251813
0.5453379455840699	0.4546620544159297
0.5451459656671107	0.4548540343328889
0.5451436851904646	0.45485631480953503
0.5452033084058919	0.45479669159410774
0.5452032462079537	0.4547967537920459
0.5452493364982283	0.45475066350177135
0.5454395509939887	0.454560449006011
0.5450310358404986	0.454968964159501
0.5450351781180902	0.45496482188190945
0.5451517880878081	0.4548482119121916
0.5451413300244975	0.4548586699755022
0.5452860357785971	0.45471396422140253
0.5453496615643145	0.4546503384356852
0.5451026490275339	0.4548973509724658
0.5451677162542217	0.454832283745778
0.545437762165211	0.45456223783478866
0.5453630802568374	0.4546369197431623
0.5454474902757006	0.4545525097242991
0.5452592013547714	0.4547407986452284
0.5453667612761118	0.45463323872388783
0.5453059794954073	0.45469402050459246
0.5451822073156186	0.4548177926843811
0.5450775293412804	0.45492247065871927
0.5450757753885829	0.4549242246114168
0.5453485153890767	0.45465148461092303
0.5454251755863668	0.4545748244136329
0.5450540748275717	0.45494592517242793
0.5452253355103538	0.4547746644896459
0.5453789124924056	0.45462108750759406
0.5454057726615287	0.45459422733847105
0.5454467538949215	0.45455324610507825
0.5454125427538951	0.4545874572461046
0.5451238878618538	0.4548761121381458
0.5452815798697422	0.4547184201302575
0.5451566872322631	0.4548433127677366
0.5451547609546137	0.454845239045386
0.5451158307119575	0.4548841692880422
0.5450693492414493	0.4549306507585503
0.5452629509647023	0.4547370490352974
0.5453085624663261	0.4546914375336736
0.5450679001128762	0.4549320998871235
0.5452440397842172	0.45475596021578246
0.5452790378002166	0.45472096219978303
0.5452596951143925	0.4547403048856071
0.5452589420876002	0.4547410579123995
0.5452511463456278	0.4547488536543719
0.5453393156958284	0.4546606843041713
0.5450846665879018	0.4549153334120979
0.5453707254127582	0.45462927458724145
0.5453681401124828	0.4546318598875169
0.5454193340194075	0.45458066598059227
0.5450670898097044	0.45493291019029525
0.5450606239249643	0.4549393760750353
0.5451423815564254	0.45485761844357425
0.5451651913199381	0.4548348086800615
0.5451699323671896	0.4548300676328101
0.5453067453745303	0.4546932546254694
0.5451392799996135	0.4548607200003862
0.5451451557201352	0.45485484427986445
0.5452656061756121	0.45473439382438746
0.5452481620743763	0.4547518379256233
0.5452033651109608	0.4547966348890389
0.5452352193305274	0.45476478066947223
0.545306164175191	0.4546938358248087
0.54541160861749	0.45458839138250956
0.545430177010424	0.45456982298957566
0.5451736204636848	0.4548263795363149
0.5452297821262903	0.45477021787370947
0.5453395855606538	0.4546604144393459
0.5450485939541183	0.45495140604588136
0.5451789533984283	0.45482104660157147
0.5450573689010481	0.45494263109895167
0.5453099653508195	0.4546900346491802
0.5452325527130185	0.4547674472869811
0.5453246311099071	0.45467536889009247
0.5453307416094034	0.45466925839059624
0.5452313140676164	0.4547686859323833
0.545099395447897	0.4549006045521026
0.5453465884966753	0.45465341150332433
0.5450414280751114	0.4549585719248883
0.5452458240860552	0.4547541759139445
0.5452085091228429	0.45479149087715676
0.5454586055999863	0.4545413944000134
0.545412729696811	0.4545872703031887
0.5453587694729566	0.45464123052704314
0.5453709280170879	0.4546290719829118
0.5453264733107779	0.45467352668922173
0.545183168651617	0.45481683134838274
0.5451465042798616	0.4548534957201381
0.5452619535042432	0.45473804649575644
0.5451407282174778	0.45485927178252183
0.5454221225837215	0.4545778774162782
0.5453686269704869	0.45463137302951273
0.5452818429240893	0.4547181570759104
0.5450588804458975	0.4549411195541022
0.5453641349808115	0.4546358650191882
0.5451991461741165	0.4548008538258832
0.5453703161632669	0.45462968383673275
0.5451807885521373	0.4548192114478624
0.5454575319330208	0.4545424680669789
0.5451007463366989	0.45489925366330075
0.545257289392814	0.45474271060718563
0.5453350970899891	0.4546649029100106
0.5453005320534147	0.45469946794658495
0.5454547971670122	0.4545452028329875
0.5454179511952727	0.4545820488047269
0.5454037846605038	0.4545962153394959
0.5451637345547221	0.45483626544527755
0.5451037165754963	0.45489628342450333
0.5453841784507504	0.45461582154924923
0.5451286547798091	0.45487134522019057
0.5450331876897401	0.4549668123102596
0.5452668280079578	0.4547331719920419
0.5452482821493488	0.4547517178506508
0.545074208602291	0.45492579139770856
0.5453049496167858	0.45469505038321395
0.5453531456423802	0.4546468543576194
