0.6978931615987056	0.302106838401294
0.6982920620460084	0.3017079379539913
0.6985037085810728	0.30149629141892687
0.6984961951614252	0.30150380483857436
0.6989912341550093	0.30100876584499037
0.6984397309885504	0.3015602690114493
0.6983495755402458	0.3016504244597539
0.6979482014010634	0.30205179859893627
0.6980269350559855	0.3019730649440142
0.6980691022434778	0.3019308977565218
0.6990817533976694	0.30091824660233024
0.6979020309252335	0.3020979690747662
0.6987053289187661	0.3012946710812335
0.697882128180777	0.3021178718192227
0.6979549266634721	0.3020450733365276
0.6983487806151474	0.30165121938485223
0.6987837447430416	0.30121625525695805
0.6984217764858428	0.30157822351415686
0.6979803776488515	0.3020196223511482
0.6984814771641519	0.3015185228358478
0.6981409628140981	0.30185903718590157
0.6988710397950624	0.3011289602049373
0.6982268688690397	0.30177313113095994
0.6988273034976012	0.3011726965023984
0.6980920099664298	0.30190799003356983
0.6984000020150836	0.30159999798491616
0.6982817584669411	0.3017182415330586
0.6986161546796446	0.3013838453203551
0.6978731625590788	0.30212683744092084
0.6979520646856783	0.30204793531432134
0.6983969076728747	0.30160309232712496
0.6990402898452586	0.3009597101547411
0.6990212157819772	0.3009787842180225
0.698330266433056	0.3016697335669437
0.6983022393841386	0.30169776061586107
0.6981304356047163	0.30186956439528334
0.6983580296253569	0.3016419703746428
0.6989048799302358	0.3010951200697639
0.6985472775857815	0.30145272241421817
0.6987351948483586	0.3012648051516411
0.6980673981474019	0.30193260185259774
0.6985945875667267	0.301405412433273
0.6987714937007614	0.30122850629923825
0.6986760260296676	0.30132397397033206
0.6986489021637107	0.301351097836289
0.698440093082034	0.30155990691796564
0.6986508962962867	0.30134910370371293
0.6985715590292833	0.3014284409707164
0.698166202990925	0.3018337970090747
0.6979646277226483	0.3020353722773514
0.6986745878174605	0.3013254121825392
0.6989469680350573	0.3010530319649423
0.6986029351367941	0.3013970648632056
0.6979747588254286	0.302025241174571
0.6979104513153085	0.30208954868469123
0.6983280711283455	0.3016719288716542
0.6981438763377983	0.30185612366220144
0.6988764321415332	0.3011235678584665
0.6984324669417878	0.3015675330582118
0.6983826732271008	0.3016173267728989
0.6990695671867257	0.3009304328132739
0.6984673147559024	0.30153268524409726
0.6985603887597239	0.30143961124027574
0.6986854662265132	0.30131453377348655
0.6984514188352178	0.3015485811647819
0.6978526069568891	0.30214739304311056
0.6981717946105285	0.3018282053894712
0.6981709121115938	0.30182908788840584
0.6984683307381203	0.3015316692618794
0.6982127167993621	0.3017872832006375
0.6989741385815368	0.3010258614184629
0.69827346231711	0.3017265376828897
0.6989380070388371	0.30106199296116254
0.6980203713699579	0.3019796286300418
0.6982950067436917	0.3017049932563079
0.6988629021504169	0.3011370978495827
0.6981356129932164	0.30186438700678325
0.6978583732932209	0.30214162670677885
0.6981918423919327	0.301808157608067
0.6986109137644543	0.3013890862355454
0.6981770828606444	0.3018229171393553
0.6986264863494887	0.301373513650511
0.6990625583679125	0.30093744163208713
0.6988713773057399	0.3011286226942598
0.6979214717865824	0.3020785282134173
0.6983434799300946	0.30165652006990507
0.6983770531490071	0.30162294685099256
0.6978958762114945	0.30210412378850515
0.6988553154829813	0.30114468451701837
0.6986823432381057	0.3013176567618939
0.6990200437515767	0.300979956248423
0.6989252231453165	0.30107477685468326
0.698342250675649	0.30165774932435063
0.6986200674652622	0.3013799325347375
0.6981165414392778	0.30188345856072185
0.698822894617086	0.3011771053829137
0.6983203145313917	0.301679685468608
0.6989371378454974	0.30106286215450234
0.6983396851305862	0.30166031486941347
0.6979956239813805	0.3020043760186191
0.6983391986985307	0.301660801301469
0.6981271013732204	0.3018728986267793
0.6989782502464359	0.30102174975356377
0.6979207368567939	0.30207926314320577
0.6983260983600675	0.30167390163993213
0.6989337899503452	0.3010662100496545
0.6984509425102309	0.3015490574897688
0.6985726322497847	0.3014273677502149
0.6987071395417951	0.3012928604582046
0.6982765369899997	0.30172346300999997
0.6984432661282179	0.3015567338717817
0.6987342876665016	0.3012657123334981
0.6990650251053272	0.3009349748946725
0.698673731186403	0.3013262688135967
0.6986319526676582	0.30136804733234146
0.6989962926271649	0.30100370737283483
0.698918788879566	0.3010812111204337
0.6984231296423866	0.301576870357613
0.6988823383207129	0.3011176616792868
0.6983146188133313	0.3016853811866683
0.6982749287259831	0.3017250712740166
0.6988647919373586	0.30113520806264105
0.6987405767712872	0.30125942322871246
0.6986277267890731	0.3013722732109265
0.698401392744129	0.3015986072558707
0.6979097984739564	0.30209020152604327
0.6987779730384307	0.30122202696156897
0.6987999703668394	0.3012000296331603
0.698909365700981	0.3010906342990187
0.6986847107758538	0.3013152892241458
0.6987291842612205	0.3012708157387791
0.6985517378003818	0.30144826219961784
0.6978946835926167	0.3021053164073829
0.6988839737699017	0.30111602623009787
0.6988609502998528	0.3011390497001468
0.6978446754470202	0.3021553245529794
0.6981944389523955	0.30180556104760414
0.6978850550745744	0.30211494492542523
0.6979292144358582	0.30207078556414146
0.6980060468798008	0.30199395312019883
0.6990827940838037	0.300917205916196
0.6982697133853488	0.30173028661465084
0.698113104902383	0.3018868950976167
0.6983469213967701	0.30165307860322954
0.6978177737416482	0.30218222625835145
0.699029114546158	0.3009708854538417
0.6979769287437432	0.30202307125625655
0.6985923437636259	0.3014076562363738
0.6988500246042115	0.30114997539578814
0.6979808088851209	0.3020191911148787
0.6982708431152752	0.30172915688472446
0.6978563414097388	0.3021436585902608
0.6988439769541823	0.30115602304581734
0.6989599821776223	0.3010400178223773
0.6988608042660689	0.3011391957339307
0.699061749063731	0.3009382509362687
0.6978614907394713	0.3021385092605284
0.6988043620138663	0.30119563798613336
0.6986253751497953	0.30137462485020433
0.6986426407051142	0.3013573592948855
0.6982039699869383	0.3017960300130613
0.699027654768778	0.3009723452312216
0.6980054150256423	0.3019945849743574
0.6986402429473255	0.3013597570526742
0.6978224153774589	0.30217758462254074
0.6984373870063303	0.3015626129936693
0.6989041002264351	0.30109589977356455
0.6983197851369076	0.3016802148630921
0.6981341885783747	0.30186581142162494
0.6983039652383324	0.3016960347616673
0.6983554616999196	0.3016445383000801
0.6982429828891716	0.30175701711082803
0.6978672772115824	0.30213272278841724
0.6984919592035299	0.30150804079646976
0.6980604979551183	0.3019395020448814
0.6989810187880394	0.3010189812119603
0.6978441763026199	0.3021558236973798
0.6985212251209117	0.3014787748790879
0.697813458339101	0.30218654166089864
0.6980117672920003	0.30198823270799935
0.6978393426434488	0.30216065735655084
0.6978564799366838	0.3021435200633159
0.6979808882639089	0.30201911173609075
0.6983115221615943	0.30168847783840536
0.6981736887811691	0.3018263112188305
0.6984078477474531	0.30159215225254654
0.698387178844577	0.30161282115542265
0.6985914613871422	0.3014085386128574
0.6985999217150818	0.3014000782849178
0.6979177917498198	0.3020822082501799
0.6979550986978437	0.302044901302156
0.6983641050476194	0.3016358949523803
0.6990145321951147	0.300985467804885
0.6989817074078135	0.30101829259218615
0.6981883834443339	0.3018116165556658
0.6985173531013076	0.30148264689869214
0.6989602674039428	0.30103973259605693
0.6982694273504626	0.30173057264953707
0.6981189002684213	0.3018810997315784
0.6978598827826423	0.30214011721735734
0.6981124521805618	0.30188754781943783
0.6982132222881127	0.301786777711887
0.6990166177129971	0.30098338228700255
0.6985001519573232	0.3014998480426765
0.6988657511735004	0.30113424882649925
0.6988589683890573	0.3011410316109424
0.698300269750514	0.3016997302494857
0.6986698333674439	0.30133016663255574
0.698881264080274	0.3011187359197257
0.6984302857222725	0.30156971427772716
0.6985505054364355	0.3014494945635642
0.6980781803144196	0.3019218196855801
0.6984340952316023	0.3015659047683974
0.698998821202138	0.3010011787978617
0.6989353763908697	0.30106462360913
0.698543996464724	0.30145600353527563
0.6979955711609707	0.302004428839029
0.6981507983703417	0.301849201629658
0.6984635226389375	0.30153647736106215
0.6980872459063234	0.30191275409367624
0.6988584080540988	0.30114159194590084
0.6979771923235316	0.30202280767646805
0.6989265805415854	0.3010734194584142
0.6978119408824542	0.3021880591175454
0.6984539307092767	0.3015460692907229
0.6983963264316843	0.3016036735683154
0.6981215014904177	0.3018784985095819
0.6982500572594126	0.30174994274058703
0.6983511463643756	0.3016488536356241
0.6981658878836662	0.3018341121163335
0.6981446589456852	0.30185534105431444
0.698160384608208	0.3018396153917917
0.6979216789708332	0.30207832102916643
0.6982823534623781	0.30171764653762156
0.6980494355499229	0.3019505644500768
0.6980942332395628	0.3019057667604369
0.6987113957980607	0.3012886042019389
0.6990448422060691	0.30095515779393056
0.6986680125854585	0.30133198741454115
0.6986605303230373	0.3013394696769623
0.6987298312922355	0.30127016870776413
0.6986169461446945	0.30138305385530517
0.6979743856507893	0.3020256143492104
0.6983623966693709	0.3016376033306287
0.6988006313522565	0.3011993686477432
0.6979607623548896	0.30203923764511004
0.6988870126316105	0.3011129873683892
0.6981181979492606	0.30188180205073917
0.6988373320877429	0.30116266791225677
0.698797769741357	0.3012022302586427
0.6984816698123528	0.3015183301876469
0.6979902275964807	0.302009772403519
0.6983332357143885	0.3016667642856111
0.6984466585347441	0.3015533414652556
0.6987710780705829	0.3012289219294167
0.6984832026743735	0.3015167973256262
0.6988503326012514	0.30114966739874827
0.6981249373405267	0.30187506265947295
0.6989245320660882	0.3010754679339115
0.6986756206391176	0.30132437936088213
0.6980122020401436	0.30198779795985603
0.6990854457121173	0.3009145542878824
0.698235901482789	0.30176409851721064
0.6984122520959701	0.30158774790402954
0.6982964266375401	0.30170357336245957
0.6979831886539264	0.3020168113460733
0.6984010045144333	0.30159899548556635
0.6982878457714506	0.301712154228549
0.6988800962409797	0.30111990375902
0.6990745519531449	0.3009254480468547
0.6986956458807887	0.301304354119211
0.6984485571338079	0.3015514428661918
0.6983177270818766	0.3016822729181231
0.6990641251785986	0.30093587482140105
0.6984893082431406	0.3015106917568591
0.6981954515577	0.3018045484422996
0.6986097213631287	0.30139027863687096
0.698054039935983	0.30194596006401664
0.6986565811484159	0.3013434188515838
0.6981022542968276	0.30189774570317207
0.6981135417621065	0.3018864582378932
0.6980341737942661	0.30196582620573353
0.6989435785787997	0.3010564214211999
0.6985987544000996	0.3014012455999001
0.6979752705414579	0.30202472945854175
0.699027025703268	0.30097297429673164
0.6987274889643489	0.3012725110356508
0.6989800270385076	0.3010199729614921
0.6989001602949563	0.3010998397050434
0.6988197735282446	0.3011802264717551
0.6984319985782983	0.30156800142170137
0.6990439350747054	0.30095606492529425
0.6982460722938262	0.30175392770617354
0.698454917456335	0.3015450825436647
0.6982359195642858	0.3017640804357139
0.6984950891516015	0.3015049108483982
0.6981567538638089	0.3018432461361907
0.6981265762304751	0.30187342376952453
0.6990257405484512	0.3009742594515484
0.6981519296372369	0.3018480703627628
0.697851694426844	0.30214830557315564
0.6983702082352445	0.3016297917647552
0.6988413332545595	0.3011586667454402
0.6985155969354566	0.301484403064543
0.6980556765045512	0.3019443234954484
0.6980019724957078	0.30199802750429183
0.6981366124149393	0.30186338758506037
0.6980068248639252	0.3019931751360745
0.6987937024402784	0.3012062975597212
0.6978841757965817	0.30211582420341804
0.6985361555642249	0.3014638444357748
0.697920681136571	0.3020793188634287
0.6983905515088914	0.30160944849110827
0.6990453531002627	0.30095464689973694
0.6978456978942129	0.30215430210578675
0.6984901203713005	0.30150987962869913
0.698995637239909	0.3010043627600907
0.6987427755893918	0.30125722441060787
0.6985135107703823	0.3014864892296174
0.6987008193337285	0.30129918066627115
0.6983698555020775	0.30163014449792214
0.6986271157229533	0.3013728842770464
0.6985724868905622	0.3014275131094375
0.6983130105879457	0.30168698941205396
0.6979850545840736	0.30201494541592605
0.6987086898024116	0.30129131019758804
0.697907647460019	0.3020923525399807
0.6984466087757977	0.30155339122420194
0.6986171267857111	0.3013828732142886
0.6985112268193528	0.3014887731806468
0.698768845715542	0.3012311542844577
0.698638983307863	0.3013610166921367
0.6985566165975265	0.3014433834024731
0.6978497433785886	0.3021502566214111
0.6983364125722776	0.30166358742772204
0.6983301630309928	0.30166983696900684
0.6982498231142495	0.30175017688575007
0.6984748213333788	0.3015251786666209
0.6989677643396287	0.30103223566037096
0.6989520873658386	0.3010479126341611
0.6983741135621049	0.3016258864378948
0.698190487202	0.3018095127979996
0.6990010930873188	0.30099890691268083
0.697850122600331	0.3021498773996687
0.6983702611324788	0.30162973886752087
0.6985938420641538	0.30140615793584585
0.6990008293777273	0.3009991706222723
0.6985876917271966	0.3014123082728031
0.6983558404326888	0.30164415956731083
0.6983427523973145	0.30165724760268525
0.698418922940684	0.3015810770593157
0.6978012328219898	0.3021987671780098
0.6988953953158679	0.30110460468413175
0.6981056180856541	0.3018943819143456
0.6985789155226059	0.30142108447739385
0.6985786323357741	0.30142136766422556
0.6988374310889027	0.30116256891109694
0.6983487713341282	0.30165122866587146
0.6985601051499359	0.3014398948500637
0.6981001027605789	0.3018998972394208
0.698505897749442	0.30149410225055767
0.698719694278163	0.3012803057218366
0.6983961776644669	0.30160382233553273
0.6980012031004821	0.30199879689951764
0.6983499318682012	0.3016500681317985
0.6988157638501222	0.3011842361498775
0.6984561902168489	0.30154380978315076
0.6985749318340745	0.3014250681659252
0.6989786059794497	0.30102139402054995
0.6979708821703124	0.3020291178296872
0.6988529686749945	0.3011470313250052
0.6979038309294723	0.3020961690705274
0.6989479849343884	0.3010520150656113
0.6981627415623375	0.3018372584376622
0.6987546976695923	0.30124530233040736
0.698586899949118	0.3014131000508816
0.6989028008572218	0.3010971991427779
0.6990450829169641	0.3009549170830356
0.6987759669280673	0.3012240330719323
0.6983798186642879	0.3016201813357118
0.6979950511001621	0.30200494889983753
0.6982963115592667	0.3017036884407329
0.6986218387935503	0.30137816120644934
0.6981129728661051	0.3018870271338946
0.6979364038895908	0.3020635961104089
0.6987301122855484	0.3012698877144513
0.698721256272934	0.30127874372706565
0.6990620111816053	0.30093798881839434
0.6982395798057505	0.3017604201942492
0.6981999988601812	0.3018000011398184
0.6979460143898457	0.302053985610154
0.6985956281128087	0.30140437188719094
0.6987804766969283	0.3012195233030714
0.6985861919481119	0.3014138080518878
0.698789608066713	0.3012103919332867
0.6984406240600066	0.30155937593999305
0.6987781224200098	0.30122187757998986
0.6986040815814805	0.3013959184185192
0.6988793157107476	0.3011206842892521
0.6978370529437692	0.3021629470562305
0.698991778788123	0.30100822121187665
0.6987366197051894	0.30126338029481026
0.6986068593112171	0.30139314068878253
0.6980533330785722	0.30194666692142746
0.6978505155160833	0.3021494844839163
0.6982014587111378	0.30179854128886185
0.6985721303480766	0.30142786965192303
0.6980578470414679	0.3019421529585318
0.6980638841536327	0.3019361158463669
0.6984255193281497	0.30157448067184994
0.6990754422718077	0.30092455772819193
0.6983685158482271	0.30163148415177254
0.6981020502232964	0.3018979497767032
0.6985574121773985	0.3014425878226011
0.6987477965330283	0.30125220346697135
0.6980028492368209	0.3019971507631788
0.6987720019194159	0.30122799808058376
0.6984035569940494	0.30159644300595023
0.6990905691962233	0.3009094308037764
0.6987435232874067	0.3012564767125929
0.6983136631784308	0.30168633682156887
0.6983792276150116	0.3016207723849881
0.6988271242107005	0.3011728757892992
0.6978676626741076	0.30213233732589206
0.6984692245587193	0.3015307754412804
0.6978054723968109	0.30219452760318877
0.6983700157938566	0.30162998420614306
0.6980166725831601	0.30198332741683953
0.6988339482076951	0.3011660517923046
0.6979151932876452	0.3020848067123545
0.6978817519081755	0.3021182480918242
0.6981097585902588	0.30189024140974086
0.6984465170870356	0.301553482912964
0.6984070236467923	0.3015929763532074
0.6983628257006881	0.3016371742993116
0.6986347368585293	0.3013652631414704
0.6979099395834354	0.30209006041656433
0.6988151034679936	0.3011848965320061
0.6983970228260226	0.30160297717397705
0.6990049877616875	0.30099501223831215
0.6985508997313727	0.3014491002686269
0.6988967016250174	0.3011032983749823
0.6982560928927769	0.30174390710722276
0.6981812918075206	0.301818708192479
0.6989259454342218	0.3010740545657778
0.698921445132479	0.3010785548675206
0.6981641597490602	0.30183584025093946
0.6986602646283484	0.30133973537165126
0.6990944521091251	0.30090554789087454
0.6979643037382532	0.3020356962617464
0.6983198282548937	0.30168017174510603
0.6982874312241745	0.3017125687758252
0.6987437346204524	0.30125626537954736
0.6980557716991984	0.30194422830080125
0.6990219778332005	0.30097802216679914
0.6988569936213493	0.30114300637865027
0.6982652642872541	0.30173473571274556
0.6988951391403165	0.30110486085968313
0.6978917976731285	0.3021082023268712
0.698969306177211	0.3010306938227887
0.6989322744076236	0.301067725592376
0.6980652282436673	0.3019347717563323
0.69868677391091	0.3013132260890896
0.6979222924612999	0.3020777075386998
0.6982974969312381	0.30170250306876156
0.6981691175422895	0.30183088245771017
0.6980732945282511	0.3019267054717486
0.6985840421438828	0.30141595785611686
0.6978921922226079	0.30210780777739177
0.6984676621759783	0.30153233782402133
0.6985332088090125	0.3014667911909872
0.6982215872181121	0.30177841278188755
0.698112517443724	0.3018874825562756
0.6984729342881457	0.301527065711854
0.6988909653308929	0.30110903466910677
0.6983465423879509	0.30165345761204876
0.6989904956624329	0.3010095043375668
0.6980130571434409	0.30198694285655875
0.6981279696624316	0.3018720303375681
0.6984349788691815	0.3015650211308181
0.6982120923629772	0.30178790763702246
0.6986169518771526	0.30138304812284705
0.6989056013174022	0.30109439868259746
0.6985090161055495	0.30149098389445017
0.6989139447848931	0.30108605521510656
0.6990120542109945	0.3009879457890051
0.6983605968764409	0.30163940312355875
0.6989768398119267	0.3010231601880729
0.698987827532584	0.3010121724674156
0.6990660789749576	0.3009339210250421
0.6980054945151618	0.30199450548483786
0.6980678618173076	0.30193213818269204
0.6987967670766005	0.3012032329233991
0.6978539557416081	0.30214604425839153
0.6984386511456868	0.30156134885431285
0.698103402141824	0.30189659785817574
0.6987574850695939	0.3012425149304058
0.6986741617908114	0.3013258382091883
0.6989366544970455	0.30106334550295416
0.6984131961106844	0.30158680388931525
0.6988698019731836	0.301130198026816
0.6979831449187546	0.3020168550812451
0.6978247747968482	0.30217522520315143
0.6988877307779068	0.3011122692220929
0.6988142353672031	0.30118576463279656
0.6983960214738166	0.30160397852618304
0.698493573112948	0.30150642688705165
0.6987621455252079	0.3012378544747918
0.6984661647195877	0.301533835280412
0.699022488164398	0.3009775118356016
0.6989518553817619	0.3010481446182378
0.6984839455554079	0.3015160544445918
0.6984742802608599	0.3015257197391398
0.699073009587792	0.3009269904122077
0.6988976373410398	0.30110236265895984
0.6988002998556296	0.30119970014437003
0.6980511781246816	0.30194882187531796
0.6989377786165804	0.3010622213834193
0.6990348244138819	0.3009651755861178
0.698944476783688	0.3010555232163117
0.6986760540511074	0.30132394594889217
0.6990081020782164	0.30099189792178327
0.6986055550622953	0.3013944449377044
0.6987844648435338	0.3012155351564658
0.6982980117843389	0.30170198821566074
0.6978008200448007	0.3021991799551989
0.6985002834445544	0.3014997165554453
0.6985430719198056	0.3014569280801941
0.6984824336502775	0.3015175663497221
0.6986567628325423	0.30134323716745737
0.6979493459778339	0.30205065402216585
0.6987920674698511	0.3012079325301486
0.698817563634475	0.30118243636552466
0.6988591258501482	0.30114087414985147
0.698830462839023	0.3011695371609768
0.6985932845841838	0.3014067154158159
0.6985614972406058	0.3014385027593938
0.6980066060458643	0.3019933939541353
0.6985643817468132	0.30143561825318643
0.6985163902464993	0.3014836097535004
0.6988332373562506	0.3011667626437491
0.6982123301340892	0.3017876698659105
0.6984540386848772	0.3015459613151225
0.6986162638710987	0.301383736128901
0.6979579955412291	0.3020420044587706
0.6988131332684578	0.3011868667315418
0.6984426361039837	0.30155736389601595
0.6978538325017356	0.30214616749826406
0.6981151597822509	0.30188484021774875
0.6982345149924074	0.30176548500759226
0.698608108654363	0.30139189134563676
0.698595875481513	0.30140412451848664
0.6986798742120064	0.3013201257879933
0.6988778973839899	0.3011221026160098
0.6989312532764755	0.30106874672352407
0.6982640562038778	0.3017359437961219
0.6986099051766067	0.30139009482339296
0.6990313880365794	0.3009686119634203
0.6979841444956171	0.3020158555043826
0.698887088378165	0.3011129116218346
0.6982232452070884	0.3017767547929112
0.6982825018685118	0.30171749813148785
0.698670851111711	0.3013291488882887
0.6982183693586045	0.3017816306413952
0.6990433675058405	0.30095663249415916
0.6987148930055874	0.30128510699441224
0.6987786258893487	0.3012213741106509
0.6986838462373877	0.301316153762612
0.6986593944417432	0.3013406055582564
0.6986677370634637	0.3013322629365359
0.6978068406986787	0.30219315930132096
0.6985683633354225	0.3014316366645772
0.6979046645810049	0.3020953354189948
0.6988344107259017	0.301165589274098
0.6987193887922313	0.3012806112077684
0.6986954840028267	0.301304515997173
0.698793401007662	0.30120659899233776
0.6990598015474309	0.3009401984525688
0.6987242328608115	0.30127576713918813
0.6987641283045779	0.30123587169542176
0.6980742295259126	0.3019257704740871
0.699003574280952	0.3009964257190478
0.6988496893740919	0.3011503106259078
0.6984116221806655	0.3015883778193341
0.6983727629437392	0.3016272370562605
0.6989607085614623	0.30103929143853736
0.698720513917564	0.3012794860824357
0.6985680367977055	0.30143196320229415
0.698277499723998	0.30172250027600167
0.6985954673562081	0.3014045326437915
0.6981291674397228	0.3018708325602769
0.6987130028726833	0.3012869971273163
0.698967219140401	0.3010327808595986
0.6979578145264704	0.30204218547352923
0.6979266710387961	0.3020733289612036
0.6987122958001937	0.30128770419980605
0.6990930269763398	0.3009069730236599
0.6986476254335447	0.3013523745664549
0.6986455850413281	0.30135441495867155
0.6987780850655629	0.30122191493443673
0.6979299486139708	0.3020700513860288
0.6985594557478914	0.3014405442521083
0.6979613086380559	0.3020386913619437
0.6983440916221898	0.30165590837780987
0.6978663720239217	0.302133627976078
0.6979509379172413	0.3020490620827584
0.6990845452490257	0.3009154547509739
0.6986889015361999	0.3013110984637998
0.6983417330101666	0.3016582669898331
0.6990487558683266	0.30095124413167307
0.6986499909907202	0.30135000900927944
0.6982074486387858	0.30179255136121386
0.6986400262907456	0.30135997370925405
0.6985021714883553	0.3014978285116444
0.6979203424783617	0.302079657521638
0.6988203123870776	0.301179687612922
0.698014547968919	0.3019854520310806
0.6984394208864817	0.30156057911351797
0.6981229327348345	0.30187706726516517
0.6980916371773138	0.30190836282268585
0.6984358602438904	0.3015641397561093
0.6988832168399346	0.301116783160065
0.6982820977753595	0.3017179022246401
0.6982959426032338	0.3017040573967658
0.6984249789308232	0.3015750210691765
0.6979230813217316	0.302076918678268
0.6982844119971959	0.30171558800280374
0.6988271279987529	0.30117287200124676
0.6989155014551005	0.3010844985448991
0.6980804652812447	0.301919534718755
0.6987864136794545	0.3012135863205452
0.6987648480236587	0.301235151976341
0.6988073386968171	0.30119266130318256
0.6982733909973999	0.30172660900259973
0.6981141182216757	0.30188588177832404
0.6989576903114986	0.3010423096885011
0.6988715580461102	0.3011284419538895
0.6989669825765656	0.301033017423434
0.6985004435093032	0.30149955649069643
0.6982402718920697	0.3017597281079299
0.6983275758841551	0.3016724241158446
0.6981964734570925	0.3018035265429072
0.6980287103892547	0.30197128961074493
0.6984495312154309	0.30155046878456876
0.6980709507000156	0.30192904929998415
0.6990676517231288	0.3009323482768709
0.6980457569266931	0.30195424307330654
0.698474543162882	0.3015254568371176
0.6990131900788108	0.30098680992118887
0.6987664019382593	0.3012335980617404
0.6982048684423863	0.30179513155761345
0.6988610869147758	0.3011389130852239
0.6989682126689132	0.3010317873310865
0.6979090805976653	0.30209091940233435
0.6981098108806292	0.3018901891193705
0.6983799163125552	0.3016200836874444
0.6985221334000944	0.3014778665999053
0.6990172156728339	0.30098278432716574
0.6982522497516505	0.3017477502483492
0.6983543337344826	0.301645666265517
0.698302694566442	0.30169730543355766
0.6979852144828683	0.30201478551713135
0.6978819235347735	0.30211807646522615
0.6984367982964963	0.3015632017035033
0.6983657717140317	0.3016342282859679
0.6982515424736561	0.3017484575263436
0.6981042777394224	0.30189572226057726
0.6983911174528072	0.3016088825471924
0.69826558043901	0.3017344195609897
0.6981056335042974	0.30189436649570217
0.6982241721623011	0.3017758278376985
0.698431242391272	0.3015687576087277
0.699028735114293	0.30097126488570675
0.6990288896406256	0.3009711103593741
0.6985796078730626	0.30142039212693705
0.6981649867059966	0.3018350132940031
0.6986015943595736	0.3013984056404261
0.6979022735296998	0.30209772647029987
0.6980216579194313	0.3019783420805684
0.6980416650993393	0.3019583349006604
0.6980847935509544	0.3019152064490452
0.6987874371246219	0.3012125628753778
0.6983294113281029	0.3016705886718968
0.6978293630120339	0.30217063698796576
0.6980711709679788	0.3019288290320209
0.6979756577802149	0.3020243422197848
0.6986541861628695	0.3013458138371302
0.6990308624634802	0.3009691375365195
0.6988666925264948	0.3011333074735048
0.6981448450648358	0.3018551549351639
0.6989993135290806	0.30100068647091904
0.6982149876775926	0.30178501232240706
0.6986584372486192	0.30134156275138047
0.6978012896035366	0.3021987103964631
0.6982766693878887	0.301723330612111
0.6978364813452561	0.30216351865474356
0.6985821471258202	0.3014178528741795
0.6981181398904488	0.30188186010955087
0.6980314094343416	0.30196859056565806
0.6983259260182262	0.3016740739817734
0.6980583476754307	0.3019416523245689
0.6988532853218288	0.3011467146781709
0.6983363472178865	0.30166365278211316
0.6984347500932746	0.30156524990672506
0.6979208770839401	0.30207912291605954
0.6981696472757827	0.301830352724217
0.698031858916348	0.30196814108365166
0.6983183709750435	0.3016816290249562
0.6978898389291625	0.3021101610708372
0.6987922714980027	0.30120772850199695
0.69889067221554	0.30110932778445965
0.697806536399753	0.3021934636002467
0.698555350484394	0.3014446495156057
0.6980071740396798	0.3019928259603199
0.6990789776668151	0.30092102233318446
0.6988144158958023	0.3011855841041974
0.698357105282398	0.30164289471760164
0.698291203145547	0.3017087968544527
0.6983788377012338	0.3016211622987659
0.6982966529546966	0.3017033470453031
0.6989467006689102	0.3010532993310895
0.6985475616722377	0.3014524383277619
0.6988259323833346	0.3011740676166651
0.697912003520088	0.3020879964799117
0.6980421957950181	0.30195780420498153
0.6988481729135168	0.3011518270864829
0.6981205509204195	0.3018794490795802
0.6980134040794665	0.3019865959205331
0.6984382235488327	0.30156177645116694
0.6985342772437816	0.3014657227562181
0.6985551411067734	0.30144485889322625
0.6984627129105636	0.301537287089436
0.6988917808281141	0.30110821917188557
0.6979944626175066	0.30200553738249303
0.6983531496785288	0.30164685032147087
0.6984719470823028	0.3015280529176969
0.6982324774347551	0.30176752256524453
0.6983798101708388	0.30162018982916083
0.6981775538719681	0.30182244612803155
0.6980796726246288	0.3019203273753709
0.6987955121325315	0.3012044878674681
0.6979153743346567	0.30208462566534294
0.6986957211890988	0.3013042788109008
0.6989968359351721	0.3010031640648276
0.6986537658332129	0.30134623416678674
0.698515227325033	0.30148477267496665
0.6987282702757124	0.3012717297242873
0.698559030529979	0.30144096947002064
0.6984145435549075	0.30158545644509216
0.6980017686343601	0.3019982313656395
0.6980505218065995	0.3019494781934001
0.6985582435941476	0.301441756405852
0.6988425228369264	0.30115747716307323
0.6989293227935556	0.3010706772064441
0.6981766755421102	0.30182332445788956
0.698267055935168	0.30173294406483164
0.6980139530970222	0.30198604690297753
0.6982117630614302	0.3017882369385695
0.698807556436432	0.3011924435635677
0.6984257535397946	0.3015742464602051
0.6982292346543408	0.3017707653456589
0.6982591073921891	0.3017408926078106
0.6979555038908052	0.30204449610919454
0.698243433282135	0.30175656671786466
0.6984666185557171	0.3015333814442825
0.69884800998409	0.30115199001590964
0.6985840182829972	0.30141598171700246
0.6986678580185175	0.30133214198148217
0.698661460450617	0.3013385395493827
0.6982979854773294	0.3017020145226703
0.6986676540320476	0.30133234596795216
0.6987097367218644	0.3012902632781353
0.6985320964769804	0.3014679035230192
0.6985074599723297	0.30149254002767
0.6987314464015629	0.30126855359843674
0.6985908455305267	0.301409154469473
0.6985111974984721	0.3014888025015276
0.6985183191708654	0.3014816808291343
0.698872129258258	0.30112787074174163
0.6987488975027233	0.3012511024972764
0.6986142313146008	0.3013857686853989
0.6980456959428087	0.301954304057191
0.6982740253760954	0.30172597462390427
0.698573182471217	0.30142681752878264
0.6983254938748972	0.3016745061251025
0.6984682036437837	0.30153179635621596
0.6982813571636421	0.3017186428363575
0.6982743493418488	0.3017256506581508
0.6987303731828597	0.30126962681714
0.6989516253634959	0.3010483746365038
0.6980908288321896	0.3019091711678101
0.6979731183697192	0.30202688163028046
0.698164319829019	0.30183568017098056
0.6987605747351757	0.30123942526482395
0.6990851852180254	0.30091481478197424
0.6983724196165246	0.30162758038347504
0.6979545488191137	0.30204545118088594
0.6989212070947431	0.3010787929052565
0.6979595210630583	0.30204047893694147
0.6978724767546358	0.3021275232453638
0.6985541517385121	0.30144584826148757
0.6983149200361154	0.3016850799638843
0.6980819600440601	0.3019180399559396
0.697978915765646	0.3020210842343537
0.6989506007682791	0.3010493992317206
0.6981198091923293	0.30188019080767037
0.6986697535215818	0.30133024647841783
0.6988659135222346	0.3011340864777651
0.6989399578978518	0.3010600421021479
0.6980184469651932	0.30198155303480645
0.6988354657401593	0.30116453425984036
0.6983274548196302	0.30167254518036946
0.6984669673809354	0.3015330326190643
0.6981432218820153	0.3018567781179844
0.6982829496366085	0.30171705036339114
0.698198363160956	0.3018016368390437
0.6981430617738646	0.30185693822613496
0.6979865822375375	0.3020134177624621
0.697904173143649	0.30209582685635056
0.6980032960151699	0.3019967039848298
0.698277308394083	0.3017226916059167
0.698969138401737	0.30103086159826264
0.6983569586945442	0.3016430413054555
0.6982373186002093	0.3017626813997903
0.698198001456938	0.30180199854306167
0.6979519092603976	0.30204809073960204
0.698449049593564	0.3015509504064357
0.6990904972584462	0.3009095027415534
0.6987483948380364	0.3012516051619632
0.6987524575200633	0.30124754247993635
0.6978990564019584	0.3021009435980413
0.6990901432244299	0.3009098567755698
0.6988426018412707	0.301157398158729
0.6986367478056308	0.3013632521943689
0.6990731805186873	0.3009268194813124
0.6985162473069492	0.3014837526930505
0.699057977555258	0.30094202244474166
0.6982195806095258	0.30178041939047384
0.6986468376834973	0.3013531623165024
0.6990297285412932	0.30097027145870653
0.6986313707239717	0.301368629276028
0.6985522930958074	0.3014477069041923
0.6983469325751487	0.301653067424851
0.6989732673881637	0.301026732611836
0.6983649908686931	0.3016350091313066
0.6979027713381238	0.3020972286618758
0.6979835033206284	0.30201649667937125
0.6983206002139086	0.301679399786091
0.6979312602684495	0.30206873973155013
0.6983392166309762	0.30166078336902347
0.6982276887959913	0.3017723112040084
0.6979587538464518	0.3020412461535478
0.698221077784243	0.3017789222157566
0.6982917303966214	0.3017082696033782
0.6979729183551957	0.30202708164480396
0.6987597450407274	0.3012402549592723
0.6988120786618288	0.30118792133817085
0.6984310051624112	0.3015689948375884
0.6979202476096814	0.30207975239031826
0.6982372295885384	0.3017627704114612
0.6989849728568248	0.30101502714317485
0.6990940647886918	0.3009059352113078
0.6989450023261587	0.30105499767384086
0.6990420572036771	0.3009579427963226
0.6978681123048929	0.30213188769510685
0.6982403988794808	0.30175960112051886
0.6989288960747233	0.30107110392527636
0.6990740052408093	0.30092599475919035
0.6983921036414726	0.30160789635852703
0.6985466331338102	0.3014533668661895
0.6983592465132772	0.3016407534867225
0.697925185326102	0.30207481467389763
0.6978169760276907	0.30218302397230906
0.6986903059671734	0.30130969403282626
0.6984420725794891	0.30155792742051063
0.6979429027085636	0.30205709729143604
0.6990572931117265	0.30094270688827324
0.6981013311333425	0.30189866886665717
0.6978447446926143	0.3021552553073854
0.6984629550578734	0.30153704494212624
0.6980667709080153	0.3019332290919844
0.6986578152982518	0.3013421847017479
0.6986771306207116	0.3013228693792881
0.6983198122929274	0.3016801877070723
0.6984485028365922	0.30155149716340746
0.6979114419369333	0.30208855806306634
0.6982209509822016	0.30177904901779806
0.6987879432581112	0.30121205674188845
0.6984940651570236	0.30150593484297605
0.6981771401263768	0.3018228598736229
0.6985307969279113	0.30146920307208835
0.698591109897974	0.3014088901020257
0.6981529712344687	0.30184702876553093
0.6978291574868007	0.302170842513199
0.6978255259288013	0.30217447407119835
0.6980712268560247	0.3019287731439749
0.698610924916474	0.30138907508352564
0.697831171494975	0.30216882850502463
0.6990314000755861	0.3009685999244136
0.698122477235751	0.3018775227642486
0.698863443686582	0.3011365563134176
0.6984383234167832	0.3015616765832165
0.698359295615381	0.3016407043846187
0.698365757550897	0.30163424244910264
0.6989728553405044	0.3010271446594953
0.6984036035441129	0.30159639645588676
0.6989803829038683	0.30101961709613134
0.6987442461940474	0.30125575380595226
0.6986423078341769	0.30135769216582275
0.6986626701932798	0.3013373298067199
0.6979201114779161	0.30207988852208356
0.698988787120262	0.30101121287973764
0.6988589556808482	0.3011410443191515
0.6987339788992423	0.3012660211007574
0.6982078974750351	0.3017921025249646
0.6981103216568831	0.3018896783431166
0.6989511131799765	0.3010488868200232
0.6979307242244953	0.30206927577550435
0.6981413850920313	0.3018586149079684
0.6979544776297382	0.30204552237026155
0.6990953622857828	0.3009046377142168
0.6987421326552604	0.30125786734473925
0.698216867936217	0.3017831320637827
0.6983180392334065	0.3016819607665931
0.698142254594367	0.30185774540563265
0.6980007936946578	0.3019992063053418
0.6987534347046486	0.3012465652953511
0.6988608508486132	0.30113914915138656
0.6984477351383839	0.3015522648616158
0.6986847464746222	0.30131525352537747
0.6986857325933526	0.3013142674066471
0.6987550466242323	0.3012449533757674
0.698648131674406	0.3013518683255937
0.6978244196404918	0.30217558035950787
0.6983451588236388	0.3016548411763609
0.69879911487531	0.3012008851246897
0.6979222635459755	0.30207773645402414
0.6978899582097344	0.30211004179026524
0.6985025986985979	0.3014974013014018
0.6987789041493584	0.3012210958506413
0.6990050341046257	0.30099496589537406
0.6979421005934514	0.30205789940654826
0.6980285580337972	0.3019714419662025
0.6985279386897486	0.30147206131025106
0.6987333994428006	0.3012666005571991
0.6985891618897931	0.3014108381102065
0.6988984338072508	0.3011015661927488
0.6990928417077059	0.30090715829229375
0.6981195978925729	0.3018804021074267
0.6980365100313798	0.3019634899686199
0.6989135685220575	0.3010864314779421
0.6979740990203647	0.302025900979635
0.6984409463113092	0.3015590536886905
0.6984221561679855	0.30157784383201414
0.6985018017720839	0.3014981982279158
0.6985195080189549	0.30148049198104476
0.6987892753179551	0.3012107246820446
0.6985225651526129	0.30147743484738676
0.698330735577176	0.3016692644228237
0.6981302480662144	0.3018697519337853
0.698882641655141	0.30111735834485864
0.6988628900199231	0.3011371099800766
0.6985739225028276	0.30142607749717215
0.6981148813823288	0.3018851186176708
0.6989235765836856	0.30107642341631397
0.6980086815532209	0.30199131844677873
0.6983003880315967	0.301699611968403
0.6982267001554697	0.30177329984452994
0.6985991555686366	0.3014008444313631
0.6984917431977167	0.301508256802283
0.6987685955611513	0.3012314044388483
0.6990530836550763	0.3009469163449234
0.6986956314794206	0.30130436852057907
0.69838661035182	0.30161338964817963
0.6990036974318994	0.3009963025681002
0.6987989332776707	0.30120106672232894
0.6989763962349544	0.30102360376504517
0.6989127984619223	0.3010872015380773
0.6989709119077884	0.3010290880922113
0.697799651781555	0.30220034821844466
0.699089506752459	0.30091049324754077
0.6978814117042201	0.30211858829577953
0.6984224607981933	0.3015775392018064
0.698340379123483	0.30165962087651665
0.6989543117956609	0.30104568820433875
0.6990040200182588	0.3009959799817409
0.6982879238343178	0.3017120761656818
0.6981128237612743	0.3018871762387254
0.6984826057303584	0.3015173942696413
0.6985037369895131	0.30149626301048665
0.6984708361695989	0.30152916383040074
0.6983952760912724	0.30160472390872733
0.6986826991511875	0.30131730084881214
0.6979040087149628	0.30209599128503684
0.6982384997307524	0.3017615002692473
0.6986096931389689	0.30139030686103074
0.6983782567189087	0.301621743281091
0.6989465611591447	0.301053438840855
0.6989295993452449	0.30107040065475477
0.6980200651641292	0.3019799348358705
