0.28667478677947933	0.7133252132205203
0.28672725631976537	0.7132727436802343
0.2881688920476459	0.7118311079523538
0.2856179025243005	0.7143820974756991
0.2859349004227605	0.7140650995772392
0.288107515369409	0.7118924846305907
0.28779085591481557	0.7122091440851841
0.28727958214331717	0.7127204178566825
0.2853422086428106	0.714657791357189
0.2850968630162123	0.7149031369837874
0.28540141927594764	0.714598580724052
0.28830783447226943	0.7116921655277302
0.2867266057281742	0.7132733942718255
0.28626184274471456	0.7137381572552851
0.28558485648743603	0.7144151435125636
0.28726716782937206	0.7127328321706277
0.28604083006582737	0.7139591699341723
0.2870929756746603	0.7129070243253394
0.2882844926223181	0.7117155073776815
0.28573901168904814	0.7142609883109515
0.28731786384924923	0.7126821361507505
0.2867058790866547	0.713294120913345
0.2867313848408023	0.7132686151591974
0.28520107792197913	0.7147989220780205
0.28737282364584693	0.7126271763541527
0.28774074407385214	0.7122592559261476
0.2862369052527979	0.7137630947472018
0.28834164443036225	0.7116583555696374
0.2859295037997982	0.7140704962002015
0.28550161179488553	0.7144983882051141
0.2851749323244907	0.714825067675509
0.2860366985697902	0.7139633014302095
0.28784539655604835	0.7121546034439513
0.2864026327491007	0.713597367250899
0.2878963581203872	0.7121036418796125
0.2850674412756131	0.7149325587243865
0.28587047968483204	0.7141295203151676
0.28696962638708856	0.7130303736129111
0.28741068464016484	0.7125893153598348
0.2854285335523389	0.7145714664476608
0.2866808993263922	0.7133191006736075
0.288104407124382	0.7118955928756177
0.28618914051669836	0.7138108594833013
0.2866779774941304	0.7133220225058693
0.2865134213060583	0.7134865786939414
0.2883694459929351	0.7116305540070645
0.28641400979837883	0.7135859902016208
0.28729841388728594	0.7127015861127137
0.2874932407659448	0.7125067592340548
0.2866950935349387	0.713304906465061
0.2858579969944275	0.7141420030055722
0.2871400902469621	0.7128599097530376
0.2864848043588626	0.7135151956411371
0.2859947401411094	0.7140052598588902
0.286642065259777	0.7133579347402227
0.28580048108420064	0.714199518915799
0.2878720924414865	0.7121279075585132
0.2856179934648968	0.7143820065351029
0.28509647868535876	0.7149035213146409
0.28779239586034977	0.7122076041396499
0.2874700490613778	0.7125299509386218
0.28513722626580806	0.7148627737341916
0.2857329994380434	0.7142670005619562
0.2867947806405118	0.7132052193594879
0.2867499401373128	0.7132500598626869
0.28748195673552546	0.7125180432644742
0.28520266805365263	0.714797331946347
0.28809778576319856	0.7119022142368011
0.2869999883171912	0.7130000116828085
0.2856063378991387	0.714393662100861
0.2875441320932831	0.7124558679067166
0.2875097394605679	0.7124902605394318
0.28531266115245113	0.7146873388475485
0.28738815008024104	0.7126118499197587
0.28829640521031835	0.7117035947896813
0.28630357386503347	0.7136964261349662
0.28715466658342226	0.7128453334165774
0.2867313206889952	0.7132686793110045
0.2857420326694359	0.7142579673305638
0.286380159505937	0.7136198404940627
0.2867001831223921	0.7132998168776076
0.2874335799031102	0.7125664200968895
0.2851644949236742	0.7148355050763255
0.28700258186079247	0.7129974181392071
0.28692447672725097	0.7130755232727487
0.2856817473034218	0.7143182526965779
0.28672873088953327	0.7132712691104663
0.28650827849980104	0.7134917215001986
0.2880539638084978	0.7119460361915019
0.28690918458059045	0.7130908154194092
0.2878571406589866	0.7121428593410131
0.28560773662819816	0.7143922633718015
0.28653222836919034	0.7134677716308093
0.28656348170257184	0.7134365182974278
0.28648931663626215	0.7135106833637375
0.28565337101879995	0.7143466289811997
0.2881237471602852	0.7118762528397145
0.2854470438980764	0.7145529561019233
0.28700994217676323	0.7129900578232364
0.2855516747502754	0.7144483252497242
0.28780999562841747	0.7121900043715822
0.28684355360142844	0.7131564463985712
0.2883459640041329	0.7116540359958667
0.2861471939033188	0.7138528060966809
0.28674519635997864	0.713254803640021
0.28662396231077447	0.7133760376892252
0.28836890688986166	0.711631093110138
0.2857063210323754	0.7142936789676242
0.28692119419662787	0.7130788058033718
0.2869141122601586	0.713085887739841
0.2871372212567303	0.7128627787432693
0.28520831096958366	0.714791689030416
0.28779474856539666	0.712205251434603
0.28513515167820624	0.7148648483217934
0.28821820968922274	0.7117817903107769
0.2871905799352571	0.7128094200647426
0.285204443475212	0.7147955565247877
0.28702327655926096	0.7129767234407387
0.28623077381848916	0.7137692261815105
0.288404140260939	0.7115958597390606
0.28669265397414145	0.7133073460258582
0.28728785817488856	0.7127121418251111
0.28757514322875377	0.7124248567712459
0.28752351641563434	0.7124764835843653
0.2852682925573207	0.7147317074426789
0.2872448044463374	0.7127551955536623
0.28643621995344926	0.7135637800465504
0.2874871286688231	0.7125128713311766
0.2880723042853194	0.7119276957146803
0.28524574629269517	0.7147542537073045
0.28526021626711373	0.7147397837328859
0.2854761414630031	0.7145238585369966
0.2883016064604984	0.7116983935395013
0.2874955958899653	0.7125044041100344
0.28516860523285004	0.7148313947671496
0.28527616599765304	0.7147238340023466
0.2862329737008198	0.7137670262991799
0.28776526877253483	0.7122347312274648
0.2865542863157967	0.713445713684203
0.28542492659745944	0.7145750734025402
0.28575626536214493	0.7142437346378547
0.2864258357037915	0.7135741642962081
0.2868312620928206	0.713168737907179
0.2869016199982874	0.7130983800017123
0.28527639780143277	0.7147236021985669
0.2881911969414538	0.7118088030585459
0.28648565947344584	0.7135143405265538
0.2882261096229467	0.711773890377053
0.28573674520834025	0.7142632547916594
0.28559043512471394	0.7144095648752857
0.28730758062505635	0.7126924193749433
0.2864367431134047	0.7135632568865949
0.28803882443715795	0.7119611755628417
0.28643614816588464	0.713563851834115
0.28712807866233603	0.7128719213376636
0.2852533405083517	0.714746659491648
0.28672021612125964	0.71327978387874
0.28645724484860496	0.7135427551513946
0.2871478262132233	0.7128521737867763
0.2865776490597161	0.7134223509402835
0.28720099248632625	0.7127990075136734
0.2857854920606484	0.7142145079393513
0.28648169376508076	0.7135183062349189
0.28724031494296914	0.7127596850570306
0.2880681407472281	0.7119318592527716
0.2872992167675408	0.7127007832324589
0.2881253719394661	0.7118746280605336
0.28559932466266225	0.7144006753373374
0.28750590036012175	0.7124940996398779
0.28570773928560067	0.714292260714399
0.28561843997804237	0.7143815600219573
0.2879206209589723	0.7120793790410274
0.2857985783605942	0.7142014216394055
0.2881508674893769	0.7118491325106228
0.2855840160141849	0.7144159839858147
0.2852088459732559	0.7147911540267438
0.2881959664232235	0.7118040335767761
0.285896796002324	0.7141032039976757
0.28538020658691965	0.71461979341308
0.2879784264965043	0.7120215735034954
0.2875501234867489	0.7124498765132508
0.28598782209984297	0.7140121779001567
0.28559092998983143	0.7144090700101682
0.2861302234274742	0.7138697765725255
0.2855992221955944	0.7144007778044053
0.2854465298177322	0.7145534701822674
0.2871885301119359	0.7128114698880638
0.2869556886737003	0.7130443113262994
0.2873727739168985	0.7126272260831011
0.28832562980700893	0.7116743701929907
0.28702076434050755	0.7129792356594922
0.28761198604054267	0.712388013959457
0.2851815499406021	0.7148184500593976
0.2874802178149786	0.7125197821850211
0.2880636131947928	0.7119363868052069
0.2882365080584659	0.7117634919415338
0.28829623896967804	0.7117037610303216
0.28745138452756835	0.7125486154724313
0.28592500681733957	0.7140749931826601
0.28608346068789803	0.7139165393121016
0.2882839087534581	0.7117160912465416
0.2883586406698138	0.7116413593301858
0.28657077255253777	0.7134292274474618
0.28672638636979964	0.7132736136302
0.28615904735334086	0.7138409526466588
0.2872914136459018	0.7127085863540978
0.2851456132497141	0.7148543867502856
0.2855237621564142	0.7144762378435855
0.2882614106239055	0.7117385893760941
0.2870266944152649	0.7129733055847347
0.28788615656828315	0.7121138434317165
0.28554643941094837	0.7144535605890513
0.28503782302576197	0.7149621769742377
0.2863855252604989	0.7136144747395008
0.28647192447509384	0.7135280755249058
0.28649121883498174	0.7135087811650179
0.2874746073423503	0.7125253926576494
0.28698015965679524	0.7130198403432044
0.2881938129577409	0.7118061870422587
0.28781747436229155	0.7121825256377081
0.28754651774040807	0.7124534822595916
0.2873142669481785	0.7126857330518211
0.28546422849909103	0.7145357715009086
0.28826068130849114	0.7117393186915085
0.2876063077564657	0.712393692243534
0.28626259870650783	0.7137374012934918
0.2863441795610677	0.7136558204389319
0.28569886360178537	0.7143011363982144
0.2883813958712169	0.7116186041287828
0.28758011918111964	0.71241988081888
0.28587049303323275	0.7141295069667669
0.2882359753127115	0.7117640246872882
0.28820659483276645	0.7117934051672332
0.28558302985633377	0.7144169701436659
0.2879908533906006	0.7120091466093991
0.2868002356013516	0.7131997643986481
0.2868275754905796	0.7131724245094201
0.28773094581772596	0.7122690541822737
0.28538520873724826	0.7146147912627514
0.2866583462519094	0.7133416537480903
0.2866750629039029	0.7133249370960968
0.28603516769371706	0.7139648323062826
0.2883565805779821	0.7116434194220176
0.28809266087617114	0.7119073391238285
0.28680916022378516	0.7131908397762146
0.28584892632427783	0.7141510736757218
0.28527843721743873	0.7147215627825609
0.28522324286924483	0.7147767571307548
0.28591795934794073	0.7140820406520589
0.2880991076762035	0.7119008923237962
0.28623028665280803	0.7137697133471916
0.287287389474963	0.7127126105250366
0.28795756607074585	0.7120424339292538
0.28547558821652996	0.7145244117834697
0.2861747783209534	0.7138252216790463
0.2875466284778068	0.7124533715221928
0.2868384196028086	0.7131615803971911
0.28635173632164695	0.7136482636783528
0.28683597703790376	0.7131640229620959
0.28522503628786533	0.7147749637121343
0.2863558870749284	0.7136441129250712
0.28792901649359237	0.7120709835064073
0.2880050203584529	0.7119949796415468
0.28669113623868997	0.7133088637613096
0.28652162195623654	0.7134783780437631
0.2878939296572157	0.712106070342784
0.28795237046207206	0.7120476295379277
0.28505251386214914	0.7149474861378505
0.2873481998988554	0.7126518001011443
0.2861213292036143	0.7138786707963853
0.2859708976506538	0.7140291023493459
0.2851190282087903	0.7148809717912094
0.28537509324722987	0.7146249067527698
0.28629050265915923	0.7137094973408404
0.2853929747865698	0.7146070252134299
0.28752279472815984	0.7124772052718398
0.2871743737070867	0.7128256262929129
0.2872283473428329	0.7127716526571668
0.2853168346359795	0.7146831653640202
0.28795797094325115	0.7120420290567485
0.28784158019315875	0.7121584198068409
0.2873185127213609	0.7126814872786388
0.2867035287329699	0.7132964712670298
0.28694982569231786	0.7130501743076818
0.2850984298401227	0.714901570159877
0.2861193556128102	0.7138806443871895
0.28580736230250736	0.7141926376974923
0.28505991201804204	0.7149400879819576
0.28671200143184544	0.7132879985681542
0.2860173670398157	0.7139826329601839
0.2883421082614712	0.7116578917385284
0.2883727843565013	0.7116272156434984
0.28643971995227163	0.7135602800477281
0.2875992137286575	0.7124007862713422
0.28504396638013785	0.7149560336198618
0.28636087903485596	0.7136391209651437
0.2866134339557601	0.7133865660442396
0.2882426169509376	0.711757383049062
0.2879970204360698	0.7120029795639299
0.28770222802316747	0.7122977719768322
0.2856482949448835	0.7143517050551162
0.28586927819400065	0.714130721805999
0.28753653893475595	0.7124634610652437
0.2854701961685778	0.7145298038314218
0.2880834888463666	0.7119165111536331
0.286504100131759	0.7134958998682407
0.2872991940012863	0.7127008059987134
0.28518894970414566	0.714811050295854
0.2855494362722254	0.7144505637277743
0.28780956069062535	0.7121904393093743
0.2861546546274849	0.7138453453725148
0.28515138144514046	0.7148486185548593
0.2857069868887964	0.7142930131112033
0.28587388590236706	0.7141261140976326
0.2862852746243829	0.7137147253756168
0.28836472905341554	0.7116352709465841
0.28564847296307605	0.7143515270369236
0.28598639636313095	0.7140136036368687
0.2873281433838919	0.7126718566161078
0.28728870086497027	0.7127112991350294
0.2868450707753985	0.7131549292246011
0.2865981426262122	0.7134018573737875
0.2865194394361621	0.7134805605638376
0.2859993028427572	0.7140006971572425
0.2870934119740755	0.7129065880259242
0.28556309245557476	0.7144369075444249
0.28635762939514525	0.7136423706048545
0.28620612066971485	0.7137938793302848
0.28759571446889276	0.7124042855311069
0.2851487959443782	0.7148512040556214
0.2871578184580875	0.7128421815419121
0.28777028812024874	0.7122297118797509
0.2872701076681554	0.7127298923318443
0.28832337668640723	0.7116766233135925
0.2862657626527864	0.7137342373472133
0.2860092289653047	0.713990771034695
0.2862611087282464	0.7137388912717533
0.2883992550561611	0.7116007449438386
0.286270530301166	0.7137294696988337
0.28734686471430076	0.7126531352856988
0.28695369192604914	0.7130463080739505
0.2878370788229361	0.7121629211770636
0.2873468463282143	0.7126531536717854
0.28816281743255623	0.7118371825674434
0.28757891213956616	0.7124210878604336
0.286217827543643	0.7137821724563567
0.28579643274705735	0.7142035672529423
0.2853176733961037	0.714682326603896
0.286459992950741	0.7135400070492587
0.285808721163939	0.7141912788360607
0.2863848221249569	0.7136151778750428
0.28563147421535695	0.7143685257846427
0.2883412851498246	0.7116587148501751
0.2875247682213838	0.7124752317786158
0.2863770579191104	0.7136229420808893
0.2883834303310188	0.7116165696689809
0.2867301737739114	0.7132698262260883
0.28604163151992107	0.7139583684800785
0.28587343526205816	0.7141265647379416
0.28539790894387007	0.7146020910561296
0.2877321859897563	0.7122678140102434
0.28602070868100926	0.7139792913189904
0.2883435633389813	0.7116564366610183
0.2853259066570801	0.7146740933429196
0.28662825970925265	0.713371740290747
0.28755665459016033	0.7124433454098393
0.28693686252399364	0.713063137476006
0.2874708279755631	0.7125291720244366
0.2861195474991944	0.7138804525008053
0.286239933521535	0.7137600664784647
0.2865517652545268	0.7134482347454729
0.2877017044575314	0.7122982955424683
0.28838275085874	0.7116172491412597
0.28745958328230026	0.7125404167176994
0.28599864074088416	0.7140013592591155
0.28754484426466775	0.7124551557353319
0.28620354171932866	0.7137964582806711
0.28608137085433494	0.7139186291456647
0.28625840300637106	0.7137415969936286
0.28573279828508424	0.7142672017149154
0.28715547199019015	0.7128445280098095
0.2877856361150869	0.7122143638849128
0.28703220545253283	0.7129677945474668
0.2874541044980469	0.7125458955019528
0.28517960022218236	0.7148203997778173
0.2862230050467185	0.7137769949532812
0.2859644423219599	0.7140355576780397
0.287399418154891	0.7126005818451087
0.2859155435021038	0.7140844564978959
0.2882965555963082	0.7117034444036915
0.2851214060984977	0.714878593901502
0.28555330754616015	0.7144466924538395
0.28821586160787893	0.7117841383921207
0.28774846504753915	0.7122515349524605
0.28577330010869173	0.7142266998913079
0.2876066753990037	0.7123933246009959
0.2863925189817177	0.713607481018282
0.2883284089603335	0.7116715910396662
0.2873213531570439	0.7126786468429558
0.2881209175649472	0.7118790824350525
0.2860994091160482	0.7139005908839515
0.2880058547043124	0.7119941452956873
0.2878782193577284	0.7121217806422713
0.28807691807709324	0.7119230819229064
0.28589818318356314	0.7141018168164366
0.28758753953650873	0.7124124604634909
0.28668227420737913	0.7133177257926205
0.28677105399754066	0.713228946002459
0.2868722799019038	0.7131277200980959
0.2866307529763543	0.7133692470236453
0.28736052718872784	0.7126394728112718
0.2878464317181447	0.7121535682818549
0.2872274173179219	0.7127725826820778
0.2850397860790828	0.7149602139209168
0.2860884329461584	0.7139115670538413
0.2873523876566173	0.7126476123433824
0.28808293511015637	0.7119170648898433
0.28506936022254054	0.7149306397774591
0.28773055835062694	0.7122694416493727
0.28659137912882926	0.7134086208711704
0.2860662873208897	0.71393371267911
0.28782571482292785	0.7121742851770718
0.2875385244132478	0.7124614755867519
0.2867965969723808	0.7132034030276189
0.2859923298819747	0.7140076701180249
0.28790311751155795	0.7120968824884417
0.28566290921363224	0.7143370907863674
0.2862097145646663	0.7137902854353333
0.28600774357254877	0.7139922564274509
0.2857387699471231	0.7142612300528766
0.2869043997288746	0.7130956002711251
0.2875713734603881	0.7124286265396116
0.28772759210745813	0.7122724078925415
0.28678167737241456	0.7132183226275851
0.28801731570644806	0.7119826842935516
0.2879108264332143	0.7120891735667854
0.2881291465889104	0.7118708534110892
0.2864041537997045	0.7135958462002951
0.28612223007200166	0.713877769927998
0.2858487134270866	0.714151286572913
0.2873420825844565	0.7126579174155432
0.2866795809943007	0.713320419005699
0.28587456359158625	0.7141254364084134
0.2859695013047214	0.7140304986952783
0.2874189554481881	0.7125810445518116
0.2858887071690057	0.714111292830994
0.2866479962760315	0.7133520037239682
0.2879227370679176	0.7120772629320821
0.2864110343836376	0.7135889656163621
0.28532624101835813	0.7146737589816415
0.2876436227802428	0.7123563772197569
0.2864563366848884	0.7135436633151113
0.28621949630065413	0.7137805036993455
0.2872716486074991	0.7127283513925006
0.2853299237135897	0.71467007628641
0.2878618659068821	0.7121381340931175
0.2856249481995992	0.7143750518004004
0.2852438552168917	0.7147561447831079
0.28685939902687085	0.7131406009731288
0.286061591673467	0.7139384083265327
0.2856719110624443	0.7143280889375554
0.2875225901649945	0.7124774098350052
0.28601100992751904	0.7139889900724806
0.2882936440151585	0.7117063559848411
0.2856304420893992	0.7143695579106004
0.28775941973766683	0.7122405802623328
0.28692890830277634	0.7130710916972234
0.2853849641097641	0.7146150358902356
0.28716176146733186	0.7128382385326678
0.2869877832137979	0.7130122167862017
0.2870899992544783	0.7129100007455214
0.2866835701433079	0.7133164298566917
0.2857702735504728	0.7142297264495269
0.2881818829487833	0.7118181170512163
0.2854049069242252	0.7145950930757745
0.28709540375589226	0.7129045962441074
0.2868927482852557	0.713107251714744
0.2880878491235864	0.7119121508764132
0.2882178150423642	0.7117821849576355
0.2852487244469903	0.7147512755530094
0.28755254665314517	0.7124474533468546
0.28597507917432125	0.7140249208256784
0.28814641058837875	0.7118535894116209
0.2872965218637429	0.7127034781362568
0.2859124665788162	0.7140875334211835
0.28696995752563914	0.7130300424743605
0.28773773426837623	0.7122622657316234
0.2852687117572991	0.7147312882427006
0.2867994396194784	0.7132005603805213
0.2852464067206633	0.7147535932793363
0.28506030928396575	0.7149396907160339
0.2880629981903884	0.7119370018096113
0.2868240986668519	0.7131759013331478
0.2870019855182684	0.7129980144817313
0.28540285238814606	0.7145971476118536
0.28724730871003046	0.7127526912899692
0.28563310728424784	0.7143668927157518
0.28727220195334124	0.7127277980466584
0.2861861751083534	0.7138138248916462
0.28707062119082316	0.7129293788091765
0.28691854974466724	0.7130814502553324
0.2877355919251221	0.7122644080748776
0.2855612759955394	0.7144387240044603
0.28797043229606945	0.7120295677039302
0.287321183833252	0.7126788161667477
0.2879423308811245	0.7120576691188751
0.2873032020102381	0.7126967979897616
0.28759192288990887	0.7124080771100908
0.2857631584999869	0.7142368415000128
0.28689426801119144	0.7131057319888082
0.2864292794402433	0.7135707205597563
0.28717718706883033	0.7128228129311693
0.28705126107356027	0.7129487389264394
0.2861871073655583	0.7138128926344414
0.28775309909846936	0.7122469009015303
0.28585505414627443	0.7141449458537252
0.2877521428205386	0.712247857179461
0.287405031506753	0.7125949684932467
0.28772068583240773	0.7122793141675919
0.2863155663894583	0.7136844336105413
0.2866208016606103	0.7133791983393893
0.2879743755937104	0.7120256244062892
0.2871521905781171	0.7128478094218826
0.288021143919285	0.7119788560807147
0.2865821648589232	0.7134178351410765
0.28532517788779166	0.714674822112208
0.28738366821706207	0.7126163317829376
0.2853943539958721	0.7146056460041276
0.2878627411454838	0.7121372588545158
0.28634826405721336	0.7136517359427863
0.285097600397893	0.7149023996021067
0.2854450571034256	0.7145549428965741
0.2856856705575421	0.7143143294424575
0.28680336233034215	0.7131966376696575
0.2856961124014823	0.7143038875985174
0.2866156949889104	0.7133843050110893
0.2851967423770787	0.714803257622921
0.2876680627034225	0.7123319372965772
0.28733477515330114	0.7126652248466985
0.2882519618700954	0.7117480381299043
0.2858929473324605	0.7141070526675392
0.2882332162533482	0.7117667837466515
0.28695400653855996	0.7130459934614397
0.2853921284035229	0.7146078715964768
0.28609086630210806	0.7139091336978916
0.2883988051326857	0.711601194867314
0.28571032191753026	0.7142896780824695
0.2874935442499135	0.7125064557500862
0.2873062970891297	0.71269370291087
0.28545112954277474	0.7145488704572249
0.2882600430643041	0.7117399569356956
0.28770886261018036	0.7122911373898193
0.2867769193596049	0.7132230806403947
0.28773994825956994	0.7122600517404297
0.2859349403184388	0.7140650596815609
0.286204117038939	0.7137958829610607
0.2868296395856507	0.7131703604143489
0.2853537827471908	0.7146462172528089
0.28696727684550044	0.7130327231544993
0.28838604356142056	0.711613956438579
0.285715776031764	0.7142842239682357
0.2858158346029938	0.7141841653970058
0.2871010842619288	0.7128989157380708
0.28658779791345146	0.7134122020865482
0.28578345930083093	0.7142165406991687
0.28799565595218635	0.7120043440478133
0.2865697668697028	0.7134302331302969
0.28576751886206186	0.7142324811379378
0.28629454696368795	0.7137054530363117
0.2862931260030678	0.7137068739969319
0.2866825338262286	0.7133174661737711
0.28809230659176166	0.711907693408238
0.28647041473644813	0.7135295852635515
0.2873174169997438	0.7126825830002559
0.2857553868132826	0.7142446131867171
0.28738093720522345	0.7126190627947762
0.2856313027809434	0.7143686972190563
0.2862312451493023	0.7137687548506974
0.2867562049171316	0.7132437950828681
0.287632519503186	0.7123674804968136
0.2868513796309683	0.7131486203690314
0.2873533030464175	0.7126466969535822
0.2876247243558092	0.7123752756441905
0.28757746416370655	0.7124225358362931
0.28822716994623454	0.7117728300537651
0.28806509732802754	0.7119349026719721
0.2859218537236293	0.7140781462763703
0.2851775042077748	0.7148224957922249
0.28763760379421033	0.7123623962057893
0.28787915623802485	0.7121208437619748
0.28516574380567805	0.7148342561943216
0.2874840130502253	0.7125159869497744
0.2851896299125607	0.714810370087439
0.288010735700969	0.7119892642990306
0.28842080456748875	0.7115791954325109
0.2851666165367991	0.7148333834632006
0.28836110908944296	0.7116388909105567
0.28555314828788103	0.7144468517121186
0.28638006848235453	0.7136199315176451
0.2879326056230252	0.7120673943769744
0.2882151807828619	0.7117848192171378
0.2872120820562199	0.7127879179437797
0.2873004634750451	0.7126995365249545
0.2878558925877915	0.7121441074122081
0.28685695782030696	0.7131430421796927
0.2869928584848066	0.7130071415151931
0.28515874682219167	0.714841253177808
0.2853794677960888	0.7146205322039109
0.2882007775500497	0.71179922244995
0.2872195154924728	0.7127804845075268
0.2865990683581478	0.7134009316418519
0.2858078610550578	0.7141921389449419
0.28558380262506333	0.7144161973749363
0.28771869797517535	0.7122813020248243
0.286725654560099	0.7132743454399006
0.28529032567324164	0.714709674326758
0.28645226055846496	0.7135477394415347
0.2876277074626864	0.7123722925373133
0.28663661474200863	0.713363385257991
0.2876491947161197	0.71235080528388
0.285320735255349	0.7146792647446507
0.28707351017339544	0.7129264898266042
0.28588169873132974	0.7141183012686699
0.2857163663955896	0.71428363360441
0.28821354753705897	0.7117864524629407
0.2867836742744404	0.7132163257255593
0.28551010419353573	0.7144898958064639
0.28750496771332695	0.7124950322866728
0.287605412017812	0.7123945879821877
0.28698902411715527	0.7130109758828445
0.28592097490276014	0.7140790250972395
0.28576980316641654	0.7142301968335831
0.28556749900755507	0.7144325009924446
0.2856112253314839	0.7143887746685158
0.28541119490766126	0.7145888050923384
0.28554527884904085	0.7144547211509589
0.285904781716675	0.7140952182833247
0.2866424919419094	0.7133575080580903
0.28551779834101165	0.714482201658988
0.2866593473975855	0.7133406526024142
0.28506215662800793	0.7149378433719917
0.28504351347478857	0.7149564865252112
0.28632292643057333	0.7136770735694263
0.28716491479925244	0.7128350852007472
0.2864721098087354	0.7135278901912643
0.2870211731502388	0.7129788268497609
0.2861436564314218	0.7138563435685779
0.2862501369204933	0.7137498630795064
0.2856663968944992	0.7143336031055005
0.2861731520011345	0.7138268479988652
0.2865360792829053	0.7134639207170943
0.28648493040517076	0.7135150695948289
0.28786702422051724	0.7121329757794824
0.2857240328659939	0.7142759671340058
0.2882488770932471	0.7117511229067526
0.2862296075186949	0.7137703924813048
0.28660891212535233	0.7133910878746473
0.28567367372324404	0.7143263262767556
0.2862493830150036	0.7137506169849961
0.2868592212009114	0.7131407787990882
0.28781644576463067	0.7121835542353689
0.2879252408227295	0.7120747591772701
0.28625031164791376	0.713749688352086
0.2877955181860722	0.7122044818139275
0.2882407232530497	0.7117592767469499
0.2861714669214188	0.7138285330785809
0.28785006181290174	0.7121499381870979
0.2853277872062403	0.7146722127937594
0.2872582624869918	0.7127417375130078
0.2881016245642716	0.7118983754357281
0.2860649956478285	0.7139350043521712
0.2851237825017199	0.7148762174982798
0.28622950738843933	0.7137704926115603
0.28627927604783565	0.713720723952164
0.28794872778148783	0.7120512722185118
0.28720162689457907	0.7127983731054206
0.2870372888862189	0.7129627111137808
0.2855842070529009	0.7144157929470988
0.2876042751017053	0.7123957248982944
0.2881860452613038	0.7118139547386959
0.28749688323257816	0.7125031167674215
0.2883771070847093	0.7116228929152904
0.28754144713980345	0.7124585528601962
0.28823799794529203	0.7117620020547076
0.28684567215703727	0.7131543278429624
0.2878518252819715	0.7121481747180282
0.2869360001609558	0.7130639998390439
0.28711569278138915	0.7128843072186105
0.28666906977428497	0.7133309302257147
0.28632926734706493	0.7136707326529348
0.28671719572042204	0.7132828042795776
0.2877395013154662	0.7122604986845334
0.2883893983971575	0.7116106016028422
0.28565978784058316	0.7143402121594165
0.2883727616979259	0.7116272383020738
0.28650385581489024	0.7134961441851094
0.28759402889442226	0.7124059711055775
0.28817336864738874	0.7118266313526109
0.2874992039629249	0.7125007960370748
0.28803503261034413	0.7119649673896555
0.28811477536175056	0.7118852246382491
0.2853325097476099	0.7146674902523897
0.2861132839839321	0.7138867160160676
0.2881478940999004	0.7118521059000993
0.2874741468382627	0.7125258531617369
0.28732003405368733	0.7126799659463123
0.28607904876934276	0.7139209512306569
0.2868369790739871	0.7131630209260126
0.28589838845152	0.7141016115484797
0.286281168982524	0.7137188310174757
0.2867344730821704	0.7132655269178292
0.2853997947285769	0.7146002052714228
0.28575965965707917	0.7142403403429205
0.2872773318962066	0.712722668103793
0.2861765800714077	0.713823419928592
0.28542842082183706	0.7145715791781626
0.2869307298322772	0.7130692701677225
0.28766020529092473	0.7123397947090749
0.2879888914789961	0.7120111085210036
0.2850735877282897	0.7149264122717099
0.2853333097296118	0.7146666902703879
0.287186518079781	0.7128134819202187
0.2873429855496967	0.712657014450303
0.28804680389081105	0.7119531961091886
0.2882776685851235	0.7117223314148762
0.2852537568354768	0.7147462431645228
0.28566335953663957	0.7143366404633601
0.28744512292991814	0.7125548770700816
0.2882704621830177	0.7117295378169819
0.287560891546341	0.7124391084536587
0.28577693542464544	0.7142230645753542
0.28548050580402556	0.714519494195974
0.2853808647580579	0.7146191352419418
0.286001280666939	0.7139987193330607
0.286464008645289	0.7135359913547107
0.28792862819218956	0.7120713718078101
0.28762429029089787	0.7123757097091018
0.28538621850651513	0.7146137814934845
0.2854129225855062	0.7145870774144935
0.2879823000310702	0.7120176999689294
0.28670524533066466	0.713294754669335
0.28556647136234314	0.7144335286376565
0.2864685485862516	0.7135314514137481
0.28681217214241306	0.7131878278575866
0.28730563849113067	0.712694361508869
0.28614230555788134	0.7138576944421183
0.2851858565786173	0.7148141434213824
0.2882083934435181	0.7117916065564815
0.28742718738753054	0.7125728126124691
0.2853700626359792	0.7146299373640205
0.2855300868994762	0.7144699131005234
0.28601115593762494	0.7139888440623747
0.28802695531304107	0.7119730446869585
0.28519518079329464	0.714804819206705
0.28743865698705684	0.7125613430129428
0.2882110263628207	0.711788973637179
0.2866938738717306	0.713306126128269
0.2855696858647284	0.7144303141352712
0.2856368998787343	0.7143631001212654
0.2866764612057628	0.7133235387942369
0.2860318254830592	0.7139681745169404
0.28824999665151174	0.7117500033484879
0.28616565615727685	0.7138343438427228
0.28600050496761187	0.7139994950323878
0.28543363781978875	0.714566362180211
0.2858892104920655	0.7141107895079342
0.2882857003128452	0.7117142996871545
0.2851633585269522	0.7148366414730475
0.2871062605571545	0.7128937394428452
0.28632840902481727	0.7136715909751824
0.28756684770107954	0.7124331522989201
0.28730462337746276	0.7126953766225369
0.28743390985832507	0.7125660901416746
0.2870860455342408	0.7129139544657589
0.28749168333337605	0.7125083166666236
0.28810984475224577	0.7118901552477539
0.28666258948769807	0.7133374105123016
0.2858435616033216	0.7141564383966781
0.2866556326327232	0.7133443673672765
0.28558239579476874	0.7144176042052309
0.28651112908100584	0.7134888709189938
0.2867768859325286	0.7132231140674711
0.28669359712223175	0.7133064028777679
0.28527304528249636	0.7147269547175032
0.28715304031994965	0.71284695968005
0.28609086622410584	0.7139091337758938
0.2878024495477275	0.7121975504522722
0.2872611357883521	0.7127388642116476
0.28737766319406216	0.7126223368059375
0.2858130817113188	0.7141869182886809
0.28713100249868506	0.7128689975013146
0.2855324094800309	0.7144675905199688
0.2879935027102589	0.7120064972897407
0.28595530121033264	0.714044698789667
0.2863005704678374	0.7136994295321623
0.28668542237410505	0.7133145776258947
0.28503925930745233	0.7149607406925473
0.28687649663553183	0.7131235033644678
0.28755901373640236	0.7124409862635973
0.2862933552206438	0.7137066447793559
0.28646863667760203	0.7135313633223976
0.2877625083781285	0.7122374916218712
0.28527533497763624	0.7147246650223634
0.2858605624490439	0.7141394375509558
0.28600700263319845	0.7139929973668012
0.2862209192818693	0.7137790807181303
0.28507726725072324	0.7149227327492764
0.2875449327058883	0.7124550672941113
0.2873570356950842	0.7126429643049155
0.2875475334092381	0.7124524665907616
0.28528742757999637	0.7147125724200033
0.28522095900938255	0.7147790409906172
0.285070939169141	0.7149290608308587
0.28731370255321464	0.712686297446785
0.28766070806325755	0.7123392919367422
0.28658098006427046	0.7134190199357292
0.28554110333294813	0.7144588966670515
0.2871348902562957	0.712865109743704
0.28571431754478904	0.7142856824552106
0.28755384548718643	0.7124461545128132
0.2875667750232949	0.7124332249767047
0.28725786530925596	0.7127421346907437
0.287917499162601	0.7120825008373987
0.2864787212016563	0.7135212787983434
0.2853837922017488	0.7146162077982509
0.2879238276429159	0.7120761723570838
0.287628106262521	0.7123718937374787
0.2853589420957642	0.7146410579042355
0.28642544799099356	0.7135745520090061
0.28572216132862577	0.714277838671374
0.28520280436833134	0.7147971956316683
0.2867721335987683	0.7132278664012314
0.28803839349102733	0.7119616065089723
0.28713342949290865	0.712866570507091
0.2871926104562847	0.712807389543715
0.2874143013577153	0.7125856986422844
0.2852219706796105	0.7147780293203891
0.2868788956069452	0.7131211043930545
0.28695839183177496	0.7130416081682247
0.28758617571512934	0.7124138242848703
0.2859647616257789	0.7140352383742208
0.28696542170767836	0.7130345782923213
0.2879589045917421	0.7120410954082576
0.28610018470231	0.7138998152976896
0.2854079079977237	0.7145920920022759
0.2864200333367456	0.7135799666632541
0.28613719071775756	0.7138628092822421
0.2852830177918052	0.7147169822081945
0.2874841292129675	0.7125158707870322
0.28740744564501686	0.7125925543549828
0.28539962560995336	0.7146003743900463
0.28767508059735586	0.7123249194026438
0.28675057533792014	0.7132494246620795
0.28667528767586614	0.7133247123241335
0.2860350897128762	0.7139649102871235
0.28701807427639064	0.712981925723609
0.28820812273120344	0.7117918772687962
0.2854179566006651	0.7145820433993346
0.28820798813747306	0.7117920118625266
0.2857181135375567	0.714281886462443
0.2863742593019028	0.7136257406980968
0.2880739851358052	0.7119260148641945
0.28647283840995186	0.7135271615900478
0.28509130650224584	0.7149086934977538
0.2861262359657454	0.7138737640342543
0.28625867987582615	0.7137413201241736
0.28531629719073015	0.7146837028092695
0.28640549922385183	0.7135945007761478
0.2868258585529853	0.7131741414470143
0.2876329648663877	0.712367035133612
0.28521569638979316	0.7147843036102065
0.28796896343623263	0.712031036563767
0.2860416582441534	0.7139583417558463
0.28526556847350937	0.7147344315264903
0.28611133813668854	0.7138886618633111
0.2867242701520767	0.713275729847923
0.2878849664042399	0.7121150335957598
0.28543277863857985	0.7145672213614198
0.2864045183305763	0.7135954816694234
0.2867117902668743	0.7132882097331253
0.2871871533424342	0.7128128466575654
0.28619684212933494	0.7138031578706647
0.28716886963680177	0.7128311303631979
0.28719059263883506	0.7128094073611646
0.2869871900879875	0.7130128099120121
0.2852873509145498	0.7147126490854498
0.2852824364747967	0.714717563525203
0.2861542597531837	0.7138457402468159
0.2855597213276268	0.7144402786723729
0.28664153253505764	0.713358467464942
0.28668869635410327	0.7133113036458965
0.2851410492334035	0.7148589507665961
0.28536858007136356	0.7146314199286361
0.28729721712268685	0.7127027828773128
0.28551917866734444	0.7144808213326552
0.2874267351737104	0.7125732648262892
0.28575452628935993	0.7142454737106397
0.2880920943096723	0.7119079056903274
0.28649271754135824	0.7135072824586415
0.285243310079728	0.7147566899202717
0.2861193331208278	0.7138806668791718
0.2864237190710422	0.7135762809289574
0.2881873368162817	0.7118126631837179
0.2874971920517919	0.7125028079482078
0.28757161094881367	0.712428389051186
0.28677656965029574	0.7132234303497039
0.2856444732533699	0.7143555267466297
0.28565720895935065	0.714342791040649
0.28705589279405674	0.7129441072059429
0.2852708570466885	0.7147291429533111
0.2863206214678012	0.7136793785321984
0.2866656025828834	0.7133343974171162
0.2880725260944096	0.7119274739055901
0.28527608624885825	0.7147239137511414
0.2881390839788096	0.7118609160211901
0.2853345349513447	0.714665465048655
0.2883619317272912	0.7116380682727085
0.2879336873704818	0.7120663126295179
0.28580298038851465	0.7141970196114851
0.28640591685906797	0.7135940831409318
0.288155881428677	0.7118441185713227
0.28541890803194	0.7145810919680597
0.28808821135298135	0.7119117886470183
0.28728803162241706	0.7127119683775827
0.28633291634303215	0.7136670836569675
0.28655525717229463	0.7134447428277051
0.2855048255037501	0.7144951744962496
0.2881023250724517	0.711897674927548
0.28827051545967675	0.7117294845403229
0.2877268354222072	0.7122731645777924
0.28505509592832945	0.7149449040716702
0.28815816651913595	0.7118418334808637
0.2869952888180948	0.7130047111819049
0.2854244009531135	0.7145755990468862
0.2850651649331918	0.7149348350668079
0.2879889530106867	0.712011046989313
0.2858803170083152	0.7141196829916845
0.2880836306667342	0.7119163693332655
0.28609101197036313	0.7139089880296365
0.2881026919669603	0.7118973080330393
0.2877930360091877	0.712206963990812
0.28701577649283205	0.7129842235071676
0.28574595956892224	0.7142540404310774
0.286786588099538	0.7132134119004616
0.28528453545398774	0.7147154645460119
0.2870599187352022	0.7129400812647975
0.28701946577627957	0.7129805342237201
0.2878585926459267	0.7121414073540729
0.28810700930692956	0.7118929906930701
0.2868097869420251	0.7131902130579746
0.2875339900323354	0.7124660099676643
0.2862823285662405	0.7137176714337592
0.28679708540413784	0.7132029145958618
0.28723037283992825	0.7127696271600714
0.28837706689903597	0.7116229331009637
0.2853090417618477	0.714690958238152
0.28605090293634916	0.7139490970636505
0.2866077686445606	0.713392231355439
0.28785756912387017	0.7121424308761295
0.28511901553666175	0.7148809844633379
0.28531307182993254	0.7146869281700672
0.287634626101982	0.7123653738980177
0.28605947816867183	0.7139405218313278
0.2875384324502137	0.712461567549786
0.28607879484302967	0.71392120515697
0.2878199927757211	0.7121800072242785
0.28745947215847123	0.7125405278415284
0.28745476887779364	0.712545231122206
0.28756857753029075	0.7124314224697089
0.28791836376042956	0.7120816362395701
0.2861867715175702	0.7138132284824295
0.28794045375106203	0.7120595462489376
0.287864126299042	0.7121358737009577
0.28802662882668206	0.7119733711733176
0.28775901290810024	0.7122409870918994
0.288295718683253	0.7117042813167467
0.2879935553986563	0.7120064446013434
0.28744769769429546	0.7125523023057042
0.2853674322452181	0.7146325677547816
0.2874900123692924	0.7125099876307073
0.2870021088620719	0.7129978911379278
0.2882809932887772	0.7117190067112225
0.2858890750767069	0.7141109249232928
0.2856334826437401	0.7143665173562596
0.2873288054184133	0.7126711945815863
0.28776353069732374	0.7122364693026759
0.2868910828721376	0.7131089171278621
0.2855707031718008	0.7144292968281989
0.2879480837829413	0.7120519162170584
0.2884144760994909	0.7115855239005088
0.28818084413161893	0.7118191558683807
0.28548092259240976	0.7145190774075899
0.28599288850969606	0.7140071114903036
0.2863344874690257	0.713665512530974
0.28726381036421694	0.7127361896357827
0.28528940800842534	0.7147105919915744
0.2861120242807903	0.7138879757192094
0.2879726097530866	0.7120273902469131
0.2863938153180422	0.7136061846819575
0.2881669640738106	0.7118330359261891
