0.830488016615779	0.1695119833842207
0.8306087918039488	0.1693912081960509
0.8301273319014644	0.16987266809853535
0.8308202931470419	0.16917970685295786
0.830831137282309	0.16916886271769077
0.8306091121650958	0.16939088783490386
0.8299988637997651	0.17000113620023466
0.8306084776526699	0.16939152234732985
0.8304799001079114	0.16952009989208827
0.8308192837577901	0.1691807162422096
0.8307885672084996	0.16921143279150008
0.8307357327720492	0.16926426722795052
0.8305314855900823	0.16946851440991745
0.8304948342018059	0.1695051657981937
0.8300907835842903	0.16990921641570939
0.8307760665891636	0.16922393341083608
0.8301542724359007	0.169845727564099
0.8305059179091094	0.16949408209089023
0.829995855271755	0.17000414472824465
0.8306678726180656	0.16933212738193404
0.8304286259419109	0.1695713740580888
0.830061153601788	0.16993884639821166
0.8303884031760773	0.16961159682392235
0.8300630625456749	0.16993693745432487
0.8309092810691889	0.1690907189308108
0.8307044356791488	0.1692955643208509
0.8303471481174903	0.16965285188250934
0.8300450165061459	0.16995498349385368
0.830897286304515	0.16910271369548463
0.8309515926882798	0.16904840731171988
0.8302096665090357	0.16979033349096395
0.8309164818232477	0.169083518176752
0.8305216213992168	0.1694783786007828
0.8305273419526368	0.1694726580473629
0.8301752205264092	0.16982477947359037
0.8304175965113274	0.1695824034886722
0.8305946826040915	0.16940531739590814
0.8309396802234918	0.16906031977650776
0.8309639412226741	0.16903605877732547
0.8301443053497173	0.16985569465028233
0.830721736887425	0.16927826311257466
0.8302107635681819	0.1697892364318177
0.8305180139325945	0.16948198606740522
0.8304208618455866	0.1695791381544131
0.8304450882883688	0.16955491171163084
0.8303941459108681	0.16960585408913154
0.8307490042706929	0.1692509957293068
0.8305637315509999	0.16943626844899978
0.8307513755837065	0.16924862441629318
0.8305404728467464	0.1694595271532533
0.8307413758190094	0.1692586241809903
0.8309272236474912	0.16907277635250845
0.8302338699842451	0.16976613001575452
0.8304284839844815	0.16957151601551806
0.830679142502276	0.16932085749772363
0.8305489001236797	0.16945109987632
0.8306819268569057	0.16931807314309405
0.8305040234715302	0.16949597652846948
0.8304761861656897	0.16952381383430998
0.8302086576639183	0.16979134233608145
0.8307123230684368	0.16928767693156282
0.8307142432763964	0.16928575672360324
0.8301807315308655	0.1698192684691342
0.8309810663214289	0.1690189336785708
0.830572237024187	0.16942776297581258
0.8302590511762915	0.1697409488237081
0.8304965926209915	0.1695034073790082
0.8304642866897394	0.16953571331026024
0.8308269211022662	0.16917307889773348
0.8303570012819819	0.16964299871801775
0.8307431816288655	0.1692568183711341
0.8309091833251807	0.16909081667481896
0.8309619479968786	0.169038052003121
0.8308475729623099	0.1691524270376898
0.8300779975679411	0.16992200243205852
0.8309693175548111	0.1690306824451886
0.8305280997679053	0.16947190023209435
0.8308674739512956	0.16913252604870416
0.8307944165283352	0.16920558347166453
0.8303903608481661	0.16960963915183358
0.8303520671567894	0.16964793284321017
0.8309308732376497	0.16906912676235003
0.8305750353911934	0.16942496460880635
0.8302334152316728	0.16976658476832684
0.8308240238494201	0.16917597615057955
0.8303333819051014	0.16966661809489825
0.830458333959802	0.16954166604019766
0.8306297650011967	0.169370234998803
0.8303761353882222	0.16962386461177753
0.8304535545186789	0.16954644548132086
0.8304462776727752	0.1695537223272245
0.8302194657796472	0.16978053422035244
0.8300821196081657	0.16991788039183398
0.8303348652224745	0.16966513477752515
0.8304298169114196	0.16957018308858007
0.8303700956355555	0.1696299043644442
0.8302065662000813	0.16979343379991835
0.8300537858636386	0.16994621413636102
0.8300870969014132	0.16991290309858642
0.8304219164520543	0.16957808354794535
0.8304010966222273	0.16959890337777245
0.8299955838666366	0.17000441613336303
0.8309394126004621	0.16906058739953755
0.8305324242759238	0.16946757572407584
0.8303834907734071	0.1696165092265926
0.8305897219724168	0.16941027802758285
0.8304682818831319	0.16953171811686768
0.8305299147585519	0.16947008524144774
0.8300659350926451	0.16993406490735458
0.8300287269558716	0.16997127304412807
0.830126041954693	0.16987395804530675
0.8300136176850849	0.1699863823149148
0.8306552684570889	0.16934473154291074
0.8308156081961704	0.16918439180382933
0.8300984988918358	0.16990150110816382
0.8300443301422977	0.169955669857702
0.8307901693019024	0.16920983069809725
0.8306241443364322	0.1693758556635675
0.8300996996525026	0.16990030034749704
0.8305526360379616	0.16944736396203808
0.830292267341612	0.16970773265838773
0.8302585554587074	0.16974144454129225
0.8304346509561407	0.169565349043859
0.8302393046880291	0.16976069531197058
0.8304747798928607	0.16952522010713905
0.8300436468531178	0.16995635314688184
0.8301121505971767	0.16988784940282298
0.8305433229137396	0.1694566770862601
0.8302553122667413	0.1697446877332584
0.8304891482144143	0.16951085178558528
0.8300724133060718	0.16992758669392782
0.8302276819411273	0.16977231805887238
0.8302551505507392	0.16974484944926044
0.830244710836701	0.16975528916329863
0.8304768400921978	0.16952315990780187
0.830404535517056	0.16959546448294377
0.8299949608645218	0.17000503913547776
0.8305366313936691	0.16946336860633066
0.8304274067405699	0.1695725932594298
0.8305448243488813	0.1694551756511184
0.8301307048561896	0.1698692951438101
0.8302458576846016	0.1697541423153981
0.8306106967098342	0.16938930329016544
0.83009150093201	0.16990849906798972
0.8303511862238493	0.16964881377615043
0.8305472017510083	0.16945279824899134
0.8308452419728267	0.16915475802717295
0.8301179604245648	0.16988203957543485
0.8304438351771215	0.16955616482287822
0.8302665240973963	0.1697334759026034
0.8309091413457512	0.1690908586542485
0.8300488693271049	0.1699511306728948
0.8307648981089732	0.16923510189102642
0.8305414622858669	0.16945853771413283
0.830614853727667	0.16938514627233264
0.8300747693770759	0.16992523062292375
0.8305251373877487	0.16947486261225098
0.8304855518117009	0.16951444818829875
0.8305385157113131	0.16946148428868657
0.8303387724056921	0.16966122759430757
0.8309646489704438	0.1690353510295559
0.830085882137948	0.16991411786205163
0.8306305725922376	0.169369427407762
0.8303581572102513	0.16964184278974836
0.8306024754200831	0.16939752457991658
0.8306920969255183	0.1693079030744814
0.830905213115556	0.16909478688444368
0.8303171634010332	0.16968283659896644
0.8307892045363539	0.16921079546364576
0.8303823454223798	0.1696176545776199
0.8307601173774029	0.16923988262259676
0.8304565398050487	0.16954346019495092
0.8306290112312449	0.16937098876875484
0.8307549250676036	0.169245074932396
0.8307746789122282	0.16922532108777144
0.8302517412288806	0.16974825877111915
0.8308387682265415	0.1691612317734582
0.8306265061222414	0.16937349387775824
0.8303577589642659	0.16964224103573383
0.8302615458603426	0.169738454139657
0.8305606196093858	0.16943938039061385
0.8307190602485599	0.16928093975143976
0.8300726856742053	0.1699273143257944
0.8306961880182672	0.1693038119817325
0.8304594182266816	0.1695405817733181
0.8306929055592764	0.16930709444072317
0.8305415663291541	0.16945843367084557
0.8301624296379879	0.1698375703620117
0.830067252711167	0.16993274728883262
0.8302031912170232	0.16979680878297643
0.8305894378327168	0.16941056216728284
0.8306726012372694	0.16932739876273034
0.8304495361804389	0.16955046381956068
0.8306177896109054	0.1693822103890943
0.830468185286251	0.16953181471374862
0.8309686930827742	0.16903130691722545
0.8302007296985696	0.16979927030143
0.8301934597053251	0.16980654029467462
0.8307197287485449	0.16928027125145473
0.8309114795038545	0.1690885204961452
0.8302170094219797	0.16978299057801993
0.8300364599746476	0.16996354002535208
0.8305477620084489	0.16945223799155068
0.8302624096553162	0.1697375903446835
0.8302111158759014	0.16978888412409832
0.830668365230057	0.16933163476994256
0.830715443871536	0.16928455612846371
0.8308677535806233	0.1691322464193764
0.8308570571126888	0.16914294288731085
0.8306545973636336	0.1693454026363661
0.8304985774438359	0.16950142255616374
0.8300257558900008	0.16997424410999884
0.8306587563387315	0.16934124366126807
0.8305730677044718	0.1694269322955278
0.8304657670150791	0.16953423298492054
0.8306485396675848	0.16935146033241488
0.8303518918337641	0.16964810816623555
0.8301744973636545	0.16982550263634516
0.8309789523385297	0.16902104766146997
0.8307918510787542	0.16920814892124547
0.8303509675032965	0.16964903249670316
0.8301310466536189	0.1698689533463807
0.8301929207824787	0.16980707921752097
0.8304761142343644	0.1695238857656352
0.8306455059164033	0.16935449408359637
0.8306572954772249	0.16934270452277478
0.830451519553647	0.16954848044635268
0.8301387646067564	0.16986123539324333
0.830807823149469	0.16919217685053067
0.8306050566394236	0.16939494336057603
0.8300219138547287	0.16997808614527105
0.8302821034173484	0.16971789658265124
0.8306519602596969	0.16934803974030277
0.8308404369116851	0.16915956308831465
0.8300814730277533	0.16991852697224646
0.8301765722825412	0.16982342771745856
0.8304158179457725	0.1695841820542272
0.8301001792725202	0.16989982072747944
0.8308744561868485	0.16912554381315115
0.8303844470170761	0.16961555298292352
0.8309653510132471	0.16903464898675258
0.8305731132075156	0.16942688679248408
0.830980903643955	0.16901909635604462
0.8300397411176665	0.16996025888233307
0.8307151423028787	0.16928485769712098
0.8305404974588817	0.16945950254111802
0.8301459066951279	0.16985409330487178
0.8307164987833244	0.16928350121667524
0.8304632104861427	0.16953678951385692
0.830758903175896	0.16924109682410365
0.8307501115660544	0.16924988843394528
0.830281293565317	0.16971870643468273
0.8305528435942013	0.16944715640579838
0.8300927529340536	0.16990724706594612
0.8307617435798607	0.169238256420139
0.8308547267596617	0.169145273240338
0.8307587425818205	0.1692412574181792
0.8301195671527757	0.16988043284722398
0.8303879596358792	0.16961204036412042
0.8309420751550869	0.16905792484491272
0.8307431042293542	0.1692568957706455
0.8300179258828377	0.16998207411716187
0.830409582230465	0.16959041776953465
0.8301304373880158	0.16986956261198388
0.8305477071152563	0.16945229288474334
0.8308009894095871	0.1691990105904126
0.8300447480027102	0.1699552519972895
0.8303167759302061	0.16968322406979353
0.8308975333601076	0.16910246663989198
0.8302072661512769	0.16979273384872268
0.8300758079273355	0.16992419207266418
0.8302105110530525	0.16978948894694712
0.8301668177555266	0.16983318224447314
0.8309073883748854	0.1690926116251143
0.8301181642128022	0.16988183578719757
0.8309025433681257	0.16909745663187392
0.8301934099203423	0.16980659007965743
0.8307288895778712	0.1692711104221285
0.8303059962311505	0.1696940037688492
0.830400020788628	0.16959997921137165
0.8308906729052292	0.1691093270947705
0.8304304332171509	0.16956956678284874
0.8301815786097981	0.16981842139020148
0.830257441856664	0.16974255814333578
0.8306434008608394	0.16935659913916024
0.8303725321082791	0.16962746789172062
0.8303554701844472	0.16964452981555245
0.8309310830691203	0.16906891693087933
0.8303687484097375	0.16963125159026216
0.8302905619718085	0.16970943802819116
0.8305524687062308	0.16944753129376888
0.8300222673469184	0.1699777326530813
0.8304207048412857	0.169579295158714
0.8306310220486044	0.16936897795139533
0.8309815781408318	0.16901842185916777
0.8300019569240669	0.16999804307593275
0.8302066962197552	0.16979330378024454
0.8307078924458122	0.1692921075541874
0.830265535974563	0.16973446402543674
0.8304199917662978	0.1695800082337019
0.8307174159694932	0.1692825840305064
0.8302878796660562	0.1697121203339435
0.8304964405881569	0.1695035594118428
0.8308124235407045	0.16918757645929516
0.8304665407915428	0.1695334592084568
0.8303515922646704	0.1696484077353293
0.8302843929917798	0.16971560700821986
0.8300135688095864	0.1699864311904133
0.8303886149629638	0.16961138503703593
0.83063952705111	0.16936047294888962
0.8309596986039661	0.16904030139603354
0.8301200696105822	0.16987993038941746
0.8303886846662607	0.16961131533373902
0.8306723037144849	0.1693276962855148
0.8304391235116937	0.16956087648830598
0.8308605824943913	0.1691394175056084
0.8300750125703156	0.16992498742968415
0.8306169656583007	0.16938303434169905
0.8307154430045671	0.1692845569954326
0.8305676902787378	0.16943230972126194
0.8307284223557063	0.1692715776442933
0.8307801883884284	0.1692198116115713
0.8305644799228424	0.1694355200771573
0.8307099722618326	0.16929002773816704
0.8305189557485031	0.16948104425149652
0.8304586196892259	0.16954138031077376
0.8307188456276683	0.16928115437233138
0.829995090713378	0.17000490928662165
0.8305333647759965	0.16946663522400324
0.8301032702271295	0.16989672977287018
0.8307736646191382	0.16922633538086151
0.8304178400841135	0.1695821599158862
0.8302649975811492	0.16973500241885042
0.8302533259639401	0.16974667403605959
0.8306588916745857	0.16934110832541394
0.8307483720735861	0.16925162792641357
0.8307962924589436	0.16920370754105607
0.8307000828498978	0.1692999171501019
0.8305585560859053	0.16944144391409433
0.8303153416910527	0.16968465830894702
0.8309068786595071	0.16909312134049265
0.8301751815179235	0.16982481848207626
0.8302174940356533	0.16978250596434635
0.8305004496478239	0.16949955035217573
0.830867397279889	0.16913260272011071
0.8304288525441442	0.16957114745585544
0.830210288100967	0.16978971189903264
0.8300558491636689	0.1699441508363307
0.8307349709507408	0.16926502904925894
0.8303591424797949	0.1696408575202048
0.8304866693144503	0.1695133306855494
0.830137113733425	0.16986288626657464
0.8300367936812472	0.16996320631875256
0.8300712543707802	0.16992874562921945
0.8305212555325672	0.16947874446743244
0.8306504148567936	0.16934958514320608
0.8303221738154634	0.16967782618453625
0.8300982715705043	0.1699017284294954
0.830801169234572	0.1691988307654277
0.8301854716686697	0.16981452833132993
0.8303528727670555	0.16964712723294423
0.8305120996795516	0.16948790032044803
0.8309214448433783	0.1690785551566214
0.8308590503862054	0.16914094961379422
0.83097216110752	0.16902783889247958
0.830234498070215	0.16976550192978468
0.8301637993370629	0.1698362006629368
0.8302869512148046	0.16971304878519516
0.8304869492883755	0.1695130507116242
0.8301992715230863	0.1698007284769134
0.830783431285585	0.1692165687144147
0.830847513254205	0.16915248674579458
0.8301672931580029	0.16983270684199675
0.8301866713244231	0.16981332867557652
0.8306615182499062	0.16933848175009353
0.8302210673115338	0.16977893268846594
0.8301229494758539	0.1698770505241458
0.8305989242742466	0.16940107572575303
0.8307293871932888	0.16927061280671085
0.8299979930620749	0.17000200693792483
0.8299989536919008	0.17000104630809892
0.8301667092043651	0.16983329079563458
0.8300974636192657	0.169902536380734
0.8309816558613011	0.16901834413869854
0.8309542335613014	0.16904576643869829
0.8300247868874756	0.16997521311252406
0.8304943838112235	0.16950561618877608
0.8302370350784983	0.16976296492150134
0.8301811339827985	0.16981886601720125
0.8302729403553999	0.16972705964459978
0.8308867329313239	0.16911326706867585
0.8307053364356152	0.16929466356438455
0.8307042576914773	0.1692957423085224
0.8301130281682533	0.1698869718317464
0.8304416115592583	0.16955838844074134
0.8308882725087505	0.1691117274912492
0.8309681453435915	0.16903185465640808
0.8305300391321204	0.1694699608678793
0.8300008091811775	0.16999919081882214
0.8309847586986623	0.16901524130133738
0.8304476322340844	0.1695523677659153
0.8304975674254556	0.16950243257454417
0.8309228461684153	0.16907715383158445
0.8300741621118481	0.16992583788815147
0.8304237103634303	0.16957628963656934
0.8302958584950625	0.16970414150493718
0.8308676523792717	0.16913234762072793
0.8309556376477185	0.1690443623522811
0.830705089874769	0.16929491012523074
0.8301654758189486	0.16983452418105105
0.830684173439685	0.16931582656031458
0.830712915114174	0.16928708488582567
0.8301006632521937	0.169899336747806
0.8305159952513155	0.16948400474868414
0.8305855470566648	0.16941445294333485
0.8307509464365802	0.16924905356341946
0.830922712489411	0.16907728751058865
0.8306597430125492	0.16934025698745048
0.8306197606950678	0.1693802393049318
0.830983566229782	0.1690164337702177
0.8305907352090172	0.16940926479098256
0.8305586906004964	0.1694413093995033
0.8308340833489511	0.16916591665104846
0.8306769411466464	0.1693230588533533
0.8305424131239789	0.16945758687602075
0.8304647257957019	0.16953527420429781
0.830591681812718	0.16940831818728164
0.8301460766411367	0.16985392335886296
0.8309071281795948	0.1690928718204049
0.8306910124406807	0.169308987559319
0.8308401211920671	0.1691598788079326
0.8301830027002539	0.1698169972997457
0.8305335003047385	0.16946649969526123
0.8308028608929348	0.1691971391070649
0.8304574994316911	0.16954250056830855
0.8305434239669833	0.16945657603301628
0.83091021819153	0.16908978180846967
0.8300592802791025	0.16994071972089725
0.8301715150865268	0.16982848491347297
0.8309665110602226	0.1690334889397771
0.830490555694783	0.1695094443052167
0.8302279768546819	0.1697720231453178
0.8307926549400177	0.16920734505998192
0.8303512126392036	0.16964878736079608
0.8305033219653253	0.16949667803467444
0.8305023248009582	0.1694976751990414
0.8307836866932511	0.16921631330674858
0.83020770592938	0.16979229407061963
0.8304250068814576	0.16957499311854202
0.8304859051438362	0.16951409485616337
0.8300967029087436	0.16990329709125612
0.8306917210919149	0.16930827890808475
0.8300372695828024	0.16996273041719717
0.8300572200000393	0.16994277999996038
0.8306833160579219	0.16931668394207783
0.830514030888881	0.16948596911111868
0.8302747206971204	0.16972527930287923
0.8303536972256251	0.16964630277437448
0.8303666402604839	0.16963335973951582
0.8300394052624769	0.16996059473752279
0.8301697913859865	0.16983020861401316
0.8307421446740004	0.1692578553259993
0.8303420378900679	0.16965796210993184
0.8300184386685352	0.16998156133146453
0.830259676676028	0.16974032332397165
0.8305159428476998	0.16948405715229986
0.8308037826579961	0.16919621734200352
0.8307952678649884	0.16920473213501125
0.8302120920461649	0.16978790795383486
0.8308471948104453	0.16915280518955433
0.830887823591608	0.16911217640839177
0.830568630033887	0.16943136996611263
0.8308871847304162	0.16911281526958338
0.8304266527807744	0.16957334721922523
0.8300616613078265	0.16993833869217312
0.8308015158388862	0.16919848416111344
0.8302814750022764	0.16971852499772327
0.8308647735972693	0.16913522640273038
0.8301233999963248	0.16987660000367488
0.8304568279375779	0.1695431720624217
0.8309164727911902	0.16908352720880954
0.830060442735869	0.16993955726413068
0.8303869579999665	0.16961304200003308
0.8301454585577167	0.16985454144228296
0.8305462534200767	0.1694537465799229
0.8307154989835961	0.16928450101640363
0.8309684652517182	0.16903153474828153
0.8306999006235402	0.1693000993764595
0.8307220251028171	0.16927797489718255
0.8300683089876042	0.16993169101239552
0.8305325922759921	0.16946740772400765
0.830417765674976	0.16958223432502356
0.8301590802506283	0.16984091974937132
0.8308040790393332	0.1691959209606665
0.8305111217400085	0.1694888782599912
0.8307771743119325	0.16922282568806718
0.8304384265929381	0.16956157340706152
0.8305264034986308	0.1694735965013689
0.8307648697204487	0.16923513027955095
0.8309245413522155	0.16907545864778412
0.8303213477600185	0.16967865223998113
0.8303522521234978	0.1696477478765019
0.8309236681756537	0.169076331824346
0.8303115245230632	0.16968847547693638
0.8303781744576798	0.16962182554231986
0.8307603628991913	0.1692396371008083
0.8301377217913104	0.1698622782086892
0.8302093671439308	0.16979063285606888
0.8300008376723991	0.1699991623276006
0.8308329559599041	0.16916704404009553
0.8308938382653135	0.16910616173468618
0.8308043619740404	0.16919563802595927
0.8306074062207125	0.16939259377928712
0.8308007924542613	0.1691992075457383
0.8307139970358962	0.16928600296410345
0.8300269203791479	0.16997307962085173
0.8300110377709777	0.16998896222902188
0.8302016428606462	0.16979835713935343
0.830033504964552	0.1699664950354477
0.8301455133129141	0.16985448668708564
0.8304679089234143	0.1695320910765854
0.8304798432670693	0.16952015673293047
0.8307507575345789	0.16924924246542067
0.8309304870101779	0.1690695129898218
0.8303258210780092	0.16967417892199044
0.8300267883049207	0.16997321169507895
0.8303957533490846	0.1696042466509151
0.8300406442551678	0.16995935574483184
0.8308156280418902	0.16918437195810943
0.8301274387712607	0.16987256122873895
0.8299943171944387	0.17000568280556094
0.8309303126938231	0.16906968730617655
0.8306962086018301	0.1693037913981696
0.8308597142864731	0.16914028571352652
0.8306893348760842	0.16931066512391546
0.8303881977036376	0.16961180229636208
0.8306841820292158	0.16931581797078388
0.8308540596906382	0.16914594030936148
0.8302878181253874	0.16971218187461218
0.8301700846031843	0.1698299153968153
0.8304427764407656	0.16955722355923403
0.8307528823549533	0.1692471176450464
0.8301279032321642	0.16987209676783543
0.8306764545582037	0.16932354544179595
0.8301967511499572	0.1698032488500425
0.8302584309478374	0.16974156905216237
0.830355887345643	0.16964411265435664
0.8306058007898673	0.16939419921013232
0.8300377172090423	0.16996228279095738
0.8307206005200812	0.16927939947991844
0.8304434402109717	0.169556559789028
0.8304541991388872	0.16954580086111243
0.8306929088896186	0.1693070911103811
0.8303786953241483	0.1696213046758514
0.8302364403738945	0.16976355962610512
0.8307944062239683	0.1692055937760314
0.8300631040167469	0.1699368959832528
0.8302582956594105	0.16974170434058922
0.8300066969570019	0.16999330304299776
0.8307028733944395	0.16929712660556023
0.830948577372127	0.1690514226278726
0.8303793577214262	0.16962064227857349
0.8300314047908279	0.16996859520917168
0.8301996731953227	0.16980032680467694
0.8307145210331219	0.16928547896687773
0.830047865227908	0.1699521347720917
0.830788049101415	0.16921195089858465
0.8307464382369221	0.16925356176307754
0.8308830789835878	0.16911692101641185
0.8303590989837395	0.16964090101626011
0.8304994197530495	0.16950058024695008
0.8303964474104625	0.1696035525895372
0.8309644201912111	0.16903557980878858
0.8303156605120234	0.1696843394879763
0.8309749639196361	0.16902503608036357
0.8306371927435656	0.16936280725643404
0.8309534610761846	0.16904653892381505
0.830836053403686	0.16916394659631362
0.8301846541298932	0.16981534587010644
0.8306650632097548	0.16933493679024497
0.8307885506297372	0.1692114493702624
0.8301283581462604	0.1698716418537392
0.8309730758601566	0.1690269241398431
0.8304418841739599	0.16955811582603975
0.8305883041673754	0.16941169583262428
0.8306707189714215	0.1693292810285782
0.830366168036033	0.1696338319639667
0.8305366140198716	0.16946338598012817
0.8306527682280473	0.16934723177195238
0.8301597165902126	0.16984028340978707
0.830610356447377	0.1693896435526226
0.8303498648432217	0.16965013515677801
0.8304243415419342	0.16957565845806544
0.830807451679813	0.16919254832018665
0.8304358518115347	0.169564148188465
0.8308644231099398	0.16913557689005987
0.8300009154941352	0.16999908450586448
0.8307026377557334	0.16929736224426623
0.8307161906445781	0.16928380935542148
0.8300033113096609	0.1699966886903388
0.8309655269074407	0.16903447309255892
0.8307198489144562	0.1692801510855435
0.830865965431346	0.1691340345686536
0.8301235037471766	0.16987649625282308
0.8306513308447521	0.1693486691552476
0.83075597694411	0.16924402305588965
0.8307689845515636	0.1692310154484361
0.8302704945961457	0.16972950540385406
0.8304043902015534	0.1695956097984463
0.8309346680568238	0.16906533194317586
0.8303401689423194	0.16965983105768023
0.8303817896914794	0.1696182103085203
0.8305397503530481	0.1694602496469516
0.8300128045771633	0.1699871954228364
0.8300648393244349	0.1699351606755648
0.8303281942218925	0.16967180577810714
0.8302441916175131	0.1697558083824866
0.8300539950103392	0.1699460049896605
0.8307723767809365	0.1692276232190632
0.8306899225874449	0.16931007741255483
0.8301923073579189	0.16980769264208073
0.8301614662948604	0.16983853370513924
0.8309660019810032	0.1690339980189965
0.8304258425320828	0.16957415746791682
0.830515089155488	0.16948491084451162
0.8304203557406509	0.16957964425934885
0.8306440627367574	0.16935593726324227
0.8302526328487044	0.16974736715129524
0.8309635583330226	0.16903644166697712
0.8307711075982422	0.16922889240175737
0.8303269285164139	0.16967307148358574
0.830980778319918	0.16901922168008165
0.8302661191042291	0.16973388089577063
0.8302791699320848	0.16972083006791477
0.8300089304061737	0.16999106959382587
0.8306497543379836	0.16935024566201606
0.8307454312550695	0.16925456874493022
0.8308164638626119	0.16918353613738785
0.8302111426096608	0.16978885739033883
0.8304272270199511	0.16957277298004864
0.8306878420592934	0.1693121579407063
0.830596975408328	0.16940302459167167
0.8305649506652808	0.16943504933471892
0.8309384424705969	0.16906155752940277
0.8304529425334559	0.1695470574665437
0.8306526655561843	0.16934733444381528
0.8302189696276264	0.16978103037237324
0.8308330314625247	0.16916696853747498
0.8305045331390403	0.1694954668609594
0.8300784226443525	0.16992157735564722
0.8304918487522187	0.16950815124778096
0.8305020601297883	0.1694979398702114
0.8307455584576857	0.1692544415423139
0.8304416242139863	0.1695583757860134
0.8301874093062437	0.16981259069375598
0.8302892398875517	0.169710760112448
0.8303466793414025	0.16965332065859712
0.830924261071774	0.16907573892822575
0.8300312525681712	0.16996874743182838
0.8307605149361386	0.16923948506386116
0.8300732352067179	0.16992676479328167
0.8305214020704805	0.1694785979295192
0.8304699290269776	0.16953007097302208
0.8303307119642711	0.16966928803572862
0.8306018925882221	0.16939810741177758
0.83074495431649	0.16925504568350974
0.8301470157199369	0.1698529842800628
0.8303445050130291	0.16965549498697052
0.830910547107943	0.16908945289205674
0.8309167789915854	0.16908322100841416
0.8309499964600646	0.169050003539935
0.8309720465807319	0.1690279534192678
0.8304533018893965	0.16954669811060313
0.8301027941824849	0.16989720581751477
0.8304579148278517	0.16954208517214803
0.8301435039511094	0.16985649604889036
0.8303497421405841	0.16965025785941562
0.8308154900760962	0.16918450992390344
0.8303947518816059	0.16960524811839367
0.830898256675346	0.16910174332465372
0.8309141562878233	0.1690858437121764
0.8305800375394103	0.16941996246058927
0.8303762748816101	0.16962372511838958
0.830718978108486	0.16928102189151362
0.8302439306864269	0.16975606931357273
0.8304150588005492	0.1695849411994504
0.8306863617131273	0.1693136382868724
0.8307521310532962	0.16924786894670357
0.8307079067021268	0.16929209329787281
0.8303422606882769	0.16965773931172284
0.8302858519245351	0.1697141480754646
0.8300608898187001	0.16993911018129965
0.8305100802968256	0.16948991970317406
0.8302837162499539	0.16971628375004583
0.8306433629206087	0.16935663707939103
0.8302804718778503	0.1697195281221494
0.8305281968377092	0.16947180316229055
0.8303599820240977	0.169640017975902
0.8308533506168981	0.16914664938310153
0.8300495554045823	0.16995044459541742
0.8305371077803461	0.1694628922196536
0.8304970544397668	0.16950294556023282
0.8309828983463418	0.1690171016536579
0.830950087414553	0.16904991258544672
0.830571417699228	0.16942858230077168
0.8308375007043345	0.16916249929566518
0.8307498873301766	0.16925011266982304
0.8300162236643451	0.16998377633565454
0.8302778289862784	0.16972217101372128
0.8305994240588446	0.16940057594115515
0.8301248090746323	0.16987519092536746
0.830048537641933	0.16995146235806668
0.8305779094551557	0.16942209054484397
0.8302039619007119	0.16979603809928778
0.8304604267524363	0.1695395732475634
0.8304802516948858	0.16951974830511385
0.8303446304421932	0.16965536955780647
0.8308483830676769	0.16915161693232278
0.8308589107978024	0.16914108920219723
0.8308244483403543	0.16917555165964537
0.830419810576487	0.16958018942351272
0.8300844174152848	0.1699155825847149
0.8308122373147111	0.16918776268528862
0.8303004661266394	0.16969953387336023
0.8302331743911848	0.1697668256088148
0.8306571691580076	0.16934283084199214
0.830289896616804	0.16971010338319575
0.8301802935867761	0.16981970641322347
0.8307254208510522	0.1692745791489475
0.8308730781238561	0.16912692187614353
0.8308448491569356	0.16915515084306404
0.8307081845430716	0.16929181545692806
0.8304864524165079	0.16951354758349185
0.8303919595758962	0.16960804042410343
0.8302736414498553	0.16972635855014434
0.8304741461982741	0.16952585380172563
0.8301761192847982	0.1698238807152015
0.8308587599055934	0.1691412400944063
0.8300531851919546	0.16994681480804508
0.8309771492002884	0.1690228507997112
0.8302071436131712	0.1697928563868285
0.830201414282798	0.16979858571720158
0.8303708460240065	0.16962915397599326
0.8309627304447362	0.16903726955526338
0.8309540818155265	0.16904591818447312
0.8304567969231644	0.1695432030768353
0.8306123998808319	0.1693876001191677
0.8309431810180183	0.16905681898198133
0.8305232419852508	0.16947675801474876
0.8299922688131536	0.1700077311868461
0.8300531956365793	0.1699468043634203
0.8300925937144521	0.16990740628554757
0.8302040048037135	0.1697959951962862
0.8300701971534871	0.1699298028465126
0.8307348427814156	0.1692651572185841
0.8307905123149579	0.16920948768504168
0.8309829920036044	0.1690170079963953
0.8308569449109301	0.16914305508906957
0.830550446001094	0.16944955399890566
0.8308269309915766	0.16917306900842305
0.8305915946427636	0.16940840535723617
0.8300790824387438	0.16992091756125577
0.8302591606529487	0.16974083934705098
0.8301793428049498	0.1698206571950499
0.8307656783007135	0.1692343216992862
0.8300612776114105	0.16993872238858926
0.8306601306066773	0.16933986939332235
0.8302722291179242	0.16972777088207547
0.8306383380065366	0.16936166199346303
0.8307278485517229	0.1692721514482768
0.829999486127259	0.17000051387274057
0.8305085388032319	0.16949146119676772
0.8305010154664965	0.16949898453350315
0.8307628531043525	0.16923714689564723
0.8300800785716852	0.16991992142831447
0.8309592202539531	0.16904077974604664
0.8303221435613999	0.16967785643859984
0.8306879936281074	0.16931200637189225
0.830214284903346	0.16978571509665363
0.8308972781693559	0.1691027218306438
0.8300729226083621	0.1699270773916376
0.8302623052849595	0.1697376947150402
0.8309344866348353	0.1690655133651644
0.8304528194330449	0.16954718056695472
0.8302185689675297	0.16978143103246995
0.8300941817853329	0.16990581821466672
0.8301007137113687	0.16989928628863094
0.8306692415028349	0.16933075849716472
0.8309814521477759	0.16901854785222387
0.8300758708489814	0.1699241291510183
0.8299870371287004	0.17001296287129924
0.8309160854564628	0.16908391454353683
0.8302514388202096	0.16974856117979015
0.8306505931174013	0.16934940688259836
0.8300635641129627	0.169936435887037
0.8300874382914079	0.16991256170859187
0.8302747589840683	0.16972524101593134
0.8299921769203	0.17000782307969964
0.8301752653044183	0.16982473469558135
0.8300302455636532	0.16996975443634638
0.8305552599520174	0.1694447400479822
0.8307030745460939	0.16929692545390573
0.8300281787667947	0.16997182123320503
0.8303682409453466	0.16963175905465305
0.8308536156539952	0.16914638434600454
0.8302795402578838	0.16972045974211586
0.8303555631398452	0.1696444368601545
0.8299881741180877	0.17001182588191194
0.830931996037422	0.16906800396257776
0.8306773098089313	0.16932269019106838
0.8304471528278543	0.16955284717214542
0.8304902370107812	0.16950976298921855
0.8309785299912207	0.16902147000877893
0.8303548542324706	0.1696451457675291
0.8308928987853951	0.1691071012146046
0.8307065787235028	0.16929342127649688
0.8307843897421858	0.1692156102578138
0.8307580490118716	0.1692419509881281
0.8307837286033251	0.16921627139667467
0.8308581720211574	0.1691418279788423
0.8307194229300894	0.16928057706991034
0.830168878170042	0.16983112182995763
0.830275213785665	0.16972478621433462
0.83063751307796	0.16936248692203976
0.8300315450944988	0.16996845490550083
0.8307123313754552	0.16928766862454442
0.8306501673492885	0.16934983265071113
0.8309686495998148	0.1690313504001849
0.8304652459269288	0.1695347540730709
0.8308713873271305	0.16912861267286916
0.8300568283153908	0.16994317168460887
0.830664688412184	0.16933531158781573
0.8302519071153106	0.16974809288468906
0.8303866776629347	0.169613322337065
0.8303398413642331	0.16966015863576656
0.830705659923348	0.16929434007665162
0.8306499446659772	0.16935005533402248
0.830952385363511	0.1690476146364886
0.830333646940618	0.16966635305938166
0.830032542429873	0.16996745757012666
0.8306852441093898	0.16931475589060985
0.8304344056530646	0.16956559434693513
0.8300176185041432	0.16998238149585637
0.8307811406153424	0.1692188593846573
0.8307114761610913	0.16928852383890836
0.8300576545528329	0.1699423454471668
0.8301156214405172	0.1698843785594824
0.8309380429277134	0.16906195707228622
0.830897952454521	0.16910204754547864
0.8300280731653557	0.16997192683464402
0.8308583747574498	0.16914162524254983
0.8306599160169621	0.16934008398303757
0.8302978906437377	0.1697021093562619
0.830374070316392	0.16962592968360768
0.8302279566985615	0.16977204330143808
0.8306562101693671	0.16934378983063259
0.8307226801980575	0.16927731980194216
0.8306932443063917	0.16930675569360804
0.8301224550003217	0.169877544999678
0.8300611824423407	0.16993881755765888
0.8301963670044459	0.16980363299555373
0.830083886701748	0.16991611329825163
0.830260006580817	0.16973999341918272
0.830516692676937	0.16948330732306266
0.8303834285775387	0.169616571422461
0.8303098693563495	0.16969013064365018
0.8304014151305306	0.1695985848694691
0.8303015902181142	0.16969840978188544
0.8306470816972003	0.16935291830279936
0.8308854549294448	0.1691145450705549
0.8303554428260043	0.16964455717399535
0.8304803704818504	0.1695196295181492
0.8302127645624121	0.16978723543758756
0.8308192553861504	0.1691807446138492
0.8308052501490719	0.1691947498509278
0.8308612212240103	0.16913877877598932
0.8309606688148381	0.16903933118516157
0.8305906828895924	0.1694093171104073
0.8304904883922568	0.1695095116077428
0.8308576003937848	0.1691423996062149
0.8302938754256046	0.169706124574395
0.8303833710480149	0.16961662895198476
0.8305134304472777	0.16948656955272196
0.8301753485850208	0.16982465141497882
0.8302355137961479	0.16976448620385182
0.8300962001170009	0.16990379988299875
0.8305193814036205	0.1694806185963792
0.8305509532521593	0.1694490467478404
0.8304205078340341	0.16957949216596552
0.8299895221822572	0.17001047781774248
0.8307097397817438	0.16929026021825583
0.8306149020679963	0.16938509793200346
0.8303536029383293	0.1696463970616704
0.8304572417603113	0.1695427582396884
0.8301576768407402	0.16984232315925957
0.8307955543143295	0.16920444568567022
0.8304933506419697	0.16950664935802995
0.8303209297953349	0.16967907020466472
0.8306367221103089	0.16936327788969074
0.830828893597531	0.16917110640246869
0.8302586325488575	0.16974136745114216
0.8300953978375689	0.1699046021624308
0.8302552881569734	0.16974471184302625
0.8300811066146407	0.16991889338535898
0.8307700632000652	0.16922993679993453
0.830836110720047	0.16916388927995257
0.8305489277498797	0.16945107225012002
0.830529528532189	0.1694704714678107
0.8300726318733044	0.1699273681266953
0.830397918000368	0.16960208199963162
0.8306583527573943	0.16934164724260542
0.8304771996669491	0.1695228003330505
0.8309560753538208	0.16904392464617896
0.8304497780742828	0.16955022192571695
0.8309602094957657	0.169039790504234
0.8307201921542671	0.1692798078457326
0.8306931541895797	0.16930684581042005
0.8304710100707947	0.16952898992920495
0.8304997859697519	0.16950021403024773
0.8305464319644644	0.16945356803553524
0.8301292701131279	0.1698707298868718
0.8304279652677844	0.16957203473221522
0.8300088815399298	0.1699911184600698
0.8304658352116507	0.16953416478834898
0.8301220115293575	0.16987798847064217
0.8306228574416717	0.16937714255832792
0.8305680336727219	0.16943196632727775
0.830269943887002	0.16973005611299768
0.8300221813229647	0.169977818677035
0.8306422209371374	0.16935777906286226
0.8307255532861402	0.16927444671385955
0.8300273784201453	0.16997262157985438
0.8302925278367027	0.16970747216329696
0.8302067639205505	0.16979323607944918
0.8302042461264464	0.16979575387355328
0.830369892652345	0.1696301073476547
0.8306521616428819	0.1693478383571178
0.8302819334771538	0.16971806652284582
0.8306492700057748	0.1693507299942248
0.830798359699163	0.16920164030083662
0.8300033102950346	0.16999668970496512
0.8305711549158129	0.16942884508418676
0.8307890382395972	0.1692109617604025
0.8307710147873107	0.16922898521268892
0.8300790510001179	0.16992094899988175
0.8306324998876999	0.16936750011229967
0.8302840685887829	0.16971593141121677
0.830595134848876	0.16940486515112363
0.83077719127441	0.16922280872558976
0.8304299856019128	0.1695700143980869
0.8306794165817255	0.16932058341827416
0.8305735631514989	0.16942643684850078
0.8306522783217034	0.16934772167829631
0.8300972399209096	0.1699027600790901
0.830397103789773	0.16960289621022656
0.8301122639745611	0.16988773602543855
0.8305638478654247	0.1694361521345749
0.8308340465001892	0.16916595349981045
0.830408640879896	0.1695913591201037
0.830888380186364	0.16911161981363565
0.8302371956206072	0.16976280437939256
0.8306812593312096	0.16931874066879
0.8307692300311587	0.16923076996884107
0.830041872684483	0.16995812731551663
0.8305547725698293	0.16944522743017032
0.8301771647736298	0.16982283522636987
0.830640424403716	0.16935957559628373
0.8304407322701909	0.16955926772980878
0.8306404970159107	0.16935950298408897
0.8302112014478695	0.16978879855213014
0.8301087602981617	0.16989123970183795
0.8301135683543563	0.16988643164564332
0.8300231944909995	0.16997680550900024
0.8305340485505767	0.169465951449423
0.8300721649523517	0.16992783504764797
0.8301867514084307	0.16981324859156893
0.8305284203565659	0.16947157964343373
0.8305490655806957	0.16945093441930387
0.8305329391501415	0.16946706084985824
0.8308898368705175	0.16911016312948218
0.8308146879537062	0.16918531204629345
0.8300995441361476	0.16990045586385205
0.8309380673192274	0.1690619326807723
0.8308606136399885	0.1691393863600112
0.8302189944104799	0.16978100558951986
0.8307768564084185	0.1692231435915812
0.8304329714842302	0.16956702851576944
0.8307443956651979	0.16925560433480186
0.8308180845354103	0.16918191546458933
0.8306048418431169	0.16939515815688283
0.8307004251139131	0.1692995748860866
0.830763155214614	0.16923684478538575
0.8308343553895297	0.16916564461046996
0.8300966637108118	0.16990333628918786
0.8306663384138528	0.16933366158614682
0.8305450326133299	0.16945496738666976
0.8300210513326415	0.1699789486673582
0.8308692638822273	0.16913073611777235
0.8303363902964288	0.16966360970357086
0.8302608999944585	0.16973910000554115
