0.5008941306029878	0.49910586939701185
0.5001384195379802	0.4998615804620195
0.5035813649037946	0.49641863509620515
0.5032063620649413	0.4967936379350584
0.4990347026315702	0.5009652973684295
0.501052813580982	0.4989471864190177
0.49998233971108436	0.5000176602889153
0.49965849356074576	0.5003415064392539
0.4999314609537603	0.5000685390462394
0.5007139938069697	0.49928600619303
0.5038797990899101	0.49612020091008957
0.49933421976112363	0.500665780238876
0.49917915388870254	0.5008208461112971
0.49852690563300844	0.5014730943669913
0.4975941114089741	0.5024058885910255
0.4974298623585428	0.5025701376414569
0.5037445859127947	0.49625541408720497
0.49975827363687575	0.5002417263631239
0.49975701160272973	0.50024298839727
0.5010432299975025	0.4989567700024971
0.4980925748154497	0.5019074251845499
0.5001679119764265	0.4998320880235732
0.4979022750274138	0.5020977249725859
0.5004853530096284	0.49951464699037124
0.5024175901961051	0.4975824098038945
0.5039951756882715	0.4960048243117282
0.49822325720245003	0.5017767427975497
0.5004123652513521	0.49958763474864754
0.5022471017544045	0.4977528982455952
0.49851662833730404	0.5014833716626956
0.49823573115256714	0.5017642688474325
0.5036602628538086	0.49633973714619106
0.5038949663916956	0.49610503360830405
0.49973420337402263	0.500265796625977
0.5015848423809942	0.49841515761900546
0.5007214012148311	0.49927859878516856
0.5039754342764844	0.4960245657235153
0.4987262400408579	0.5012737599591418
0.5019179276278151	0.4980820723721846
0.4984879550231784	0.5015120449768212
0.49963938066351843	0.5003606193364812
0.5000263470930543	0.49997365290694545
0.4976194893407599	0.5023805106592398
0.49872867248531993	0.5012713275146797
0.5012945408362551	0.4987054591637446
0.5032964872100003	0.49670351278999936
0.49821631787320053	0.5017836821267991
0.4997107818677318	0.5002892181322679
0.5017835175008794	0.4982164824991203
0.49838640179801974	0.5016135982019799
0.5038216430593582	0.49617835694064144
0.5005325313081608	0.4994674686918389
0.49809743043546656	0.5019025695645332
0.4991841097428561	0.5008158902571436
0.502789481343117	0.49721051865688276
0.5011187150150116	0.498881284984988
0.4986809363399158	0.5013190636600839
0.5013271435711373	0.49867285642886244
0.4984537998343264	0.5015462001656732
0.49975423401317004	0.5002457659868296
0.5018488641217188	0.49815113587828086
0.5004911319586519	0.49950886804134775
0.5027113265581029	0.49728867344189676
0.5019563369936145	0.4980436630063852
0.4985092842544932	0.5014907157455065
0.49840932209944666	0.501590677900553
0.49819646610142343	0.5018035338985762
0.49996034206410483	0.5000396579358949
0.5012097257294393	0.4987902742705603
0.4990578359875243	0.5009421640124754
0.498942116533853	0.5010578834661467
0.5031380170460578	0.4968619829539419
0.5028329349111078	0.49716706508889186
0.49797854363071187	0.5020214563692879
0.5004836079882534	0.49951639201174625
0.5019344015226057	0.498065598477394
0.5011359242128766	0.4988640757871231
0.501274127016211	0.49872587298378873
0.5030139236809608	0.49698607631903896
0.5014408075461216	0.49855919245387803
0.499892713639764	0.5001072863602357
0.4983213442438646	0.5016786557561351
0.5028060696229509	0.4971939303770488
0.5029749273947784	0.4970250726052213
0.4987535803953327	0.501246419604667
0.5018451605630303	0.49815483943696937
0.5030513758662691	0.49694862413373053
0.49808294115510204	0.5019170588448977
0.4985032463968291	0.5014967536031706
0.5030227688378038	0.49697723116219583
0.5026375810848388	0.4973624189151608
0.5036450218444843	0.4963549781555154
0.4986603698289624	0.5013396301710373
0.5014920288596344	0.4985079711403653
0.5040106079402048	0.49598939205979486
0.5005142822961258	0.4994857177038739
0.5011779310656137	0.4988220689343859
0.5034403051328424	0.49655969486715723
0.5017561090012781	0.4982438909987216
0.5040057605407686	0.495994239459231
0.5003752208591355	0.4996247791408641
0.5032756811296522	0.49672431887034746
0.5026765806125187	0.4973234193874809
0.49934816337922944	0.5006518366207702
0.5028331369676816	0.49716686303231805
0.5006682607833205	0.4993317392166792
0.502629645554671	0.4973703544453286
0.4982980607272363	0.5017019392727634
0.5028486254884312	0.4971513745115685
0.50199902242122	0.49800097757877965
0.498266421246655	0.5017335787533447
0.5038467296075557	0.49615327039244395
0.4996244469414597	0.50037555305854
0.4982913410947511	0.5017086589052485
0.4980045128909539	0.5019954871090458
0.501606701891988	0.49839329810801175
0.5013614050843026	0.4986385949156971
0.5039489271822729	0.4960510728177268
0.4998449676598417	0.5001550323401579
0.49979217759734557	0.500207822402654
0.4977336719331425	0.5022663280668571
0.5020656742301107	0.49793432576988894
0.5018319957330653	0.4981680042669344
0.503386893750668	0.49661310624933164
0.5019700212501014	0.49802997874989835
0.4978658643193784	0.5021341356806213
0.4978430335544853	0.5021569664455143
0.5031608660403605	0.4968391339596392
0.49994188384479094	0.5000581161552087
0.5040972402908441	0.49590275970915554
0.5024584299104737	0.49754157008952593
0.502352741007969	0.49764725899203066
0.5039811698202169	0.4960188301797827
0.5002601716811405	0.4997398283188592
0.5015940417156611	0.4984059582843385
0.5023833942754975	0.49761660572450217
0.4976186949030428	0.5023813050969569
0.5030575466700098	0.49694245332998993
0.4977216488172195	0.5022783511827802
0.5026599428430195	0.49734005715698015
0.5011355495242996	0.4988644504757001
0.501646105770342	0.4983538942296577
0.5033767257635365	0.4966232742364632
0.5033003588125401	0.49669964118745963
0.5014112589053853	0.4985887410946143
0.5038889811592554	0.49611101884074427
0.4976166013723255	0.5023833986276742
0.5001099766100859	0.49989002338991373
0.5029790615473824	0.4970209384526173
0.5000043827372875	0.49999561726271213
0.5009742725117267	0.499025727488273
0.5012525766800542	0.4987474233199455
0.5011818341505067	0.49881816584949307
0.4980488456902069	0.5019511543097928
0.5003614009994708	0.49963859900052887
0.5012431386174185	0.49875686138258113
0.5036296733626133	0.49637032663738634
0.49866709589892666	0.501332904101073
0.4983429873750926	0.5016570126249071
0.5013645680799382	0.49863543192006143
0.5021633846917433	0.4978366153082564
0.5007924450402462	0.49920755495975344
0.5001952751826095	0.49980472481739013
0.4982023242862296	0.50179767571377
0.5013243919691034	0.49867560803089633
0.4981872312309933	0.5018127687690064
0.49848138732495	0.5015186126750497
0.49872329697630147	0.5012767030236982
0.4979877793802561	0.5020122206197435
0.5022741318895857	0.49772586811041397
0.4987830323673626	0.5012169676326371
0.5006434752446898	0.4993565247553099
0.49907831817609133	0.5009216818239084
0.49795366759377807	0.5020463324062217
0.49914976666270705	0.5008502333372926
0.5023147394830128	0.4976852605169869
0.5014365535445143	0.49856344645548534
0.49832658930568885	0.5016734106943108
0.4981489505883855	0.5018510494116142
0.5033803828873475	0.4966196171126521
0.5035034891992236	0.496496510800776
0.49789150624241396	0.5021084937575857
0.5039235366671765	0.4960764633328232
0.4993618299621763	0.5006381700378234
0.5018914897382477	0.4981085102617519
0.503488043613369	0.4965119563866307
0.4991567418479282	0.5008432581520715
0.5035599464459555	0.49644005355404414
0.5017449250916125	0.49825507490838716
0.504007598325606	0.4959924016743936
0.5019520739775819	0.4980479260224178
0.497627751630221	0.5023722483697787
0.501162707460565	0.4988372925394346
0.5027509039624909	0.4972490960375088
0.5040060642969537	0.495993935703046
0.4983390513747333	0.5016609486252663
0.5031889375498901	0.49681106245010953
0.5028103887738188	0.49718961122618094
0.4995816601929155	0.5004183398070842
0.4998841299908245	0.5001158700091751
0.49955946688591485	0.5004405331140849
0.49883885053791216	0.5011611494620876
0.4999108648736882	0.5000891351263115
0.5031854679743621	0.4968145320256375
0.4992048775934518	0.5007951224065479
0.4974659852936077	0.502534014706392
0.5038231929749812	0.49617680702501843
0.5022946959591212	0.4977053040408784
0.5023890729007108	0.49761092709928884
0.49757601212931235	0.5024239878706873
0.4980298009940646	0.5019701990059351
0.49979353538329474	0.5002064646167049
0.5013482729777201	0.49865172702227956
0.49791296016331243	0.5020870398366872
0.49947812337518493	0.5005218766248147
0.5027030769111828	0.49729692308881696
0.49859548794090286	0.5014045120590969
0.5005174224844191	0.4994825775155806
0.49841553375642544	0.5015844662435742
0.5019231549248732	0.4980768450751265
0.5016368242672415	0.49836317573275807
0.5023444712826313	0.49765552871736835
0.49755806963406646	0.5024419303659332
0.5015727039763065	0.49842729602369323
0.5019862511333444	0.4980137488666553
0.49780167781766393	0.5021983221823357
0.5001825444098464	0.4998174555901532
0.5030755465407876	0.4969244534592121
0.5001467332191546	0.49985326678084513
0.5031467415035534	0.4968532584964462
0.5020308797629128	0.4979691202370869
0.4995537883057164	0.5004462116942833
0.49924407970597046	0.5007559202940292
0.4999498837096302	0.5000501162903694
0.5014661009624545	0.4985338990375452
0.5007523627790501	0.49924763722094956
0.500599126024728	0.4994008739752716
0.4983400745066874	0.5016599254933123
0.497550513302327	0.5024494866976726
0.5029589251081741	0.49704107489182564
0.5010992445861226	0.49890075541387696
0.5028005838402472	0.4971994161597525
0.49813396066963384	0.5018660393303659
0.4999421787675682	0.5000578212324315
0.5021000842854064	0.4978999157145933
0.4988882371826866	0.5011117628173131
0.499045790524271	0.5009542094757287
0.5010870123376896	0.4989129876623101
0.5019029052452928	0.4980970947547068
0.5028459948476169	0.4971540051523828
0.4989532041114006	0.5010467958885991
0.4993398688443265	0.5006601311556732
0.4978404500305891	0.5021595499694106
0.5006670979725206	0.49933290202747904
0.499186486501691	0.5008135134983087
0.4992010899337966	0.500798910066203
0.5027910137262919	0.49720898627370785
0.5038270837173676	0.49617291628263205
0.5034788787270839	0.49652112127291587
0.4977013637381057	0.502298636261894
0.4978275070538883	0.5021724929461114
0.502153024525323	0.49784697547467677
0.4984416958011716	0.5015583041988281
0.499197531711254	0.5008024682887458
0.5007449893436658	0.49925501065633376
0.500205208044142	0.4997947919558577
0.4984066033200119	0.5015933966799878
0.5001003870032954	0.49989961299670427
0.4990673479801768	0.5009326520198228
0.5040043810367422	0.4959956189632575
0.5026578894958171	0.49734211050418253
0.5032054503612143	0.49679454963878533
0.4996259259940455	0.5003740740059542
0.4990106938421464	0.5009893061578532
0.5007503702351802	0.4992496297648195
0.4981835894139802	0.5018164105860194
0.5034780813962956	0.49652191860370415
0.5011221135811607	0.49887788641883896
0.4988090525427396	0.5011909474572601
0.5009862653819256	0.4990137346180741
0.5017986860831037	0.49820131391689587
0.4974447133172623	0.5025552866827374
0.49804878241841477	0.5019512175815849
0.49927496746109706	0.5007250325389027
0.5009955098410089	0.49900449015899073
0.5021787079874278	0.4978212920125718
0.4982040770201176	0.5017959229798821
0.5025387361206677	0.497461263879332
0.5006282949897808	0.4993717050102189
0.5035293001378981	0.49647069986210157
0.5039910022961247	0.49600899770387497
0.5020451558720117	0.4979548441279879
0.5031884445539966	0.4968115554460031
0.5037426212206098	0.49625737877938986
0.4987855889430818	0.5012144110569179
0.5005440128175876	0.499455987182412
0.503617743790017	0.4963822562099826
0.5010833173215276	0.4989166826784721
0.4986251321930627	0.501374867806937
0.5004277916417256	0.4995722083582741
0.5010683104854629	0.4989316895145368
0.5029247503059769	0.4970752496940227
0.49910606643675703	0.5008939335632426
0.5018121206930477	0.4981878793069519
0.5006942638843883	0.49930573611561135
0.5016193198163598	0.49838068018363996
0.5041015043543016	0.4958984956456981
0.5018414392938059	0.49815856070619374
0.5024562268638564	0.49754377313614323
0.5040527042900635	0.4959472957099361
0.5039625817740114	0.4960374182259883
0.503490388526838	0.4965096114731617
0.5006352083307417	0.499364791669258
0.5000115090251961	0.4999884909748035
0.5000898722071049	0.4999101277928948
0.5022891576028085	0.4977108423971912
0.5006774526662685	0.49932254733373116
0.49969981804631036	0.5003001819536893
0.4983527038595996	0.5016472961404
0.5011361433484494	0.4988638566515503
0.4986555930417671	0.5013444069582326
0.49955519662467307	0.5004448033753266
0.5038900388915164	0.4961099611084833
0.5019323603126336	0.49806763968736606
0.500795447532677	0.49920455246732265
0.4981781387709734	0.5018218612290263
0.5003847013009959	0.4996152986990038
0.5000578481984072	0.49994215180159257
0.5000840824539369	0.4999159175460628
0.5028456730848094	0.49715432691519024
0.5034196532643849	0.4965803467356148
0.4998590296395848	0.5001409703604148
0.4977446350287668	0.5022553649712328
0.5023563292837238	0.4976436707162759
0.5027013741057282	0.49729862589427143
0.49797028473916916	0.5020297152608305
0.5014398257615842	0.4985601742384154
0.5015717786170522	0.49842822138294746
0.4994603774913192	0.5005396225086804
0.4985996383462008	0.5014003616537989
0.5029437251631402	0.4970562748368594
0.5007414097014233	0.4992585902985763
0.4988747497208376	0.501125250279162
0.5014921767456909	0.4985078232543087
0.498089772046672	0.5019102279533276
0.4999243466879885	0.5000756533120111
0.5006769133111388	0.4993230866888609
0.49864331061204537	0.5013566893879543
0.5028668494043639	0.49713315059563573
0.5035696275519383	0.49643037244806126
0.500715236373568	0.49928476362643176
0.49969300722151533	0.5003069927784843
0.5006327383240284	0.49936726167597123
0.4990645664613782	0.5009354335386215
0.5004098381091363	0.4995901618908634
0.5007489644005003	0.49925103559949935
0.5019183896480235	0.4980816103519762
0.5030071132825683	0.49699288671743136
0.4983905789752042	0.5016094210247954
0.49808239403844895	0.5019176059615508
0.503830054033218	0.4961699459667816
0.4982262988805825	0.5017737011194171
0.5036325215887573	0.4963674784112424
0.5003358605096635	0.49966413949033617
0.5035788562308333	0.49642114376916635
0.5027258660726169	0.4972741339273827
0.5005157900609627	0.49948420993903697
0.5031228578761883	0.49687714212381145
0.5029061434868032	0.4970938565131965
0.501674580964228	0.4983254190357717
0.4994712512131408	0.5005287487868589
0.4988526589736917	0.501147341026308
0.5032550987664743	0.49674490123352527
0.5016054931096748	0.4983945068903248
0.4984486562269275	0.5015513437730721
0.5027168679988634	0.4972831320011363
0.5028439760603032	0.49715602393969643
0.501079616906459	0.49892038309354064
0.49757857409066497	0.5024214259093347
0.49998004304161003	0.5000199569583896
0.49836873724908365	0.501631262750916
0.501892540792707	0.4981074592072927
0.49810647849311795	0.5018935215068817
0.5039606390427941	0.4960393609572055
0.5011575669880552	0.4988424330119444
0.49892403984177125	0.5010759601582284
0.5012817642916575	0.49871823570834223
0.501441391298418	0.4985586087015817
0.5032062393817996	0.4967937606182
0.504026571421413	0.4959734285785867
0.5013034050034116	0.49869659499658797
0.5002323754592647	0.4997676245407349
0.4997969450928312	0.5002030549071684
0.49882753742505176	0.501172462574948
0.4990783306964696	0.5009216693035301
0.5000631114933749	0.4999368885066247
0.4989135648584291	0.5010864351415706
0.4974996504649398	0.5025003495350598
0.49991294738862857	0.5000870526113711
0.5026361438629873	0.4973638561370124
0.498126961238865	0.5018730387611346
0.5032602115472318	0.49673978845276784
0.4983537857825298	0.5016462142174698
0.5036392440959842	0.49636075590401557
0.5026603031814797	0.4973396968185199
0.49829650043875956	0.5017034995612402
0.49984138601455125	0.5001586139854484
0.4983750919699906	0.501624908030009
0.5025348885971223	0.4974651114028774
0.49865448714454197	0.5013455128554577
0.5026596793308263	0.4973403206691733
0.5017853200440571	0.4982146799559426
0.49873087055822374	0.5012691294417759
0.5003236140655396	0.49967638593446
0.4984779668366791	0.5015220331633206
0.502731919489146	0.4972680805108537
0.502046006394893	0.4979539936051066
0.5015400019509787	0.4984599980490209
0.4985033441539622	0.5014966558460375
0.498101235842126	0.5018987641578736
0.5002428913593652	0.4997571086406345
0.5032939701812037	0.496706029818796
0.5019836592137642	0.4980163407862355
0.4977893878069288	0.5022106121930708
0.5033398160387953	0.49666018396120437
0.4986476820459654	0.5013523179540342
0.5009350286330029	0.49906497136699673
0.5010266987095556	0.49897330129044404
0.49871591191888653	0.5012840880811131
0.498154896049411	0.5018451039505887
0.49906590305525184	0.5009340969447479
0.5023089223024458	0.49769107769755383
0.49935944289302436	0.5006405571069753
0.502501812126325	0.49749818787367467
0.5023662195997612	0.4976337804002384
0.5027846261218386	0.49721537387816106
0.49948963195432566	0.5005103680456741
0.49959269204532564	0.500407307954674
0.500151529054444	0.49984847094555557
0.5012718649662755	0.49872813503372415
0.50024986973375	0.49975013026624976
0.5007701994862257	0.49922980051377397
0.5019102547796405	0.4980897452203592
0.5020853538845657	0.497914646115434
0.4980312542846528	0.5019687457153469
0.5031867277424812	0.49681327225751853
0.4999200914867713	0.5000799085132284
0.5034814993894509	0.4965185006105488
0.5024417632156786	0.49755823678432115
0.49949062493842616	0.5005093750615734
0.5027905301338804	0.4972094698661192
0.5030207556830001	0.49697924431699964
0.5021065061891387	0.497893493810861
0.5029106407301774	0.4970893592698223
0.4998078216176398	0.5001921783823599
0.5018047319167468	0.4981952680832529
0.503336331336057	0.49666366866394257
0.4976281925308829	0.5023718074691167
0.4998325287608163	0.5001674712391834
0.4995221872243383	0.5004778127756614
0.5007309912333614	0.4992690087666382
0.49879247694237416	0.5012075230576255
0.49959135703281765	0.500408642967182
0.4983848931008274	0.5016151068991723
0.4987065142130293	0.5012934857869703
0.4984242114541668	0.5015757885458328
0.4994846470136262	0.5005153529863735
0.5011619417659756	0.4988380582340241
0.49874199157147625	0.5012580084285234
0.49945037594328645	0.5005496240567132
0.49903648962083147	0.5009635103791682
0.5036664244834231	0.4963335755165765
0.5029973106703868	0.49700268932961295
0.5019207166830875	0.4980792833169122
0.5013833954464996	0.49861660455350004
0.5017698771448552	0.4982301228551444
0.5018569858785875	0.49814301412141215
0.503254511453526	0.4967454885464737
0.49947421251026364	0.5005257874897361
0.49891698734833717	0.5010830126516624
0.4974644807239641	0.5025355192760356
0.4993287018922475	0.5006712981077522
0.5039330649775551	0.4960669350224446
0.5014897779443778	0.4985102220556219
0.5025193563577522	0.4974806436422474
0.4996295328263323	0.5003704671736673
0.5018801867743625	0.49811981322563714
0.49917824870413635	0.5008217512958633
0.5008858323006485	0.4991141676993512
0.49772085088918633	0.5022791491108134
0.4984028913495392	0.5015971086504605
0.5005893552816927	0.499410644718307
0.5033733972249193	0.4966266027750804
0.50185715559982	0.49814284440017964
0.5038149677354866	0.496185032264513
0.49895584513339786	0.5010441548666018
0.5005977009426603	0.49940229905733935
0.49765845159911903	0.5023415484008806
0.49966849106691225	0.5003315089330874
0.5021854348488308	0.49781456515116884
0.49974876690719666	0.500251233092803
0.5030638308575787	0.49693616914242106
0.4974640404277984	0.5025359595722012
0.4998938493104976	0.5001061506895021
0.4995926956721446	0.5004073043278551
0.5003803570448321	0.4996196429551676
0.49891171529773504	0.5010882847022646
0.4987655031995439	0.5012344968004557
0.5015637291607609	0.4984362708392388
0.500843075838212	0.4991569241617877
0.5033672623688139	0.49663273763118576
0.4988513708769103	0.5011486291230894
0.5035074619024972	0.49649253809750243
0.5028948576589003	0.4971051423410994
0.4986231152342115	0.5013768847657881
0.5015366081876349	0.4984633918123647
0.5029767697437568	0.49702323025624284
0.4986832417721646	0.5013167582278351
0.5017507527705859	0.4982492472294137
0.5026137683361754	0.49738623166382423
0.5003202928503512	0.49967970714964854
0.4989651087139678	0.5010348912860318
0.49851154472123077	0.5014884552787688
0.5012373588584891	0.4987626411415106
0.5012894069760119	0.4987105930239878
0.49870500961178943	0.5012949903882102
0.499958208807903	0.5000417911920967
0.49870833946485105	0.5012916605351486
0.501899296139453	0.4981007038605466
0.4983155695910194	0.5016844304089803
0.5009747963291858	0.49902520367081377
0.5011736884084771	0.49882631159152263
0.5020684424846966	0.4979315575153031
0.501587430503729	0.49841256949627066
0.499443054079329	0.5005569459206707
0.5039395701534956	0.4960604298465041
0.5028461437337537	0.497153856266246
0.5024992855431335	0.49750071445686617
0.499821195999501	0.5001788040004987
0.49765766486569685	0.5023423351343028
0.49950580995134797	0.5004941900486517
0.4993573549229886	0.5006426450770111
0.49758775279822026	0.5024122472017793
0.4984112547323146	0.501588745267685
0.4998788084894723	0.5001211915105274
0.5035441011867319	0.49645589881326774
0.5038040910297757	0.4961959089702239
0.4975672038764887	0.502432796123511
0.5024153386273734	0.49758466137262625
0.5033131329326123	0.4966868670673874
0.500625170591996	0.4993748294080037
0.5039551537811945	0.4960448462188051
0.5008300679288119	0.49916993207118776
0.5026570323625199	0.4973429676374798
0.5028084555434376	0.4971915444565621
0.5020571344367195	0.49794286556328016
0.5011603775033815	0.49883962249661823
0.5017500784579056	0.4982499215420941
0.4993136746912337	0.500686325308766
0.49748026230962356	0.5025197376903761
0.49931049493298124	0.5006895050670184
0.4978034317491977	0.502196568250802
0.49826005689841435	0.5017399431015853
0.501447463931777	0.4985525360682227
0.5024709848871596	0.49752901511284015
0.5036317827126187	0.49636821728738106
0.5034967231853871	0.4965032768146126
0.5007375322916335	0.49926246770836613
0.4983620459750475	0.5016379540249521
0.4993355939328692	0.5006644060671305
0.4982595824540541	0.5017404175459456
0.498562829006794	0.5014371709932057
0.5013749273131219	0.4986250726868777
0.5025818131672937	0.49741818683270594
0.4990878110637896	0.50091218893621
0.5000572995457986	0.4999427004542011
0.5031116223280747	0.49688837767192495
0.4988663178964595	0.5011336821035401
0.5035019983001682	0.4964980016998315
0.49963928578985534	0.5003607142101443
0.5022004340945597	0.49779956590543994
0.4978319960960655	0.5021680039039341
0.5040504205979105	0.4959495794020891
0.5017669319414468	0.4982330680585528
0.4983937826672699	0.5016062173327297
0.5027726055889339	0.4972273944110658
0.4975215002777575	0.5024784997222422
0.50296557338674	0.4970344266132597
0.49813084907736876	0.5018691509226308
0.5031809680351342	0.49681903196486543
0.49974353096516355	0.5002564690348361
0.49744930878419913	0.5025506912158005
0.4982755978085224	0.5017244021914773
0.4986376963989408	0.5013623036010589
0.5004460662218168	0.49955393377818297
0.497714427352281	0.5022855726477187
0.5003526750052282	0.4996473249947715
0.49748679405222324	0.5025132059477764
0.49975881521005233	0.5002411847899473
0.4988717332893744	0.5011282667106253
0.5004595694704491	0.4995404305295506
0.5039731819212346	0.49602681807876503
0.5017612107797822	0.4982387892202175
0.5006951005981245	0.49930489940187517
0.5015069631033631	0.49849303689663654
0.4989027163902961	0.5010972836097036
0.502069784729662	0.49793021527033765
0.49990639308599105	0.5000936069140086
0.4990913137924518	0.5009086862075479
0.5020751129421946	0.497924887057805
0.5024587494997035	0.49754125050029624
0.5014802666405147	0.49851973335948496
0.4976098943367153	0.5023901056632843
0.49835565178453595	0.5016443482154637
0.5034377417975789	0.4965622582024207
0.4998894025660194	0.5001105974339802
0.5009743026273082	0.4990256973726915
0.5031155418626039	0.4968844581373958
0.4990452689120321	0.5009547310879675
0.5010215867957255	0.4989784132042741
0.5022469426723597	0.4977530573276399
0.49854796810431756	0.5014520318956821
0.4993207890870904	0.5006792109129093
0.5036496221171567	0.49635037788284303
0.49944814796325865	0.500551852036741
0.5006918004928758	0.4993081995071239
0.5039077298540688	0.4960922701459309
0.4986325727090767	0.501367427290923
0.5021559832436191	0.4978440167563806
0.5007313310989969	0.4992686689010028
0.5029536704100389	0.4970463295899607
0.5007653066423579	0.4992346933576418
0.5009973351459214	0.49900266485407824
0.5015291618161053	0.49847083818389437
0.5002189826865192	0.49978101731348046
0.5021812814163659	0.49781871858363386
0.5034542779085193	0.4965457220914804
0.4979712363596929	0.5020287636403067
0.49947155090889866	0.500528449091101
0.49789033666501076	0.5021096633349889
0.5029743208553143	0.4970256791446853
0.49984874222630465	0.5001512577736951
0.5037678598923536	0.49623214010764605
0.5039232774530855	0.49607672254691415
0.5037178133817265	0.49628218661827317
0.49863088243676684	0.5013691175632329
0.5032115527040952	0.4967884472959044
0.5018192697081443	0.4981807302918554
0.4994290523145367	0.500570947685463
0.5017253289838376	0.49827467101616213
0.4987267750310586	0.501273224968941
0.4979506711341123	0.5020493288658874
0.49810921179938894	0.5018907882006107
0.4996683749265972	0.5003316250734025
0.5015567392725592	0.49844326072744044
0.5002977905228587	0.49970220947714095
0.4983876748603147	0.5016123251396849
0.5001356281294265	0.49986437187057314
0.49913004281884776	0.5008699571811519
0.5021145694483689	0.49788543055163076
0.5010402440304517	0.498959755969548
0.5016944718254283	0.49830552817457135
0.50127819340737	0.49872180659262966
0.4993899165886905	0.5006100834113092
0.5000681978249963	0.4999318021750034
0.49960130546951365	0.500398694530486
0.49842795723108585	0.5015720427689139
0.4993356057545592	0.5006643942454405
0.5003999193252971	0.4996000806747025
0.5023818289284261	0.4976181710715736
0.4978260179083432	0.5021739820916565
0.5010518139910344	0.4989481860089653
0.5019665796958828	0.4980334203041169
0.5001789378455952	0.4998210621544045
0.5020440965354367	0.49795590346456303
0.4985146118710336	0.5014853881289661
0.5005629616605483	0.4994370383394514
0.5014425532088621	0.4985574467911375
0.4984522520147994	0.5015477479852002
0.5028954954208463	0.4971045045791533
0.5001188542935693	0.49988114570643044
0.49945751125179916	0.5005424887482005
0.5020363730784245	0.4979636269215752
0.5033240668399696	0.4966759331600301
0.49756393543299704	0.5024360645670026
0.4991291808632538	0.5008708191367459
0.4990253345801271	0.5009746654198726
0.5024462658399619	0.49755373416003773
0.500862928347794	0.49913707165220567
0.5023200437311206	0.497679956268879
0.49810614161018923	0.5018938583898104
0.5024214647403688	0.49757853525963086
0.5032280445061293	0.4967719554938703
0.502477253883744	0.4975227461162557
0.5019951468204664	0.4980048531795333
0.5009452527663331	0.49905474723366666
0.5015631761342797	0.49843682386571997
0.49875497821767334	0.5012450217823263
0.5002855602000362	0.4997144397999635
0.4995329866675536	0.5004670133324461
0.49914181313138145	0.5008581868686182
0.5033405615841939	0.4966594384158058
0.5012365806044868	0.49876341939551283
0.500151859734561	0.49984814026543867
0.49975681209016515	0.5002431879098345
0.5001806633156849	0.4998193366843148
0.5040561125572157	0.49594388744278395
0.5019068845420176	0.49809311545798207
0.4992499541018998	0.5007500458980999
0.49838210380377707	0.5016178961962225
0.5000022611832518	0.4999977388167479
0.5032570542509098	0.4967429457490898
0.4992968177941394	0.5007031822058603
0.4984365329391677	0.501563467060832
0.49775972576057737	0.5022402742394223
0.49841971177120475	0.501580288228795
0.5001864646758469	0.49981353532415274
0.4979665360105534	0.5020334639894463
0.5026658987118399	0.4973341012881598
0.49799437684412484	0.5020056231558748
0.5004978429807982	0.4995021570192014
0.49971926971776887	0.5002807302822307
0.5001547266800285	0.4998452733199712
0.5005654044316177	0.49943459556838193
0.4982550473087956	0.501744952691204
0.5040159260542159	0.4959840739457838
0.5002365287065049	0.49976347129349474
0.503112099696356	0.49688790030364366
0.5029359540885917	0.49706404591140796
0.5031049221012402	0.49689507789875936
0.49768547614421815	0.5023145238557816
0.5035586800043179	0.49644131999568175
0.5030995931482148	0.4969004068517849
0.4999488359065126	0.500051164093487
0.5003863142864611	0.4996136857135386
0.49852874492492477	0.5014712550750748
0.5033035891621915	0.4966964108378082
0.5004409438103947	0.49955905618960494
0.5019208604015586	0.4980791395984411
0.49792348987043444	0.5020765101295652
0.5000475789595704	0.4999524210404292
0.5006798334859961	0.49932016651400357
0.5000433650621967	0.4999566349378029
0.5037250993392135	0.49627490066078617
0.5025387207285721	0.49746127927142764
0.5028369232148538	0.4971630767851459
0.49836757891225353	0.5016324210877462
0.5019537332829308	0.4980462667170689
0.5009456519433511	0.49905434805664867
0.502143926233051	0.49785607376694857
0.4980296185749023	0.5019703814250973
0.5031921533541479	0.49680784664585176
0.49871230496657293	0.5012876950334267
0.5014140414653897	0.49858595853461
0.4999373980106582	0.5000626019893415
0.4990971307133857	0.500902869286614
0.5031135751464852	0.4968864248535144
0.4978415031576812	0.5021584968423185
0.5020328034167091	0.4979671965832906
0.5014425381449332	0.49855746185506644
0.5005648436806165	0.4994351563193831
0.503774659217105	0.49622534078289476
0.4982376991900835	0.5017623008099161
0.5017542547655377	0.49824574523446197
0.49846641044030504	0.5015335895596946
0.49852538763705806	0.5014746123629417
0.500540990154248	0.49945900984575164
0.5006716523210989	0.49932834767890083
0.4983960348879088	0.5016039651120908
0.49782427146520053	0.5021757285347992
0.4988756672443805	0.5011243327556192
0.49974279499329066	0.500257205006709
0.5033180249350928	0.49668197506490686
0.497542065832169	0.5024579341678307
0.4996003978672503	0.5003996021327494
0.5027583860849533	0.4972416139150464
0.5033582152373552	0.4966417847626444
0.49782923034901366	0.502170769650986
0.5004335585956277	0.49956644140437206
0.5002867680709316	0.499713231929068
0.4990765436085019	0.5009234563914978
0.5028936875392268	0.4971063124607729
0.49806957110809924	0.5019304288919004
0.499651767030692	0.5003482329693077
0.5039866412726797	0.49601335872732
0.5010453148481837	0.49895468515181596
0.500415793072146	0.49958420692785366
0.499867795504252	0.5001322044957477
0.502261226118561	0.49773877388143856
0.49950367684067914	0.5004963231593206
0.49947338940612057	0.5005266105938792
0.500150110896772	0.49984988910322764
0.5016699727776119	0.49833002722238773
0.4986060855843021	0.5013939144156976
0.5020175396798469	0.49798246032015275
0.502619055334012	0.49738094466598776
0.5021725098984343	0.49782749010156535
0.5000243913286654	0.4999756086713343
0.5028197468731028	0.49718025312689684
0.5016721488359268	0.4983278511640729
0.5017442659000685	0.4982557340999311
0.4979420857861071	0.5020579142138926
0.4988411783517035	0.5011588216482962
0.4976535047920671	0.5023464952079326
0.5004107701149964	0.4995892298850033
0.4998609515506211	0.5001390484493786
0.49927799809224155	0.5007220019077582
0.5011120391838884	0.4988879608161113
0.5004338619132306	0.49956613808676903
0.5009831888634981	0.4990168111365016
0.49964300799830874	0.5003569920016909
0.502792672257078	0.49720732774292165
0.4998753533345821	0.5001246466654176
0.5031160708835583	0.49688392911644147
0.4988818271073634	0.5011181728926363
0.5009211051351734	0.4990788948648263
0.5027514428125869	0.4972485571874128
0.5004613880757781	0.4995386119242216
0.5036383817963925	0.49636161820360714
0.5002726756878472	0.49972732431215244
0.4989859105425726	0.5010140894574271
0.501821202854134	0.49817879714586566
0.5019014612932644	0.49809853870673526
0.497789033075828	0.5022109669241717
0.49827250320895067	0.501727496791049
0.4978325117108567	0.5021674882891429
0.5026672744373666	0.4973327255626331
0.500725419882004	0.4992745801179957
0.5036559922374231	0.49634400776257653
0.5026871341695305	0.4973128658304692
0.5003285193359364	0.49967148066406325
0.49995506491839076	0.5000449350816089
0.5024562415479242	0.49754375845207544
0.5037980638696361	0.49620193613036356
0.5025710868407448	0.4974289131592548
0.4986470717058669	0.5013529282941327
0.49837346842199515	0.5016265315780045
0.5040021279522511	0.49599787204774864
0.4998479131662288	0.5001520868337709
0.4978110029984695	0.5021889970015302
0.5020116096946099	0.49798839030538977
0.4993755516694146	0.5006244483305851
0.5040456420912005	0.4959543579087991
0.5024288227033267	0.497571177296673
0.5031179293688716	0.49688207063112805
0.49964093326255093	0.5003590667374487
0.5020157893957172	0.4979842106042825
0.502649345276239	0.4973506547237608
0.4978654248779249	0.5021345751220747
0.5027175919441137	0.49728240805588597
0.5009620496685482	0.49903795033145154
0.5015330412410576	0.4984669587589421
0.5019846816329139	0.49801531836708574
0.5022409674429726	0.49775903255702697
0.5001738451010995	0.4998261548989002
0.5028342326404157	0.497165767359584
0.5015694882500422	0.49843051174995745
0.5015287039464585	0.49847129605354107
0.5022058025034929	0.4977941974965068
0.5008703854855425	0.4991296145144571
0.5006335853274022	0.4993664146725974
0.500306715792956	0.4996932842070436
0.499555286341786	0.5004447136582136
0.5022542816004517	0.49774571839954795
0.503718032245844	0.49628196775415573
0.49784526482709857	0.5021547351729011
0.49746480435563545	0.5025351956443642
0.5030387137294557	0.4969612862705439
0.4991243385714847	0.5008756614285149
0.4980622211408572	0.5019377788591425
0.5034744461145586	0.496525553885441
0.50147274467119	0.4985272553288097
0.49963600638847844	0.5003639936115212
0.5035353092099788	0.4964646907900209
0.49860898165252493	0.5013910183474747
0.5006491696275833	0.49935083037241634
0.4974800636315743	0.5025199363684254
0.5031172100394044	0.4968827899605953
0.5010861246192664	0.49891387538073334
0.502905838162144	0.4970941618378557
0.4986206171929975	0.5013793828070021
0.49820698607489783	0.5017930139251018
0.5011382652504948	0.4988617347495049
0.5031880819858339	0.4968119180141658
0.49812838240519436	0.5018716175948053
0.5028177149825594	0.4971822850174402
0.4978795605972202	0.5021204394027795
0.5011914101241821	0.4988085898758176
0.49760230621819856	0.5023976937818011
0.49893269977810645	0.5010673002218932
0.5027775374243331	0.49722246257566666
0.5022028187742261	0.49779718122577354
0.5001031825366616	0.49989681746333803
0.4984636377263237	0.501536362273676
0.4984830324197135	0.5015169675802862
0.4988857020418514	0.5011142979581483
0.5035985341645774	0.4964014658354222
0.4977983311438512	0.5022016688561485
0.4983234972809475	0.5016765027190522
0.5003550291784646	0.4996449708215351
0.49937243528371017	0.5006275647162896
0.5010483183352469	0.49895168166475273
0.5012783011094581	0.4987216988905415
0.5028220337672732	0.4971779662327265
0.5016394080955362	0.4983605919044634
0.500219515433666	0.4997804845663336
0.5024211510520047	0.497578848947995
0.5016783479524232	0.49832165204757656
0.49832280600640244	0.5016771939935972
0.5017277599136613	0.4982722400863384
0.5031634311591019	0.4968365688408977
0.4996103604368741	0.5003896395631255
0.49773222257428124	0.5022677774257184
0.5011644244574834	0.4988355755425163
0.4976264350734128	0.5023735649265868
0.5012100421251052	0.49878995787489444
0.5032702797789029	0.49672972022109674
0.4977747942159358	0.5022252057840639
0.5001920746873822	0.4998079253126175
0.501939504481311	0.49806049551868864
0.5012096596872552	0.49879034031274444
0.49835838759679846	0.5016416124032013
0.4989495791829632	0.5010504208170364
0.49828861224595533	0.5017113877540443
0.4996793024268718	0.5003206975731278
0.5026069012965098	0.4973930987034899
0.5029171475186228	0.49708285248137685
0.5037157747280454	0.49628422527195426
0.4985043022967289	0.5014956977032708
0.49913314704653905	0.5008668529534607
0.5008235625260931	0.49917643747390666
0.5012536319114476	0.4987463680885521
0.49743215004699076	0.502567849953009
0.4988847238350046	0.5011152761649951
0.5039776922408543	0.49602230775914535
0.5010811585507211	0.49891884144927856
0.5036718270734919	0.4963281729265077
0.4989825278328674	0.5010174721671322
0.5022123097044184	0.4977876902955812
0.5009766731191433	0.4990233268808564
0.5036610393804781	0.4963389606195215
0.5027854228234827	0.497214577176517
0.498308553060119	0.5016914469398807
0.5033433966670315	0.4966566033329681
0.5014212988227729	0.4985787011772268
0.5022073304356485	0.49779266956435125
0.5014350816632629	0.49856491833673683
0.501056442263667	0.4989435577363327
0.4980100366372591	0.5019899633627406
0.49768756470098907	0.5023124352990106
0.5034156911497313	0.49658430885026844
0.5016537092136284	0.49834629078637127
0.5030434020628609	0.4969565979371388
0.5016465248751947	0.49835347512480493
0.4992205844189061	0.5007794155810936
0.5013132043461197	0.49868679565387997
0.5007518455464337	0.4992481544535659
0.4975202960693431	0.5024797039306566
0.5015292204202231	0.49847077957977654
0.5037362083719081	0.49626379162809153
0.5016777958954891	0.49832220410451056
0.5029969407255065	0.4970030592744932
0.49744106568300744	0.5025589343169922
0.4995976599212786	0.5004023400787211
0.4994529389894339	0.5005470610105658
0.5033848442525557	0.49661515574744397
0.5025105832784731	0.4974894167215266
0.4982081806449493	0.5017918193550504
0.5019494106188644	0.4980505893811352
0.4984139762680749	0.5015860237319247
0.501274342577591	0.49872565742240865
0.497528966654071	0.5024710333459287
0.49763484178880246	0.5023651582111972
0.5036309912210343	0.4963690087789654
0.49991178075011866	0.500088219249881
0.4987971896143546	0.5012028103856451
0.5011308184974327	0.4988691815025669
0.503630455425621	0.4963695445743787
0.49793584188402257	0.5020641581159772
0.5024264998536164	0.49757350014638324
0.4975597958082152	0.5024402041917845
0.49949331327672086	0.5005066867232788
0.49918516762984244	0.5008148323701572
0.5037580060671263	0.4962419939328733
0.4988044717130844	0.5011955282869153
0.500811521656929	0.4991884783430706
0.49899197631866915	0.5010080236813305
0.49896342443845776	0.5010365755615419
0.49779067089887763	0.502209329101122
0.503062642669498	0.4969373573305017
0.49818654559222925	0.5018134544077704
0.5002896066663818	0.49971039333361794
0.5012605185499779	0.4987394814500218
0.5011924108417207	0.4988075891582789
0.5006137966012943	0.4993862033987054
0.4994290999615116	0.5005709000384881
0.4992190769668309	0.5007809230331688
0.4988853773317754	0.5011146226682243
0.5030822867489047	0.496917713251095
0.5038446261319659	0.49615537386803377
