0.16625680492242445	0.1676939744767864	0.306192578828147	0.26307590899578326	0.09678073277685868
0.17515907994506696	0.16785690114055346	0.3057056313975042	0.2525272949134917	0.0987510926033835
0.18333088551845808	0.1544035997173832	0.311731791821918	0.2534417436537829	0.09709197928845756
0.16669039753498355	0.16121767467951587	0.3138280241379533	0.26461811481077985	0.09364578883676725
0.18665776545017468	0.15570267549392322	0.30790475146033025	0.2517351806623862	0.09799962693318547
0.19011130423476102	0.1569733110316769	0.30730571997931616	0.25228082796180995	0.09332883679243573
0.17798679729246492	0.15344577070750648	0.3120968720536377	0.25858689157045167	0.09788366837593913
0.18731033806581238	0.1607354152889171	0.30676765567964	0.25119984684843255	0.09398674411719782
0.16749821344171087	0.1557734710074231	0.3202497751042024	0.2638932812793541	0.09258525916730935
0.1639693323632232	0.1608131356515852	0.32878793537943174	0.25052048115410885	0.0959091154516508
0.18100668441444218	0.15863748478215633	0.31782237114481443	0.24901140741431738	0.09352205224426946
0.16124189456762364	0.1628535293790659	0.31267613468435307	0.26455777650347423	0.09867066486548297
0.18092689384535032	0.16185619486440747	0.3140358968756404	0.2492784451113908	0.09390256930321082
0.17510572536537503	0.16050961290970805	0.303636622575789	0.2637912574984326	0.09695678165069513
0.19191581058574766	0.15691875367863417	0.3040415634571734	0.25461853653001476	0.09250533574842976
0.18428382395218507	0.1626012732962158	0.3061925188392843	0.24857764840884622	0.09834473550346844
0.17160084303734655	0.1572658018487982	0.3210286598978608	0.2523427738479902	0.09776192136800407
0.17463761333679206	0.1627531520265977	0.30776088874096497	0.2569831200131943	0.09786522588245075
0.16176264598244866	0.16248811167159583	0.3230085940458107	0.2605653120406903	0.09217533625945434
0.18120596315729823	0.1588843027124592	0.31801158402210694	0.2484243295739966	0.0934738205341388
0.17867143778868383	0.16280362448869262	0.3162198883278976	0.24921465775063412	0.09309039164409165
0.1676195365599688	0.1589381524014974	0.32193732560266264	0.2590061329801611	0.09249885245570982
0.1711133933470142	0.1618770521645816	0.3105541899294289	0.2604498233412402	0.09600554121773486
0.16285569044919473	0.16237448925999604	0.31398681927918604	0.26489604631826996	0.0958869546933531
0.19184758985881015	0.15520953563527484	0.3112814197575626	0.24912662992206858	0.0925348248262836
0.17731375601774405	0.16228176368818972	0.3116523370700963	0.250361285193803	0.09839085803016671
0.1642035973838519	0.1619625087253429	0.32049819737669005	0.2559396048420839	0.09739609167203107
0.17574031394900344	0.16502278855666946	0.31048705600084453	0.25354887798633247	0.09520096350714989
0.16366391864649185	0.15756459554209906	0.3212581324807293	0.2634476987581884	0.09406565457249122
0.1708020748147163	0.15469342676394865	0.3204591675729396	0.25963566013246775	0.09440967071592751
0.1720436396003715	0.157928116496181	0.32383383994912296	0.25150156770359927	0.09469283625072508
0.1772499919455147	0.15380536354323276	0.32424030815848714	0.24777102392047973	0.0969333124322855
0.17895153324706256	0.15381923819656887	0.3110262181082244	0.2602555322210611	0.09594747822708286
0.17094911492846196	0.1564901705577826	0.31941344512021125	0.2570681395526755	0.0960791298408685
0.16965531687437596	0.15970510149187778	0.31947594718423916	0.258661466800758	0.0925021676487489
0.18898576496323855	0.16354166686631022	0.3040797331076352	0.25006859923545116	0.09332423582736471
0.1832430459503526	0.1576773438101352	0.3179805886258826	0.24846292886925495	0.09263609274437448
0.1747210452404743	0.15634597668573322	0.30762811261359946	0.2622567927786491	0.09904807268154373
0.18913804066893475	0.15879848232526467	0.3077784840285414	0.2502361474189602	0.09404884555829872
0.17722375915343838	0.16448491148588631	0.31167577679330677	0.2532694829359452	0.09334606963142306
0.1789009579115853	0.15312870993530983	0.3140546427724177	0.26106878828961894	0.09284690109106805
0.17434761029413892	0.1663588206888109	0.3145446818628026	0.252212548140393	0.09253633901385434
0.1734037046153054	0.15464997525037533	0.32388817752199534	0.25216379854222404	0.0958943440700997
0.17060401771469505	0.16452527139712836	0.3144793119914044	0.2522851080821294	0.09810629081464267
0.176638235880365	0.1592946464473995	0.30794307381065955	0.2598046354092043	0.09631940845237141
0.18452931248450405	0.1535826851215125	0.30898451406365596	0.2577345384636235	0.09516894986670382
0.17144002251965273	0.16339096374426804	0.31361880381992735	0.2565571513836006	0.09499305853255105
0.18133572052525307	0.15991504319113364	0.3089674888900789	0.25248492383117466	0.09729682356235955
0.17527286476817272	0.16000473551311495	0.3116997991269741	0.25437588104835185	0.09864671954338618
0.1677213040167698	0.15987968266487917	0.3288557395730453	0.251021409374238	0.09252186437106752
0.1607002015264394	0.16860128398133437	0.31941987324215226	0.25628159891391944	0.09499704233615433
0.19031674312161856	0.154899239322683	0.30573652432882376	0.25092879023805453	0.09811870298881994
0.187806825634564	0.16062604276981413	0.3040308531415653	0.25299281412681984	0.09454346432723648
0.17814595361727484	0.1605054529965355	0.3160469629530971	0.2522352085718318	0.09306642186126057
0.16862812007849243	0.16735579844558687	0.3193931292671979	0.24793700528792398	0.09668594692079863
0.17735561352094387	0.155010807098525	0.32152805290744213	0.24980013279207916	0.09630539368100963
0.1743127151979602	0.1616258986637181	0.3112524300496037	0.25640694689336346	0.09640200919535433
0.19048620705623048	0.15545466879393294	0.3026265682307687	0.2581935871957428	0.09323896872332485
0.171825611534367	0.1577352501415148	0.3221445683853187	0.25308980975818046	0.09520476018061882
0.16282746271025356	0.16074658139285655	0.3265418574593599	0.25380089625262164	0.09608320218490815
0.18263514997015098	0.16669645996061055	0.3079958750376528	0.2485481208174605	0.09412439421412497
0.17262000271412753	0.161878143437185	0.30946295417429737	0.26019045712982564	0.09584844254456426
0.182714538482676	0.15978211205170995	0.30475733049936016	0.259688245459372	0.09305777350688163
0.18698216096927398	0.154962870548092	0.3017705981299525	0.2574541368535045	0.09883023349917683
0.18649851706721196	0.15696248979120536	0.30316312725959227	0.25891414752981695	0.09446171835217328
0.17767749466993887	0.1573674922689416	0.3047327625036593	0.26149293099871596	0.098729319558744
0.175444749324492	0.1681512903455715	0.3049789505927813	0.25403224019144066	0.09739276954571437
0.1862861317272294	0.15660537368422467	0.3018581370442012	0.26258134131693384	0.09266901622741065
0.17166251903925647	0.1549100778935626	0.3176958417223303	0.25664816188170003	0.09908339946315045
0.17828951132135956	0.16004663667312669	0.3046029790820959	0.25941767217377315	0.09764320074964454
0.1707861013930429	0.15424645256763717	0.31835303130545395	0.2574056303741164	0.09920878435974938
0.1791822699341094	0.16729614418370997	0.30503660294909174	0.2558110004640104	0.09267398246907832
0.18442520254948971	0.1587905212950878	0.30416264740338594	0.25947894092086266	0.09314268783117366
0.16791174811120232	0.15899337136683067	0.32698020061532673	0.24780488624988747	0.09830979365675262
0.17537767897506912	0.15322005506920194	0.30809682689330276	0.2639948615218609	0.09931057754056513
0.1689966213805916	0.1624425483092004	0.3149872964311317	0.25589671144964904	0.09767682242942705
0.16782848049552143	0.16478186025762698	0.30980557276170406	0.2598191580930522	0.09776492839209507
0.1809342639107614	0.16797862960544543	0.3032034121321495	0.24854776159493153	0.09933593275671192
0.15995761922277107	0.15960796431376104	0.3252330067575158	0.2581730489955805	0.09702836071037135
0.17774506340636084	0.15665757853106452	0.31269266849571253	0.2598895808427232	0.09301510872413868
0.17364360832277037	0.1631170376489454	0.30928007716677447	0.2611267655751116	0.09283251128639791
0.16115145144419568	0.16545294223265217	0.320089791107497	0.26087837055135854	0.09242744466429635
0.16455561962111429	0.1593394591166125	0.3249188836329632	0.2532567061084932	0.09792933152081665
0.17929170012405085	0.15729382461649444	0.3115792546665399	0.25456593201135724	0.0972692885815573
0.16159432937858823	0.1557130165416675	0.32691808735747724	0.2571626446550895	0.0986119220671774
0.17175268401529464	0.1536159211184724	0.3176210983009167	0.2621755107059369	0.09483478585937914
0.1763488648702184	0.15907412033817062	0.30343096695691196	0.26458938986247227	0.09655665797222657
0.17075037453782088	0.16800965520891403	0.3071824281853973	0.261739663223254	0.09231787884461364
0.17575531496772911	0.16442373146942468	0.3053010450414366	0.25875253926690267	0.09576736925450668
0.1744529267586742	0.16467106913531815	0.3087381502416666	0.25289134481348124	0.09924650905085952
0.17677219078542938	0.1533071543513581	0.31040271249288526	0.26404182222354783	0.09547612014677925
0.17233809580479298	0.16813842249323804	0.30695676367301916	0.2593693118145184	0.09319740621443123
0.17582790134177964	0.16470686974524262	0.30187031496725736	0.2640451807216787	0.09354973322404145
0.17844783437025047	0.16784527380982653	0.3050436010338726	0.2516196270470761	0.0970436637389741
0.16694684138225171	0.1645661996999405	0.3135939308933884	0.25847556982253284	0.09641745820188635
0.1721349076021903	0.16070792503549677	0.3164429072268693	0.252678745702268	0.09803551443317537
0.18371542984771772	0.15449943196451	0.31010615926050644	0.25876395109246764	0.092915027834798
0.16587319417019653	0.16215397000294457	0.32787539673217736	0.24899707946377286	0.09510035963090852
0.18101334830036858	0.1583375379631497	0.31406173040903496	0.25423018785546014	0.0923571954719864
0.17159327762412774	0.15882304525935373	0.323942018484465	0.2529426866376725	0.09269897199438082
0.19213670780872677	0.15372774990711363	0.3044889832861292	0.25566694262275563	0.0939796163752745
0.16584094195101856	0.16672788765740776	0.3070471805179469	0.2623766925980253	0.09800729727560126
0.16448571099954984	0.1646167775468776	0.31255011188742904	0.25929235529518513	0.09905504427095824
0.16948488480848303	0.1673797193429732	0.31169744691800966	0.25782313852702704	0.09361481040350692
0.16848108356143934	0.15369014063706465	0.3230154114266015	0.261456389691871	0.09335697468302329
0.19299764789655105	0.15668141687888573	0.301991817762724	0.2502651700470854	0.09806394741475369
0.19095332093068623	0.1552964634675355	0.30670206671156275	0.2526267682002884	0.09442138068992695
0.16977678597360923	0.16152427972675393	0.3209978386234903	0.2535499112452572	0.0941511844308891
0.16542028155111194	0.16204297563097714	0.3117694959222443	0.2644078345657086	0.09635941232995782
0.16191585690766033	0.15540748143258945	0.32604379960814517	0.2600992868173858	0.09653357523421903
0.18321870388430211	0.1574051269680663	0.3075312479218399	0.25252822180015044	0.099316699425641
0.18652625303325007	0.1548455425923256	0.30870511029118236	0.2534188760793304	0.09650421800391137
0.19087418117311578	0.15719795197931385	0.30275691785763204	0.2559888039755099	0.09318214501442826
0.18289427110927492	0.16161323121873356	0.3101384859192923	0.2501880811721809	0.09516593058051809
0.18429869815727573	0.16254480355023276	0.3048492633574207	0.25163084012007786	0.09667639481499275
0.17430714451880605	0.15893544440166857	0.30669695799513613	0.2635281496348683	0.09653230344952071
0.16930524525364113	0.16603080415354418	0.3142449875686443	0.2571526190133343	0.09326634401083593
0.17796842710482996	0.15987148422681421	0.31356538880812	0.2518693105457919	0.09672538931444366
0.16200513858880633	0.1658576266370718	0.3126941544145134	0.2639275843109459	0.09551549604866236
0.16762425745512777	0.16649258036127296	0.3247601387889431	0.24818209949717218	0.09294092389748379
0.16971367446976943	0.1561917926185374	0.31672166738261276	0.262730379280002	0.09464248624907817
0.1725687465339243	0.1624247877344835	0.3138976555905298	0.2588331431972671	0.09227566694379516
0.16792307774832976	0.16733282720851073	0.321360265904014	0.25103956623601525	0.09234426290313003
0.17318840318112466	0.16031695573779448	0.3137822631168554	0.258689222018818	0.09402315594540722
0.1732150609053919	0.16054761406704957	0.3154325598172833	0.2519459918806055	0.09885877332966952
0.16757327047717585	0.16058270314122275	0.3185070257900934	0.25515459197877455	0.09818240861273325
0.17782846798672913	0.16652555133756394	0.30491757187286295	0.25675193930373597	0.09397646949910782
0.18017395055155366	0.16161922575943405	0.3123046346770443	0.24961291408011185	0.09628927493185595
0.17935969963453974	0.16666489626779787	0.3055707794123866	0.25279574767498036	0.09560887701029525
0.17967469325668944	0.16411430143609507	0.3013826088657374	0.2615379370935789	0.093290459347899
0.17582384504297383	0.15506945077058104	0.317967683216525	0.2532151721980406	0.09792384877187932
0.17598610415469645	0.16184148511429636	0.3205292456847827	0.24808852693086467	0.09355463811535963
0.16858130094691784	0.15664176529552276	0.3217877382489308	0.2554419718561094	0.09754722365251901
0.17516449354839442	0.1628638370648217	0.3166301598451695	0.25323053198966294	0.09211097755195125
0.17634657422514388	0.16606950820913083	0.30609449342100237	0.25544077455892367	0.09604864958579899
0.18029761611565248	0.15681383987773181	0.3183458565690947	0.2524047256083135	0.0921379618292073
0.18118007853823248	0.16028823548649615	0.3127907580584685	0.2529013822418664	0.09283954567493616
0.16393677803314083	0.15435814685250793	0.32674236703975373	0.26188492124512563	0.09307778682947168
0.18713253703066457	0.15725135040120045	0.30993949074570937	0.24949798743207546	0.09617863439034992
0.1719589018160411	0.1624603878896108	0.3190062261247495	0.24973822608345436	0.09683625808614402
0.16624600346683535	0.16459795831629695	0.32032518218062866	0.24946560191586548	0.09936525412037334
0.16808004133872761	0.15510058491953788	0.322287167508228	0.26098354541129953	0.09354866082220675
0.16171331742709832	0.1667094965963257	0.3183052382362733	0.2575989570230344	0.09567299071726795
0.19126741573823147	0.1592404001144197	0.30534378558474273	0.2483866327754578	0.09576176578714804
0.18340503949429093	0.15849052908240097	0.3045973473522404	0.25684118934579697	0.09666589472527046
0.1658130712615007	0.16381733685205613	0.3237452308759581	0.2544988209412483	0.0921255400692365
0.18995456878757117	0.15631882782834491	0.30430000958392234	0.2512649639860378	0.09816162981412352
0.18427076298928396	0.1581133626023164	0.3092300177025008	0.2518863012805217	0.09649955542537691
0.17606345953943178	0.1650939395065279	0.30975492211186995	0.25181375433847114	0.09727392450369904
0.17856243798474292	0.16836606455846231	0.31085127602153567	0.24839822351609453	0.09382199791916435
0.1600443719880975	0.16527100271315903	0.3211628995934715	0.2576426225200766	0.09587910318519513
0.1664427830755035	0.15308128607107413	0.3225570033369257	0.26097755022383823	0.09694137729265823
0.16678267122483031	0.1653643665845418	0.3204188492440784	0.25097709874021146	0.09645701420633791
0.1676810275876353	0.15804421426472345	0.3147068718148672	0.2636277283539615	0.09594015797881242
0.1598096294974004	0.16110010536174832	0.3221935696241512	0.26336191658678304	0.09353477892991686
0.17682507271035464	0.16817553832380303	0.3052448654562304	0.25660216145418624	0.09315236205542546
0.17072864602689328	0.15461942114995675	0.3282233386487372	0.24802333917567815	0.09840525499873443
0.17738274279944036	0.1586075916751641	0.3104450844528668	0.25708616824995195	0.09647841282257656
0.18534925325017323	0.15648188583230987	0.30457126331603535	0.2589737340893334	0.09462386351214794
0.17783125625656698	0.15907900248656606	0.31262523635531764	0.2559823556018518	0.09448214929969734
0.18063675136590385	0.1627792679475053	0.30320088782601523	0.2575683178913359	0.09581477496923956
0.1756326737013699	0.16363659385819956	0.31958492109936737	0.24812902311339663	0.09301678822766633
0.18514113293242113	0.16114316125216277	0.3060771251924623	0.25302760396082197	0.09461097666213163
0.1668563023682509	0.15643403345222717	0.3244502120964678	0.2576148954745823	0.09464455660847167
0.16710087502540205	0.16877501892051727	0.31970482698664826	0.24910409726189847	0.09531518180553378
0.1672334242772199	0.1634826165183088	0.32102446922845196	0.25508869637828296	0.09317079359773614
0.1931425327254853	0.15276504470114044	0.3084144229520099	0.2519362921449112	0.09374170747645298
0.17130944533669326	0.16293226960477916	0.30973140553683925	0.2603979260053404	0.09562895351634772
0.16245923592993017	0.16770310308329295	0.32119413459851304	0.252520939146314	0.09612258724194966
0.16834813243770108	0.15692042306169698	0.31860287513110647	0.2615712502234981	0.09455731914599716
0.18533565895020518	0.1612802797817785	0.30820697934517993	0.25016059911146493	0.09501648281137129
0.17030198505297495	0.15773798957473595	0.31923249814549604	0.2598462319087968	0.09288129531799602
0.17625299531235633	0.168868893350748	0.30179278429599016	0.25719025350235725	0.09589507353854806
0.16788867800425608	0.15299001739419807	0.3187486902788117	0.2644138020172053	0.0959588123055286
0.174842724615692	0.16252029671886725	0.30689091652080414	0.26286516335229193	0.09288089879234443
0.16724801865895325	0.16645256055869448	0.306389204567484	0.26211832836476956	0.09779188785009854
0.17062048759786172	0.15386770628530339	0.3238748536454907	0.2557517882963776	0.09588516417496637
0.16508525579268613	0.15532964695170995	0.32841900716460587	0.2568603333177561	0.09430575677324178
0.1735501411109174	0.16394948253025798	0.320382445470223	0.24858011905666355	0.09353781183193786
0.17566393650441275	0.16541077537207727	0.3136508057520282	0.2506221378258284	0.09465234454565316
0.17163551544801417	0.16748133079115557	0.3029651578276198	0.2601127673792282	0.09780522855398202
0.16248208459014152	0.16459035887411672	0.32454596930825047	0.2501288558182194	0.09825273140927167
0.1701689245190323	0.16172997691727178	0.3079710964434105	0.26221836168961915	0.09791164043066608
0.1666606893088318	0.16440780301188895	0.3214606624345919	0.255221619305391	0.09224922593929609
0.15934994296033328	0.15853874212019425	0.3263491522975507	0.2569775546886895	0.09878460793323213
0.17123073175692805	0.16794936509382602	0.3052286933704328	0.2599405091074264	0.09565070067138656
0.16276942942583267	0.1547568083340885	0.3230575985117706	0.2641908138102704	0.09522534991803762
0.17372659126063766	0.16864262526166718	0.3039705985726042	0.2546214846061875	0.0990387002989032
0.19256885653623007	0.15773664331883458	0.30659541599317014	0.2492496161263299	0.09384946802543512
0.17501621061241143	0.16524006653992812	0.3113110173961695	0.25455702992649676	0.09387567552499398
0.16663208607765084	0.16862881747404085	0.30873527442271986	0.26197532846285726	0.09402849356273096
0.16517507972540083	0.16582398515384472	0.31154961706844286	0.25986263414034166	0.09758868391196976
0.1613444791009313	0.16822828811851537	0.31700139207275857	0.2606868037412801	0.09273903696651441
0.16578380190541378	0.1667999710737752	0.3137668477866956	0.26037820636855696	0.09327117286555828
0.16240050411430065	0.1607827204145612	0.31793743258005774	0.26007733285524076	0.09880201003583944
0.16833612857694338	0.15513107163304538	0.3225333400203712	0.25697177825544215	0.09702768151419768
0.16588966304854794	0.15567609792600826	0.3273321354788243	0.2573633354478304	0.09373876809878898
0.18010950063230569	0.1589386261977795	0.30688328724910313	0.2603128063682495	0.09375577955256194
0.1661377297844422	0.15796521503539152	0.31623656927454546	0.2643152096643798	0.09534527624124081
0.1873699427311707	0.15927555185724834	0.30625684830378885	0.25034407747500137	0.09675357963279055
0.1846172583643596	0.15847390359376734	0.3025721929297454	0.26030440906699165	0.0940322360451358
0.1700156081204734	0.1568629590683398	0.32064216137191975	0.25427321062989533	0.09820606080937153
0.17523238601126717	0.1629642009699897	0.3114753940413336	0.2529542440253185	0.0973737749520908
0.17411831518511672	0.1538774093345848	0.3177190387297646	0.2576528234489169	0.09663241330161677
0.1770509316016953	0.15804559068763477	0.31603910965301396	0.2554626471348777	0.09340172092277804
0.16103225728335305	0.15955549746938258	0.31850448291067446	0.26214695510558483	0.09876080723100492
0.1692525337499056	0.16753034012153475	0.3119806341569374	0.25772118534504485	0.0935153066265772
0.16562395207238462	0.16260281719837738	0.3165630899789228	0.25619838073721124	0.09901176001310374
0.16905276682777337	0.16442496566156278	0.31052809521220803	0.25664401950777227	0.09935015279068335
0.1606859950745118	0.15895609557724272	0.32847108255757906	0.25595417330038006	0.09593265349028612
0.18541739012594968	0.1599292843116043	0.30219795121588844	0.2575716129898208	0.09488376135673654
0.17168080279336762	0.1574306091126388	0.322190189327205	0.25525255802371266	0.09344584074307573
0.17683308041709145	0.15967770706131834	0.31682792499374124	0.2508022655616793	0.09585902196616945
0.18369846634558532	0.15593350438021922	0.30674255626076674	0.2574601632447966	0.09616530976863191
0.1733199008047817	0.15436157953502047	0.31308634619070225	0.26273746801224507	0.09649470545725024
0.17666313786435256	0.15756554894620026	0.3134834245635333	0.25650259860692415	0.09578529001898953
0.17512294459007158	0.16061083729213624	0.3155352578090666	0.2547252217492199	0.0940057385595055
0.16944582014940732	0.15459386551110604	0.31723102021834804	0.26306399544780823	0.09566529867333014
0.17889845744124233	0.1632116130287471	0.30724061458848095	0.25305493396772505	0.09759438097380439
0.17728340148155713	0.16879891838303496	0.3023638570422724	0.2544465723450967	0.09710725074803855
0.1841653322116641	0.1545464678710951	0.31070986454489685	0.2516608154168908	0.09891751995545293
0.18283603914344992	0.15325620099872536	0.3063388827126391	0.2649526276715195	0.09261624947366591
0.1689040371129072	0.16135245474885376	0.3263186742363696	0.25016355414342706	0.09326127975844213
0.1597989891740883	0.161180019323725	0.32668199653152025	0.25480038704499797	0.09753860792566826
0.1725925878214417	0.15695495783782498	0.3190652336346771	0.25761289287842287	0.0937743278276331
0.18609719450158435	0.15428714577218305	0.3092444471926484	0.25400571861661597	0.09636549391696803
0.16536568613177705	0.16454436906339376	0.31414558059549813	0.2587041248961134	0.09724023931321746
0.17966960672093762	0.1563478049026136	0.32280522884054896	0.2486708787880319	0.09250648074786769
0.16538153552737292	0.16672170072070125	0.31669516760560695	0.25381060059691796	0.09739099554940076
0.18707939038223959	0.15478935595648738	0.31153875864863434	0.2480938202917382	0.09849867472090026
0.1709080142961591	0.1591535832062889	0.3267820298306775	0.24918650556446245	0.09396986710241186
0.1611635135656953	0.16875892635819167	0.31390055393174154	0.26354660463657825	0.092630401507793
0.16554351421778646	0.16815451028171224	0.32006991135189966	0.2522466238339982	0.09398544031460315
0.1733964206213806	0.16433748140418458	0.30357595544192484	0.259570791130815	0.09911935140169477
0.16706545647664095	0.16069139034208707	0.32487690450387374	0.2515595897189868	0.09580665895841124
0.1644346448016298	0.16182270054572134	0.32866241552946385	0.25291763073769274	0.09216260838549199
0.18478989894801706	0.15446886926056264	0.3158299786947464	0.25124677262614	0.09366448047053373
0.18431570209148934	0.15417815513492217	0.3124304288396812	0.2513763882981466	0.09769932563576045
0.16068860697311058	0.15797367784977895	0.32841114316290615	0.2600193780593039	0.09290719395490021
0.17547903871831574	0.16783929713203147	0.301820702492411	0.26225833539998095	0.09260262625726064
0.16389069585995283	0.165943914808852	0.3237767614564937	0.25309081745988754	0.09329781041481375
0.1676837558024866	0.15511024301276927	0.32126936855095267	0.25828419588821666	0.09765243674557458
0.16671585972504827	0.1609691174038883	0.31195529612517797	0.26241824545645054	0.09794148128943467
0.17877017629380904	0.15832683942397854	0.30499992767927675	0.2631031007380198	0.09479995586491566
0.188298801763985	0.15473975335572934	0.3127263359276435	0.24868047881026586	0.09555463014237608
0.17964146560328897	0.1588685147848221	0.31468956523074265	0.25130518955022785	0.09549526483091825
0.1676714695517885	0.1614188419728077	0.3184924920928749	0.2553879385222089	0.0970292578603198
0.16584779461233007	0.16712553804545333	0.32130326696093	0.24845238746002737	0.09727101292125903
0.17520547481263832	0.16746915690227912	0.3149548257026268	0.24783665327254997	0.09453388930990561
0.1706718471073063	0.1665290731160587	0.30248153084776214	0.26412288405403145	0.09619466487484125
0.1604975772445591	0.1567329034612145	0.32334606797017507	0.2626883435117016	0.09673510781234954
0.1599951238714207	0.16050648404197548	0.3289911437711919	0.2526439986251557	0.09786324969025605
0.16355504017149147	0.15772687882163525	0.3195722159761187	0.26030975987783833	0.09883610515291609
0.16751406503768942	0.1572343696062429	0.3269453179996341	0.2559026638206033	0.09240358353583011
0.1810477144647365	0.1552074103665833	0.3114093573097657	0.2584748644889862	0.09386065336992806
0.1861524425800992	0.15929010650909556	0.30667761445638464	0.25436112523064947	0.09351871122377094
0.1739717139856546	0.1625948661217752	0.3090313492748126	0.2581150510905453	0.09628701952721214
0.17667897149016676	0.16622810044225766	0.30392121929674004	0.25584141992525067	0.09733028884558464
0.16764200142173008	0.16079945692390746	0.30988919774590995	0.2645364669311588	0.09713287697729348
0.16417595619513986	0.16783277777408406	0.31233026692977156	0.26241553542019247	0.09324546368081185
0.1653808749964678	0.1529780998001375	0.3255139946601306	0.26122631693653514	0.09490071360672878
0.16277941749898786	0.16212067885861806	0.32773915355596467	0.25374886004400266	0.09361189004242654
0.19263343585881423	0.15438898123961936	0.3043109314318046	0.2547218855958306	0.09394476587393102
0.17568778262240736	0.15991810574369256	0.31881760895310524	0.24878551587623118	0.09679098680456347
0.16773114282579146	0.16168821775884512	0.31677353089014065	0.256582505775477	0.09722460274974559
0.17246240344756755	0.15570214963335277	0.31905909874517313	0.2601808963942821	0.09259545177962422
0.17524459449496244	0.16463889834727422	0.3020025126954379	0.2632157729696018	0.09489822149272348
0.17687132472783754	0.15769038609540376	0.3179556680651532	0.2538264553248324	0.09365616578677294
0.1791803325502741	0.16145432869989385	0.30745511865750674	0.2551342109835534	0.09677600910877174
0.17324142077232954	0.16371873764735467	0.30633098240446704	0.26232999485838426	0.09437886431746426
0.1677319448820197	0.15953892587742363	0.31688890346421217	0.25690742340264056	0.09893280237370372
0.17108311837451876	0.16637023456249972	0.32001877635864406	0.24789632833616226	0.094631542368175
0.15970376577417633	0.1635051955711791	0.31475696312729473	0.26330719971977556	0.09872687580757405
0.16129512062475376	0.16526556468451764	0.31607218099345735	0.2608404813987262	0.09652665229854487
0.17822343872901	0.1584109717492551	0.31830019035688756	0.24863244880132562	0.09643295036352152
0.18300588632780776	0.1535323689441731	0.31086398430707735	0.25614284691709255	0.09645491350384905
0.17819888563616632	0.15882558206159542	0.3160027446401621	0.24990487385686255	0.09706791380521337
0.1614172094779648	0.15945103173833328	0.3280024873261693	0.2544042062968978	0.09672506516063462
0.1625904276871531	0.15953238203799497	0.3242826711355989	0.2556536093200688	0.09794090981918405
0.16591993609561176	0.16422653658479863	0.3209136360488214	0.25488671438565846	0.09405317688510956
0.16157691151788522	0.16590499614856893	0.32904150917017594	0.24903842509091084	0.09443815807245888
0.16050125502466162	0.15769346793773115	0.3241725613983629	0.26468981101771843	0.09294290462152571
0.1899541666075143	0.1580646859099869	0.30494638573168154	0.2496237485062079	0.0974110132446092
0.1718121987141362	0.16450140075006925	0.3027736180937458	0.2623031310455852	0.09860965139646334
0.17852265272373324	0.15773845399547248	0.3157894341419871	0.2516170359798431	0.09633242315896383
0.18359147542175847	0.16399531431993702	0.30297321705101304	0.25476142945337393	0.09467856375391735
0.17665224564407012	0.15789821381998798	0.3026663235992956	0.26353077913635636	0.09925243780028972
0.1744086911250383	0.16826630639524745	0.31176040287367984	0.25191077395887235	0.09365382564716186
0.18434022050203425	0.1636124396851372	0.30664244250040623	0.2525566974952904	0.09284819981713172
0.1664626722997587	0.1686164807450382	0.31513840962249984	0.25291871523728493	0.09686372209541812
0.1704559277708685	0.1589009589292354	0.32127367168089244	0.2529463900120721	0.09642305160693138
0.1723235482888476	0.1546001681377562	0.3249179874698423	0.2526376550329569	0.09552064107059687
0.16450659370438542	0.1663964780200915	0.30781739068615427	0.26417471473183407	0.09710482285753455
0.18455645487460287	0.16509494348264575	0.30269466862742755	0.24901019815310876	0.09864373486221487
0.18218762510676495	0.15502350165493267	0.31730179006416404	0.2514603131297709	0.09402677004436724
0.16021359736464266	0.1536451740964572	0.3278370485462889	0.26224006219491763	0.09606411779769337
0.18416380882040578	0.16311856984746628	0.303372199273104	0.2571803582958791	0.09216506376314468
0.16332127756149237	0.15361596152283039	0.32504744201678826	0.2635602252283622	0.09445509367052662
0.18117934640654512	0.16490543002808333	0.3078583617850778	0.2485935316104136	0.09746333016987996
0.1637796992982006	0.1541290257288356	0.3263318669821248	0.2593125025323832	0.0964469054584556
0.16547685410990054	0.1675740379831104	0.3094380493507303	0.25815342482958525	0.09935763372667328
0.1724982057156431	0.16225220891563855	0.30922981240797537	0.2598383878366687	0.09618138512407409
0.18090257435727403	0.15308797457468543	0.31067502935357627	0.2560760454407546	0.0992583762737095
0.18210676597122308	0.1622105626648842	0.3014891847494667	0.261210853282182	0.09298263333224376
0.17837870907266734	0.16123083826651283	0.3093365579164495	0.25732884546628226	0.09372504927808788
0.17927359112737415	0.16502200636541597	0.3064873203849246	0.25127653513846654	0.09794054698381856
0.18910667122821082	0.15515472703607056	0.3130877017435361	0.24893988479092183	0.09371101520126046
0.18698153145915639	0.1554061685396977	0.306029822799234	0.2529643498198517	0.09861812738205997
0.18174631001627134	0.15268386746894644	0.3053587576269862	0.26158677253378687	0.09862429235400894
0.1733330876427571	0.16661618524711885	0.31266025950245135	0.2497379565729129	0.09765251103475958
0.19156611534129134	0.16284751698649572	0.3028130729742865	0.24863291341671392	0.09414038128121227
0.17857255186234378	0.15541086501317647	0.31811861573014577	0.2514955139559436	0.09640245343839013
0.18261709447355817	0.1597074572576489	0.30597343105389807	0.2564343189046468	0.09526769831024787
0.1721524723167858	0.16165363392478113	0.30796572131107736	0.2613447420657016	0.09688343038165396
0.17513057608691654	0.158632551146209	0.30751898352465457	0.26023507421910597	0.09848281502311376
0.17592910505955844	0.16087800554287682	0.3050207963475243	0.26188858074930044	0.09628351230073981
0.17394359127077264	0.16483094608606685	0.30184659316537066	0.26350060286991955	0.09587826660787005
0.16936680288005732	0.1537637473021639	0.3284675357184178	0.2535545416620971	0.0948473724372636
0.16509607055038925	0.15960565006295369	0.32039165189150715	0.26281353183743483	0.09209309565771485
0.17835256959447301	0.15927017243015362	0.30969958838900136	0.25806194212933325	0.09461572745703853
0.1709843389136195	0.1567318737100859	0.31620011110460755	0.2601151134010693	0.0959685628706175
0.18108277205174678	0.15514038605156247	0.3189348465550763	0.2518861833340501	0.0929558120075642
0.1650244756165996	0.15660917608252958	0.3222267664416313	0.25907316565148353	0.0970664162077558
0.1639020474091225	0.1555103979615387	0.3185923934309836	0.26349036810736026	0.09850479309099475
0.1895260686133607	0.16111302826048196	0.30205611569144875	0.2541878519905627	0.09311693544414565
0.17861764913878436	0.15483681049600986	0.3198733545675049	0.25168513394320413	0.09498705185449657
0.16455567603559823	0.15971294551999735	0.3203538466188972	0.26288191538352423	0.09249561644198273
0.16018916196966865	0.16161859621285163	0.3256182751819228	0.25507091412950506	0.09750305250605161
0.18882373012353176	0.15542296235594905	0.31345628944724535	0.25021752269362146	0.09207949537965214
0.17001528640464864	0.1579878880682961	0.3254221008863396	0.25427420312130095	0.09230052151941447
0.16493160773571483	0.15640119639861752	0.3267611366955556	0.2535545372528316	0.09835152191728025
0.16791539883739626	0.16403321557814535	0.30978285363692526	0.2616602031138935	0.09660832883363953
0.16504465976537727	0.1600885824343265	0.3173869102936825	0.2586116849078559	0.09886816259875761
0.18063236258688012	0.16372435812030517	0.30335813570668974	0.2581097411399728	0.094175402446152
0.17646791987374488	0.15680217551310252	0.31961324772808336	0.25060245103799234	0.0965142058470767
0.17830485227717366	0.15747019095193937	0.303724352148528	0.26443595591514213	0.09606464870721665
0.17736995419511808	0.16208417732713903	0.30210293364680946	0.2595483953172901	0.09889453951364313
0.18242411634596922	0.16417165713070825	0.30725658864322947	0.24980040122410624	0.09634723665598656
0.17021585254368515	0.16215254498773832	0.31394682933797796	0.25502823426474747	0.09865653886585089
0.177563332887027	0.1664628443599741	0.30327194395580237	0.2573637964040608	0.09533808239313549
0.19025087124952103	0.16476879786879717	0.3028846626356357	0.24925121627289698	0.09284445197314892
0.1759194157073223	0.15356812171093576	0.3099111829265177	0.26264171076111364	0.09795956889411037
0.17698227985811038	0.15829317657150144	0.3142141795247625	0.2583646314520322	0.0921457325935933
0.1877550742195632	0.1619625634462171	0.3013390401059574	0.25491237695026764	0.09403094527799445
0.18653949019526217	0.15919144488116793	0.3068615749858518	0.2517146482717064	0.09569284166601146
0.16403716763160917	0.15748841818300763	0.31997493746985206	0.2618691715044193	0.09663030521111161
0.1740696852339486	0.15978126112705068	0.3073502919467749	0.2643720302430684	0.09442673144915723
0.17374356599187596	0.16639170246034352	0.3064659944787444	0.26093869575565665	0.09246004131337925
0.16984386953472722	0.15815920330918629	0.3164456809609763	0.2621703726657032	0.09338087352940677
0.19281238239053256	0.15871281564155915	0.30176320368574583	0.2505118398237663	0.09619975845839598
0.1625204655370362	0.16576103678149984	0.3231382842325625	0.25099245973585504	0.0975877537130462
0.17387959709387996	0.15474910313140838	0.314591319720817	0.2644856187530427	0.09229436130085172
0.175389596219312	0.15281793754694534	0.31827693608346236	0.2582277692984835	0.0952877608517966
0.17200490291729517	0.16071998933184084	0.3175968294825665	0.25310367689172647	0.09657460137657083
0.17947554988099204	0.15770113339440556	0.3079917966374146	0.26226372448119123	0.09256779560599637
0.17709045010234803	0.1530873588218442	0.3214129029781464	0.25328643323105343	0.09512285486660776
0.175981313638297	0.15719911625160918	0.32133228931188024	0.25082009247367787	0.09466718832453555
0.18857672213997925	0.16376748471948532	0.3013758782110819	0.24849339386591104	0.09778652106354224
0.18535899971490563	0.16247153102700415	0.306823468221707	0.25199432597013144	0.09335167506625161
0.18911980764484265	0.15581254081644105	0.30479784595745113	0.2532450012986391	0.09702480428262583
0.16307842014814536	0.16319097406252728	0.31548650185285876	0.2643826845682332	0.0938614193682352
0.16317420370155777	0.166205417009493	0.3249305702683825	0.250570099317172	0.09511970970339449
0.17823919870362037	0.1679514979039189	0.30592483953907984	0.2498227382663352	0.09806172558704547
0.17970833415929155	0.16882208985797914	0.30370937358673644	0.25392750765567057	0.0938326947403221
0.16898764393613436	0.16640531586338325	0.3211972012601435	0.2500447620239879	0.09336507691635082
0.17620443255611531	0.16453576508976983	0.3072876157164829	0.25985649572102704	0.09211569091660474
0.1636195825476205	0.1535880053032977	0.3216930066129711	0.2650351501709036	0.09606425536520691
0.1764706382938394	0.1645082669648855	0.3105283884932468	0.25512314974596106	0.09336955650206702
0.17092773381573062	0.16812401639592808	0.31873739889373087	0.24840487277993895	0.09380597811467126
0.18180794009254966	0.15289245659196793	0.3068705160508064	0.26241564007982465	0.09601344718485114
0.17517791087888618	0.15349319700654687	0.31585423281759717	0.2633830060611075	0.09209165323586205
0.17639071108764903	0.1641467636337228	0.3058296667034174	0.25594411218742313	0.09768874638778746
0.16109431683761566	0.16498685420668824	0.31042942032286647	0.26474999157605983	0.09873941705676964
0.16794845893856464	0.16568431313171048	0.30772395247342105	0.2615889576154716	0.09705431784083207
0.18597148940901176	0.16198549959714614	0.3096748269137618	0.24949852462777286	0.09286965945230718
0.1828402487219993	0.16407143817303366	0.3022813227030866	0.257716108563773	0.09309088183810713
0.17323285818389636	0.16383915513620156	0.3094040485535971	0.2589513082383956	0.09457262988790915
0.1630010809578064	0.16223176350712976	0.31332562258401253	0.26374461353073414	0.09769691942031698
0.1724355802718386	0.16360778967087936	0.31685498129806194	0.25127289568155525	0.0958287530776646
0.166356775002885	0.16580018515516204	0.31368534502791373	0.25838296831976526	0.09577472649427377
0.1712682062055984	0.16178509084911433	0.32104111320418594	0.24797276263795295	0.09793282710314821
0.16367794782111791	0.16445668644145486	0.32258025023984094	0.25045849760018324	0.09882661789740282
0.17333204235636646	0.1625004309727358	0.30795824025586455	0.2629563283288343	0.09325295808619868
0.16292439859085	0.1671874072230039	0.3179101061906711	0.2590157853299793	0.09296230266549546
0.18534646771476404	0.1548610484148832	0.3034523151626597	0.2625667216761004	0.0937734470315924
0.18188970228565762	0.16186806339247747	0.3126227274400373	0.24854688003241995	0.09507262684940745
0.1696867680536139	0.15555786311261327	0.3271733068208833	0.2537948167575509	0.09378724525533849
0.1830102424185047	0.154344156894841	0.31970345541647927	0.24909682150072834	0.09384532376944646
0.17227154267657369	0.1664225815495128	0.3109519826308985	0.2521621257972533	0.09819176734576154
0.18252256772025097	0.1629396146138613	0.30217347441892906	0.2600654500158077	0.09229889323115073
0.18748648382476082	0.15325616835548933	0.312630105917006	0.25177236417910476	0.09485487772363882
0.182219975191347	0.15521685079643732	0.312524747429468	0.25132658452666096	0.09871184205608649
0.16343139481802046	0.15619953565306105	0.3209667820933847	0.26167681322352065	0.09772547421201291
0.17369100452379957	0.1615610194126883	0.3101143042912744	0.25771828060245827	0.09691539116977924
0.1836452357240337	0.16100510651461727	0.3090824735869785	0.2501044211570954	0.09616276301727483
0.17483170404142956	0.15806245572972943	0.32277620670149604	0.2503405794414147	0.0939890540859301
0.1716169239766451	0.1579472081117139	0.31557486144643415	0.2596576511892063	0.09520335527600035
0.1632390129508785	0.16120018201831782	0.32233741273130495	0.25601011266416074	0.09721327963533777
0.16445208364951833	0.16569523860309726	0.3190177123847555	0.25151866106711257	0.09931630429551613
0.16324001620644868	0.1611136981258408	0.32088300418114346	0.25926329109038515	0.09549999039618173
0.16939458044389427	0.16665999640364365	0.31005679831191085	0.2560260965663024	0.09786252827424861
0.17695275217632184	0.16047554134061257	0.31168807045706043	0.2529724737289478	0.0979111622970571
0.16506383888245194	0.15545533853765914	0.3275774724450034	0.253827577120409	0.09807577301447633
0.18038099013408193	0.16352225710971185	0.30375035788429877	0.2540978463007591	0.09824854857114813
0.1825270290624404	0.16229975629599713	0.30794159465174664	0.25023756111306444	0.09699405887675117
0.18881374036788562	0.1561167884532234	0.3017372935045352	0.2564571720635025	0.09687500561085302
0.16948420860294183	0.15858309678819638	0.3239466867656814	0.2516723704370449	0.09631363740613533
0.1808858100636512	0.1582660688924169	0.3030153366549263	0.2619270441320652	0.09590574025694015
0.1667439143079278	0.15641075731880102	0.3212157085795037	0.2619442406947894	0.0936853790989779
0.1618566366902851	0.16390242194088714	0.3178708409672255	0.2588507305594459	0.0975193698421561
0.1785824129810454	0.15853366455173873	0.31527970505148145	0.2503321940116302	0.09727202340410396
0.18234972552559364	0.1643812010615775	0.3057572485506825	0.2532825157899973	0.09422930907214887
0.16364524335418548	0.16448557288170412	0.32479748637872774	0.2539244954824331	0.09314720190294933
0.16819507607824996	0.1591695301955668	0.325924219584714	0.25183378735840867	0.09487738678306035
0.1678390278377072	0.16029559045816355	0.3150078419097357	0.26362780793233215	0.09322973186206121
0.16182094536084146	0.1623345283426448	0.3269064184200354	0.2565442926278968	0.09239381524858134
0.17990033297754346	0.15562806426437203	0.3092399813447744	0.26009529890377947	0.09513632250953044
0.16950092240818343	0.1656388306813855	0.3133963266558171	0.25575237158824043	0.09571154866637333
0.16237210556991755	0.16176393839719366	0.32077309848870217	0.26227324078762243	0.09281761675656403
0.17186723569111417	0.15758009051071045	0.3224690480967083	0.2487602637314929	0.09932336196997399
0.19096236692275131	0.1573769966919773	0.3089851147934181	0.24995310259622616	0.09272241899562692
0.1736571340391026	0.1536385019662615	0.3247689518173505	0.2553190044289337	0.09261640774835148
0.17322230835532423	0.15394270637940863	0.3266520219820256	0.2511976300398344	0.09498533324340691
0.17211062403653105	0.1535015983226788	0.315767178010314	0.26417699507732256	0.09444360455315338
0.1643018869299358	0.16585171642696814	0.31333788345173375	0.2596324906979981	0.09687602249336402
0.17435985208019641	0.16270275209096755	0.31266870702478206	0.2559637178844384	0.0943049709196154
0.16982989153293993	0.15887131022875214	0.3141504889266824	0.26279954819656226	0.0943487611150631
0.1816907298502391	0.15330907341438973	0.31411971503282676	0.25762830324527214	0.09325217845727207
0.19141750543867664	0.1528455883636335	0.3124371241028259	0.24991116970747143	0.0933886123873923
0.1735075175984293	0.16429586886926917	0.3100133819958874	0.25858551002462965	0.09359772151178428
0.1886559403660311	0.15686152442669898	0.30568492220630633	0.25522142192557673	0.09357619107538662
0.18549656062702513	0.15751001634896983	0.30978031729443817	0.2514731145375276	0.09573999119203913
0.17434116329307203	0.16728547051881726	0.30212122716004075	0.25745755067365805	0.09879458835441171
0.16908817256263908	0.1620561734019144	0.31934189217278264	0.2547233751529209	0.09479038670974284
0.1652475098217539	0.1640905340794494	0.3195334745285934	0.25893144509386956	0.09219703647633354
0.17682394165820498	0.15597567406735469	0.32247120446505956	0.2477698423915639	0.09695933741781666
0.16289652482079192	0.15683651559558934	0.3226230020172203	0.2586579711067164	0.09898598645968185
0.17000380233982748	0.156398433372034	0.3222907560579611	0.2559992025351505	0.09530780569502667
0.16803673168672095	0.15759056812964256	0.32036178852560054	0.2546565476248234	0.09935436403321234
0.18133146407862455	0.15723568733298227	0.31632140264376185	0.24792738855020255	0.09718405739442856
0.17840140784474015	0.16229067153003857	0.3088197997488418	0.2580747067790962	0.0924134140972831
0.1818377382984707	0.16538387983670202	0.3113048501444419	0.24801691417924168	0.09345661754114348
0.159896297359994	0.16174261785609068	0.32302631874878274	0.25924437230694447	0.09609039372818791
0.1688020002511167	0.16181679564842658	0.3088217917506522	0.26239116076148095	0.0981682515883234
0.1817920177478107	0.157935977501991	0.305238843226914	0.25869702222560875	0.09633613929767529
0.16478307955466928	0.15454611208768831	0.3188558661402667	0.2648620567979639	0.0969528854194117
0.17519227271580634	0.16301896519203277	0.3168964139388095	0.24941908406278498	0.09547326409056617
0.1652783873203882	0.16595316816308714	0.3156646046247291	0.2588132966167569	0.0942905432750385
0.18197077056060793	0.1599902739116881	0.3135231242808666	0.25118126785662076	0.09333456339021642
0.1787585124354299	0.16504852933390018	0.31038080566428733	0.24863622608212896	0.09717592648425344
0.17477949713042257	0.15896095668235738	0.3053960403990986	0.2625313664480474	0.09833213934007382
0.18529816036339378	0.16456824537229978	0.30512585719117913	0.24900121859002722	0.09600651848309989
0.1728150257090199	0.1617281259031613	0.320581034534324	0.2501621010416871	0.09471371281180743
0.16814700596800325	0.1527619539767731	0.3208466163625959	0.2617255734335501	0.09651885025907739
0.17376013222465028	0.15306310527900904	0.32365341313107654	0.2531551228873161	0.0963682264779478
0.17737104314099308	0.16669971063061373	0.3127456440165421	0.2501701761517313	0.09301342606011961
0.16920124867706007	0.15563004838593866	0.3251110752803687	0.2570373616547929	0.09302026600183946
0.16104600153833853	0.15762203199274752	0.32840313048490566	0.25507009990881213	0.09785873607519595
0.17830216629974302	0.15727274131907898	0.3048069105234054	0.2603561090916661	0.09926207276610627
0.18080196644149688	0.15565612579341906	0.3092758297344301	0.2558738691394265	0.0983922088912273
0.16307219674952605	0.16378887103130507	0.3205441917883125	0.2566449935827253	0.09594974684813082
0.16873246662917424	0.1533801896704521	0.3257086951120062	0.2571003625694114	0.0950782860189559
0.17587476972586338	0.16527920144346758	0.3135632322643289	0.25246985068021444	0.09281294588612551
0.16605398458469106	0.1676617179383641	0.30791081205104587	0.2594298492336371	0.09894363619226165
0.17807050637033536	0.15964571896456398	0.30953147262298447	0.25845868831132507	0.0942936137307909
0.18277818650861924	0.1591442007976366	0.30284222727371013	0.26303365855853705	0.09220172686149677
0.183078783521338	0.15604431895592524	0.30460742120322154	0.2591740890265468	0.09709538729296815
0.1806894094492113	0.15323158911517729	0.3079793082424643	0.26135544369502994	0.09674424949811694
0.17581294734139125	0.1582279175189631	0.31928423860374444	0.2533223211816397	0.09335257535426131
0.18461556655109015	0.1584289354737746	0.3060715601228042	0.25192790577474194	0.09895603207758889
0.1780516694349819	0.15662986469513274	0.30308466555752867	0.2647226009547463	0.09751119935761017
0.15935003700380218	0.16568413228758727	0.3168043811273918	0.25880680733550143	0.0993546422457171
0.18487940374501668	0.15499454729755224	0.30949440420920904	0.25448888523498664	0.0961427595132352
0.18303213064554458	0.16845214199336134	0.30256294325800276	0.2499159285899956	0.09603685551309551
0.16413809023976988	0.1583671720031432	0.3188673424498873	0.26100233374636067	0.09762506156083875
0.16341704866788848	0.15884745818715007	0.3218746682173867	0.2577822662301149	0.09807855869745967
0.18249704193376026	0.15569749442950837	0.30219493169366435	0.2616081651932894	0.09800236674977747
0.1689785757776859	0.15854434986681243	0.3176240379053521	0.25927635372630514	0.09557668272384423
0.1730008056771553	0.16841807330285125	0.3054170144424657	0.2540825163978109	0.09908159017971668
0.18650591002256522	0.15724690604929584	0.30909274536278264	0.2543328127998039	0.09282162576555217
0.17218948546204993	0.155831634478599	0.31643032766262297	0.2564910564221479	0.09905749597457995
0.1732164948913897	0.1618233797650247	0.3021251847927933	0.2638399416427752	0.09899499890801688
0.16709853240232397	0.1683568215663614	0.31560468939327263	0.25322045455444614	0.0957195020835957
0.18054684042966967	0.16044446265898404	0.30273292540123764	0.25755408262882556	0.09872168888128288
0.16886226725918996	0.1603816480646047	0.31795868703572067	0.2558706914167869	0.09692670622369752
0.16929764382999837	0.1626394376291709	0.3090309227716235	0.26127639875823494	0.09775559701097208
0.1680224987090322	0.15855528387738194	0.32187102442675825	0.25629083076457726	0.09526036222225016
0.1794104370511424	0.1652122482616113	0.3136880148549735	0.24921700739670946	0.09247229243556317
0.16347942190329745	0.15775607118702564	0.32435463833658007	0.25530080951395606	0.09910905905914053
0.16217344133042272	0.16269209018029	0.32528435640024966	0.25726916237965913	0.09258094970937827
0.15946450280375601	0.16722414974907127	0.32100702496676425	0.2578716066577164	0.09443271582269186
0.1816615309759658	0.15801928192531756	0.3171152127929786	0.24919792335077284	0.094006050954965
0.18391989099048867	0.16336475433083633	0.30746225464604937	0.2518132354727002	0.09343986455992526
0.1706113147319965	0.16033098505312302	0.31689770364801895	0.2591028282699363	0.09305716829692502
0.18763478849631243	0.15553044443556124	0.30187672086635486	0.25800623934256733	0.09695180685920388
0.18636250277372327	0.15278862457576992	0.31310020972924235	0.2516451056575766	0.0961035572636877
0.16714606766755769	0.1635949013515005	0.31179244380104987	0.26433755887215404	0.09312902830773764
0.1773700608331672	0.1672603240372759	0.3085191983056069	0.2525707484020655	0.09427966842188429
0.1680145148451816	0.1643914869921727	0.3204642875397661	0.2484242527278614	0.09870545789501801
0.18094252342746314	0.15530749016714757	0.31256882432523886	0.25502316542234305	0.09615799665780715
0.18647109258746536	0.1574991319714273	0.3043804145928525	0.25513192772053356	0.0965174331277211
0.19165307359708025	0.15755625312798033	0.30369576191541336	0.25143897555122524	0.09565593580830063
0.1767266288418341	0.16565057810560613	0.3047103227168507	0.2540423482787124	0.09887012205699647
0.18042567022753925	0.15301078271560137	0.3046015408114163	0.2647267568427526	0.09723524940269027
0.1653578033018206	0.16761600274438784	0.3162016947748241	0.25557543941793176	0.09524905976103548
0.1889848858810586	0.15911391192414642	0.30961540549382943	0.2500107307925739	0.09227506590839141
0.1701325326751728	0.16433616193212738	0.31461420374667154	0.25522880255494046	0.09568829909108757
0.17906206901813085	0.15944038652462622	0.3119402776859536	0.2570187907389321	0.09253847603235703
0.18828630434911972	0.15996344332834894	0.30350931582019186	0.25167608378068795	0.0965648527216513
0.161529710496217	0.16877577878264774	0.31797983694618714	0.2593849831014411	0.09232969067350683
0.1904926273755979	0.1531305854426262	0.30841203506995823	0.2546472112449638	0.09331754086685363
0.17092333234281665	0.16156768525977275	0.31387025959035497	0.25524277934193484	0.09839594346512065
0.18134997985005225	0.16748447434913852	0.301611108377172	0.255831686069712	0.09372275135392505
0.16447103319316608	0.16894332839298523	0.32329419327915576	0.25109907746209087	0.09219236767260186
0.174193400523524	0.15506210564797065	0.3218234133636268	0.2555583750077476	0.09336270545713077
0.17630727605485755	0.1571946681086776	0.31932048677026714	0.25230220696432226	0.0948753621018752
0.17736046736602412	0.16000183036028948	0.31289879037175444	0.2510962022362158	0.09864270966571594
0.17726378311326102	0.1627348819193819	0.30399610633821883	0.26311555951493026	0.09288966911420779
0.17484777856930173	0.15470122896114563	0.3140201788009276	0.2603676674356476	0.09606314623297725
0.17073851512579077	0.16634358336846472	0.3078394450292205	0.2570466749334158	0.098031781543108
0.16033899889016287	0.16549076273821517	0.3280344806464223	0.25068987537880655	0.09544588234639291
0.16301571209243587	0.16194105916302856	0.3164112911429086	0.2641634279112617	0.09446850969036504
0.18313156109948822	0.1642038600723223	0.3017226543127848	0.2552361146466655	0.09570580986873899
0.18077578748563097	0.15821230474625586	0.3115640384773295	0.2539837252939735	0.09546414399680994
0.18688352421024793	0.1532050896926882	0.31034974957054445	0.2574032302088098	0.09215840631770941
0.17389384201222594	0.1566311954019885	0.31949430573785154	0.2561947015501569	0.093785955297777
0.1709146833335246	0.15475147349073076	0.3168815882400315	0.26158893114581566	0.09586332378989731
0.16686079730689798	0.16031150901072988	0.32295561016211216	0.25490481162863227	0.09496727189162749
0.1818056222585313	0.15570535448838907	0.3163559917331693	0.24988391227663245	0.09624911924327764
0.17968550076465414	0.16001407966405862	0.30466659796179874	0.25959991687053	0.0960339047389583
0.1803536694877976	0.16161443806132425	0.3111109860827063	0.24917056161288928	0.09775034475528235
0.16659533478711896	0.1562142394091634	0.326248564986807	0.25453348864056646	0.09640837217634396
0.17545665786064904	0.16084340732372598	0.3190405896452453	0.25067553138226323	0.09398381378811628
0.18420704232941482	0.1546195799496871	0.30742399371919393	0.25543162528016317	0.09831775872154072
0.18231323415250228	0.15937983286564342	0.3066859571953463	0.2527750478135295	0.09884592797297832
0.17188347299848397	0.15346132086039008	0.32283372254874426	0.2570898323695652	0.09473165122281635
0.17843555815746936	0.1527392354067713	0.31917372369059693	0.2568119848637973	0.09283949788136486
0.1864036682133046	0.15977940523128764	0.3040318137456601	0.25442738299372686	0.09535772981602056
0.16326069470095442	0.1683152689841286	0.3150528630593282	0.25419001678194486	0.09918115647364374
0.1762844187081114	0.1627212980248025	0.3124773952760628	0.2547800123375238	0.09373687565349925
0.19120096402930375	0.15737821233497967	0.30276848644359056	0.2553366719730603	0.0933156652190655
0.17549851674450043	0.1631921287203867	0.314742764328126	0.24863374573378796	0.09793284447319872
0.1711016556856347	0.1542545544756838	0.3192691856822827	0.26215902940474023	0.09321557475165837
0.16303029555619944	0.15967944371603518	0.32151032874845265	0.26021430709831306	0.09556562488099951
0.16824341733145984	0.1671809385782012	0.30857793925500915	0.2582216182661464	0.09777608656918321
0.18620687672045988	0.15970599282249778	0.30228066718607494	0.25420289008313723	0.09760357318782993
0.17029319503260773	0.1675713103952926	0.3167887299774651	0.24995193600655957	0.09539482858807477
0.16363547646308096	0.15462901093651044	0.32408540117376594	0.2623900433670263	0.09526006805961611
0.16683574646668414	0.1624776145745074	0.3228766951201678	0.25313135741115084	0.09467858642748961
0.17582480644733833	0.15826611264141555	0.31396858256881366	0.25778087300839025	0.09415962533404199
0.16086912745174162	0.15928830608979222	0.32688551095966256	0.256420262778564	0.0965367927202394
0.1752193464044911	0.15269923752500192	0.3259467766959313	0.2508276920775085	0.09530694729706694
0.18615967125778715	0.16173791607207705	0.3029838135982441	0.2569900038308523	0.09212859524103914
0.166183344487479	0.16369616251721297	0.32457292859130416	0.25342527782367386	0.09212228658032981
0.17972327506976296	0.16637599552368085	0.3072820557922407	0.2487847095518978	0.09783396406241746
0.17331640842429655	0.1558237650966912	0.3182999787011046	0.2592556748587467	0.0933041729191608
0.1679415746335157	0.16499732601647288	0.32071472885682584	0.25146269866676785	0.09488367182641758
0.18321508173146933	0.15373641774435817	0.30960991756344636	0.2610134880032641	0.09242509495746178
0.17199742479618058	0.1658865256822043	0.30862409091235143	0.2562334765559389	0.09725848205332453
0.1881847534098697	0.15601342200508278	0.3119963338503094	0.24983626950365034	0.09396922123108756
0.1827976789966969	0.1566063375297572	0.31087627786494654	0.2569955350988869	0.09272417050971228
0.18357498944339087	0.16101389169603436	0.31300371535632143	0.24952484159375726	0.09288256191049588
0.18265283156384063	0.16279927273794778	0.3068174347477768	0.25195579230667364	0.09577466864376095
0.1720503598509029	0.16218413408508212	0.3132865570579702	0.2537732727796615	0.09870567622638307
0.16627141311175983	0.16461762041223132	0.3258844917402076	0.24875060304137464	0.0944758716944264
0.1877892150604952	0.16158575077161605	0.30828354703838123	0.2487706299885582	0.09357085714094908
0.18922636537388318	0.15679317013626148	0.3047484396913873	0.25453932306833094	0.09469270173013691
0.16893172934818568	0.16202296779705952	0.31439355583405504	0.2566503108529113	0.0980014361677883
0.17241468032281787	0.16750113189637494	0.316831611985554	0.25090217888174615	0.09235039691350685
0.1712241095111184	0.16515263249424283	0.31253683798744186	0.2585257475370559	0.0925606724701407
0.17308463802398497	0.16182948412776207	0.3114199977578242	0.2558559930760942	0.09780988701433443
0.17660930021258855	0.15670798005849673	0.3206478565146197	0.25049116692317946	0.0955436962911154
0.18346612374174404	0.1564434057372389	0.3052830296353724	0.26217372402251077	0.0926337168631337
0.17636143314782354	0.15842731896192214	0.3078005719777552	0.2588618079075601	0.09854886800493888
0.16276807009174482	0.16747510942150412	0.3177707302658115	0.25668807517481756	0.09529801504612179
0.17520673730668562	0.16846109952377297	0.30539938293750146	0.25338599656328964	0.09754678366875014
0.16376194761288956	0.1587110286010348	0.32225224271082653	0.25668536572222767	0.09858941535302121
0.17761098450847418	0.15515571050742621	0.3235655748353492	0.25097632788380275	0.09269140226494745
0.16984166514945329	0.15503994701453572	0.31656465775276976	0.2641162139778892	0.09443751610535184
0.1671006538052752	0.1560441291346925	0.32512839566075435	0.2541869959380422	0.09753982546123553
0.17817678060119424	0.15597466343283273	0.3188633259093614	0.2492041962611491	0.09778103379546232
0.18893557149842938	0.15743516364411897	0.3049175763546641	0.256277848815092	0.09243383968769528
0.18364914477812286	0.15561713032585908	0.3176262660546849	0.2479887263216648	0.09511873251966818
0.1627614306361786	0.16180096345896047	0.3159953595275526	0.2644493365271811	0.09499290985012704
0.18256767212424507	0.1534599344027009	0.3047006728110442	0.2608500751423933	0.0984216455196164
0.16107874034524106	0.16673054503681395	0.3211014409909936	0.25634316353127284	0.0947461100956784
0.1651690291593787	0.16389008133833327	0.31273150777727793	0.26201459904546354	0.0961947826795464
0.16602436886403635	0.15964121340359064	0.31538892026083953	0.2618911788570148	0.09705431861451852
0.18619623054423867	0.15442918917880094	0.3086924161418108	0.2536081983907002	0.09707396574444917
0.17798570190417046	0.1633115041498033	0.3126046110859856	0.251542495546576	0.09455568731346448
0.1781968977579148	0.1618734071118923	0.31242169290142574	0.24955826686943455	0.09794973535933241
0.18389591771027985	0.16693624025435402	0.30679993982555787	0.24891749636707927	0.09345040584272876
0.1695798223484366	0.1591685927231451	0.3137060051964253	0.2634070884706874	0.09413849126130543
0.16731376198427353	0.16510918719075895	0.31413676620445835	0.2595361359688002	0.09390414865170879
0.16940454556927226	0.16238858470725612	0.31180339877111063	0.2578366125031679	0.09856685844919294
0.1692191048037741	0.15854168254308404	0.31891910019615605	0.260994530842692	0.09232558161429358
0.17319634748270002	0.1647256532867996	0.3053830328338598	0.26302625158604304	0.09366871481059727
0.1798241016065701	0.16550202116170504	0.3042430891519704	0.25791918918750717	0.09251159889224703
0.17265549066410385	0.163071207562512	0.3113422744351222	0.2565439220958538	0.09638710524240794
0.16468157555692353	0.16872309163225566	0.30989332540970943	0.2635526705584217	0.0931493368426895
0.19054521607075017	0.15313653298603916	0.3034566301958279	0.2563674695444447	0.09649415120293775
0.1644829283628427	0.16651975638947747	0.31291840957357075	0.2578723640403083	0.09820654163380063
0.18153163837271444	0.15503968675387664	0.3218409446624974	0.24939253499328073	0.09219519521763059
0.1695404979791495	0.15577803621553685	0.32265483304372916	0.25482054532701004	0.09720608743457423
0.1647697836775774	0.16710125719747052	0.3124265256292526	0.26070086941419696	0.09500156408150232
0.1594693107619503	0.16775714598712332	0.32775417102810045	0.25034443073776447	0.09467494148506121
0.17235393859843529	0.15547893120594095	0.3239322228379792	0.25094787147805353	0.09728703587959087
0.1645923429888166	0.15825931830012685	0.3210831112422894	0.2618133054011313	0.09425192206763572
0.1698681821873575	0.166555112785775	0.3143806537522442	0.249975392741922	0.09922065853270107
0.16413449080049142	0.15794218575950283	0.31726269542514834	0.2618100136592297	0.09885061435562753
0.1709238868073239	0.16761152779936284	0.3051755797889495	0.2575128059742371	0.09877619963012643
0.18476338386591648	0.16347050906135302	0.3042046754135428	0.2519747194512777	0.09558671220790976
0.16892079895113576	0.1688358903005649	0.31164083801147036	0.2534054217749042	0.09719705096192448
0.17731260203373517	0.15342956176370987	0.3112787596449096	0.2592072008968102	0.09877187566083499
0.17302775392268552	0.15647480360310817	0.3161902714814502	0.257191145606112	0.09711602538664393
0.17446357253769842	0.16426751387273383	0.30214925707804885	0.26194255817615164	0.09717709833536706
0.18195697094205604	0.16379419042490953	0.30531943504701053	0.25364950816694987	0.09527989541907383
0.1598527163356644	0.1667142482421196	0.3256857756631743	0.2507621244080681	0.09698513535097339
0.18028559777141828	0.16561739721980698	0.30429098140003674	0.2539756441351106	0.09583037947362721
0.16629614158952027	0.1687572607392847	0.3142366943772751	0.2555782645510777	0.09513163874284201
0.17902097120147484	0.16410280545876682	0.3064860872978475	0.25474932169826325	0.0956408143436474
0.17640672534525198	0.16185530389067518	0.3109436011390879	0.25802991761211486	0.09276445201286987
0.16610126664044575	0.1617825515807158	0.3226039337457451	0.25520309199253444	0.0943091560405587
0.17870571720214531	0.1611861798437474	0.31591220640253576	0.250733955866528	0.09346194068504332
0.16370313129523206	0.15797018320030395	0.32595385408334965	0.25572359237350606	0.09664923904760811
0.18450244420458756	0.16038473640963158	0.30297597721231867	0.2578833605405828	0.09425348163287917
0.18419249384108252	0.15919126897411526	0.3087619453471588	0.25397758908361395	0.09387670275402926
0.1754265274078308	0.15500555385412904	0.31751365771596995	0.2593314123064509	0.09272284871561913
0.1807164875415026	0.1624957453815536	0.3038562060946128	0.26084044412260987	0.09209111685972099
0.16261167235560658	0.16848970450352185	0.30851815754331036	0.2650094393948321	0.09537102620272889
0.1785321392610955	0.15283551503036424	0.31896708601374274	0.25650936078745085	0.09315589890734643
0.18624799355286709	0.15836323180297648	0.3024374326655831	0.25921853737380496	0.09373280460476813
0.1664875018154694	0.1656239154296678	0.31023652229812526	0.2619211491546971	0.0957309113020402
0.18278119435024337	0.1552150817276287	0.3063246688720021	0.2572739852775179	0.09840506977260773
0.16942655130194312	0.1665168931342368	0.31620441617661205	0.25379953617211276	0.0940526032150951
0.1642436569651742	0.16568918480186814	0.31774831163632095	0.2599402101806524	0.09237863641598414
0.171401542760031	0.16110514110973745	0.30830150683536656	0.26452206029320297	0.09466974900166182
0.17833468526900748	0.1541358941159964	0.3147698559446779	0.25355029683821795	0.09920926783210009
0.16017403875420752	0.16522743016115488	0.3154358949209592	0.26308374942235874	0.09607888674131948
0.17065794347070254	0.16349774872658476	0.31400717072361956	0.2557507981999315	0.09608633887916146
0.17064362691310847	0.16894754834508682	0.3117411727025578	0.2501609599365059	0.09850669210274086
0.18558726835333567	0.16495206865970727	0.30149820969446806	0.2519267702633007	0.09603568302918805
0.16813924793455046	0.15984742226982412	0.31899780558614566	0.2584503743252353	0.09456514988424423
0.1746309515574122	0.1557230718639958	0.32415938189513344	0.25295573871042043	0.09253085597303796
0.18471457261102173	0.15676331098417504	0.31163073475860387	0.25205119233612316	0.09484018931007598
0.16361361348524756	0.16723146208661888	0.3105200723309054	0.26347478613055697	0.09516006596667098
0.17479367651541125	0.1674423369051915	0.31037428819954865	0.25330083735853537	0.09408886102131306
0.16690442247460685	0.15576192932603028	0.32173176593313463	0.26008790554447775	0.0955139767217503
0.18536414199294315	0.15584960312381574	0.3103639663333328	0.2504797766979779	0.0979425118519302
0.19193095514220268	0.1603429934315947	0.30447745762074463	0.2502868309671547	0.09296176283830303
0.17533768919259937	0.1528854082070336	0.31350993839084434	0.2628994053509014	0.09536755885862111
0.1709611713139445	0.159069651094955	0.3130173041234363	0.2617738794823758	0.09517799398528819
0.16626526491873042	0.15717019054665263	0.3254252987773786	0.2546626555579248	0.09647659019931341
0.17350099785201437	0.15585643067029822	0.31928162481432737	0.2547059116430348	0.09665503502032502
0.19043860940287524	0.1619669740976314	0.305120671685589	0.2497757785990558	0.09269796621484835
0.16627662939909799	0.16671069100459646	0.31618649539433924	0.25143004064632635	0.09939614355563975
0.167878824942717	0.15634899442608663	0.32633086946868073	0.2503201636516672	0.09912114751084819
0.16240452996009413	0.1667312496927479	0.3277609687304275	0.2485052080555017	0.09459804356122858
0.16898449118722686	0.15297387314519117	0.3178641909294917	0.264132003967507	0.09604544077058308
0.18266581272228039	0.15915232735641138	0.30560032552160943	0.26007426132378747	0.09250727307591117
0.16441740604153166	0.16139624283985662	0.32217250938399605	0.25957245797820105	0.09244138375641443
0.17121208104166616	0.16875273487699383	0.3161390132337748	0.24837816892938153	0.09551800191818349
0.17322127098712947	0.16268149190172215	0.304190923425266	0.26256521240509767	0.09734110128078448
0.1673370897467471	0.16687886148347458	0.317171325178922	0.2545552898124335	0.09405743377842259
0.1746173153244356	0.1613705823100241	0.3117885711910177	0.25600260972761507	0.09622092144690732
0.15929846606184508	0.16163950429121382	0.32155859803810366	0.262472104588585	0.09503132702025226
0.17900630952232746	0.16758943758866557	0.3103603702240699	0.25021927202049904	0.0928246106444378
0.17331381596616224	0.16066887967519766	0.31716164303219546	0.2562225074666944	0.09263315385975004
0.1612111163324698	0.1634739118954229	0.31533387060519696	0.26353514638656605	0.09644595478034408
0.16212689386502088	0.15804306531326043	0.319890226179017	0.2605456533652505	0.09939416127745099
0.1657483373065245	0.15654544284995506	0.32234325336309433	0.26082330978095664	0.09453965669946926
0.1857879836665789	0.15336844566643873	0.3018432594622568	0.2636858763718081	0.0953144348329172
0.17638108120415077	0.15612171292888927	0.32020279519972017	0.24940689591865328	0.0978875147485863
0.17923890675793802	0.15423824422586024	0.3063841988356519	0.2635159874687136	0.0966226627118361
0.17805594664415653	0.15461143205808744	0.31593109543933184	0.2582699945283935	0.09313153133003046
0.16338180314564466	0.15947149245461917	0.32267722518810843	0.26235120701748577	0.09211827219414179
0.16451495742828312	0.16388392437849675	0.32759382040113505	0.25018364335512455	0.09382365443696031
0.17226505927148333	0.163845449372618	0.30612480702311806	0.25997362637979987	0.09779105795298051
0.17381089691292778	0.16424823811685285	0.3131333986850465	0.25455454057011734	0.09425292571505531
0.1839640902090119	0.1584805024879637	0.31319406298390295	0.24780213416917857	0.09655921014994272
0.17339028573426976	0.16655714671944472	0.3047164011927834	0.2595446056817507	0.09579156067175117
0.19157986299206964	0.1563448536790859	0.307912721025298	0.2519577671109019	0.09220479519264439
0.1900549490545312	0.1538266931366299	0.30513393624460794	0.2582289591715916	0.09275546239263915
0.1681067300487832	0.16683693564849167	0.3195106202378798	0.25228046800891457	0.0932652460559306
0.17658262134368014	0.1570707300754925	0.32450899014403745	0.24929962014523172	0.09253803829155799
0.1611660372926945	0.15315069401919887	0.32435243012381365	0.2633266413177015	0.09800419724659132
0.17070901599164956	0.16808787084532537	0.3168976131724716	0.25212446968868246	0.09218103030187078
0.1813698155291624	0.15726731374477415	0.31030007942953763	0.2559225258350599	0.09514026546146563
0.17739001647666683	0.1562167425652865	0.3152165806167241	0.256383702110778	0.09479295823054446
0.17330336502398797	0.15374339462113434	0.322890528453153	0.25761719310540476	0.09244551879631972
0.1677402048469896	0.15842883557417764	0.31279178289888854	0.26236967070691664	0.09866950597302748
0.16108132341349082	0.16870507304454002	0.3140034369667685	0.257905410444079	0.09830475613112141
0.17448363736621011	0.15855092736968554	0.3194389693396958	0.25362222175799615	0.09390424416641219
0.16766104678020358	0.15678836056553805	0.32132335055945743	0.2576891364943328	0.09653810560046794
0.18378521322754046	0.15802739417155945	0.3084011715791512	0.25752955537762245	0.09225666564412618
0.16662034861975206	0.16054828579227634	0.3282750506349657	0.24796989968513908	0.0965864152678666
0.1716782004882495	0.15692045577479333	0.3153532041594229	0.25779155043325236	0.0982565891442817
0.16814058209394295	0.16387025239931394	0.3043100747054606	0.26467843620183684	0.09900065459944543
0.1716836053894905	0.16523251572734676	0.30320267986538235	0.2622469126599778	0.09763428635780234
0.17052812567370743	0.1554873563340185	0.32296473288369254	0.2586218383198024	0.09239794678877894
0.1685684774214556	0.16494975120908933	0.31411290202442627	0.2548177151569289	0.09755115418809969
0.17080996289842	0.1651451288428367	0.3110102732827251	0.2552458879945681	0.0977887469814499
0.16297055812527755	0.16004342297611068	0.31564563129342693	0.2643919059614382	0.09694848164374642
0.1926226780919508	0.15342537651604338	0.30567085357940565	0.25008183743468587	0.0981992543779141
0.16766513776118758	0.15832911965273538	0.31549364678020814	0.263549550104452	0.09496254570141667
0.16657925552597583	0.1622901791014435	0.3258557446603745	0.2523662113928875	0.09290860931931842
0.16464397024939145	0.1530101803364996	0.325946125699929	0.2640394914092465	0.0923602323049333
0.16990079906982086	0.16140072312124693	0.31163540018062186	0.2584136483667573	0.09864942926155293
0.18220422371889586	0.16274086057099135	0.30535418484702936	0.25178541764864415	0.09791531321443908
0.18557045596675695	0.1663045743150104	0.3047525003160564	0.2510868537881342	0.09228561561404179
0.1786047555308517	0.1609153491278363	0.3150614581467631	0.250861511760259	0.09455692543428972
0.16750934835199582	0.163918164295018	0.3103118993037852	0.25900667433465585	0.0992539137145449
0.16740888920136712	0.15397247106771597	0.31943621012009693	0.2621952952548707	0.09698713435594912
0.1811360837933648	0.15699938670135766	0.3111216951542583	0.2549215215176459	0.09582131283337308
0.1764748921852226	0.15534147298455564	0.32190432558147924	0.2501098099579085	0.0961694992908338
0.18399917832582768	0.15657722996732537	0.31642563838795273	0.24790635841823672	0.09509159490065729
0.1786869056657048	0.15595313304328848	0.31609766764555675	0.25211922229823497	0.09714307134721481
0.1690047428112314	0.1647080935365049	0.3159649375018614	0.2537237713220856	0.0965984548283165
0.17150066423773858	0.16876869937378594	0.3080424023220027	0.2542853871426446	0.097402846923828
0.16443261097629674	0.15742475660703573	0.3192970257507883	0.26263155950574196	0.09621404716013708
0.1740990371921291	0.156745255122882	0.32005046316728747	0.25042549154876326	0.09867975296893793
0.16422556297979288	0.15650743144760007	0.32482752455358277	0.2569023338805962	0.09753714713842786
0.1902779031307813	0.15336172476758703	0.3039804396363518	0.25969183362684406	0.09268809883843564
0.17645932641564022	0.15899084673732677	0.3075692960463262	0.2625645722575968	0.09441595854310983
0.1852703658716845	0.15477874163697072	0.3050752671142637	0.25557006401060656	0.09930556136647437
0.1612737211396664	0.15541394342722542	0.3263121009707556	0.2641080150941032	0.09289221936824921
0.16804517243497819	0.1530968865065589	0.3244195638371926	0.25570701317039046	0.09873136405087965
0.18015818571859415	0.16808335156496296	0.3062462108220979	0.25307931281083684	0.09243293908350794
0.17408737795196394	0.1598939467644423	0.31752055546147423	0.25470633588701175	0.09379178393510759
0.18083436458430857	0.15655857339805423	0.3103395777754299	0.25823135546677795	0.0940361287754291
0.17397998090171196	0.16834191772463705	0.3082153166640359	0.25069187588202163	0.09877090882759325
0.18845591046986157	0.15561077198012652	0.3102898290076113	0.2501312435502049	0.09551224499219554
0.1740201789940495	0.1658859741207208	0.30248706694959154	0.26112149828376374	0.09648528165187426
0.16441037091341082	0.16421141326403835	0.3249218082944276	0.25247481038643466	0.09398159714168838
0.17005638281721125	0.158016349021081	0.31998987656260497	0.25317161302181357	0.09876577857728897
0.163051968338158	0.15939719645659534	0.32663166621871853	0.2559936886780442	0.0949254803084838
0.16979970039805792	0.16829570077619677	0.3167939272602008	0.25239434258025845	0.09271632898528588
0.1921642657046615	0.1607799696803113	0.30339964718412016	0.24790517886086647	0.09575093857004038
0.18100003978604112	0.15534923692511757	0.3110603707902066	0.2540054618852898	0.09858489061334474
0.17903322951105508	0.16055726917169838	0.31411366447914396	0.24896902068430482	0.09732681615379757
0.16737490532862634	0.16713690874648424	0.3113781869060739	0.25804556055245687	0.09606443846635848
0.16959517017120135	0.16843559902850858	0.315673184930362	0.25375924205684885	0.09253680381307897
0.1701800219725692	0.1603038376164999	0.31906223534990447	0.2558703532869238	0.09458355177410241
0.16092215792338554	0.1624256319374563	0.314765676092986	0.26474443463383396	0.09714209941233792
0.17060542348843052	0.1584035309716657	0.3148853934700685	0.2568868651095509	0.09921878696028422
0.18436935375667765	0.15653613019013868	0.30968338435032233	0.25174230570952305	0.09766882599333813
0.16481828097805548	0.15807493035446535	0.3272792769159617	0.2552574511353171	0.09457006061620019
0.1652141632969682	0.16545702937799528	0.3197564871587877	0.2521850752314462	0.09738724493480246
0.17842994096148457	0.16784164312623145	0.30379926627487963	0.25637019841396497	0.09355895122343919
0.18173608799838678	0.153236776041471	0.31412476027038494	0.25280724806791033	0.09809512762184677
0.1743333892435398	0.15392937173237617	0.3141112811412798	0.26123323348256844	0.09639272440023561
0.16570018015851934	0.15766511160269736	0.32732047542395	0.2526265560841318	0.09668767673070125
0.16055271640128368	0.16426862676275092	0.32848525053482536	0.25079141312830405	0.09590199317283579
0.15975658603284199	0.1626641108543006	0.3182991960686634	0.2606702186130036	0.0986098884311902
0.17208042083793804	0.15937924462800607	0.32277462108416444	0.24830988427964196	0.09745582917024925
0.1802175067988733	0.16631424858227217	0.3102441306752721	0.24938403797537267	0.09384007596820954
0.18456660413744586	0.15889221803295686	0.3109554806021884	0.25052331453997506	0.0950623826874336
0.1720529276576601	0.15504359818945285	0.318190726914371	0.2603842806999418	0.09432846653857409
0.1634647847656737	0.16404202098370133	0.3166896632109524	0.25979622626446297	0.09600730477520947
0.16469828046054386	0.165877418383527	0.31273729085020174	0.25972850659425833	0.09695850371146891
0.1738257205698418	0.15628309133090823	0.31281193448122535	0.26383948884905123	0.09323976476897318
0.17379484325036815	0.16178149539677084	0.3173481884869071	0.25460604167783557	0.09246943118811808
0.17876170016987045	0.15966685595597357	0.31392310902911025	0.2491541192987245	0.09849421554632105
0.16327774252127886	0.16682135731240397	0.3203970692521955	0.25397937741879273	0.09552445349532873
0.17465660934648647	0.16614908548219914	0.3137914811567971	0.25287246168162564	0.09253036233289148
0.1642083975893727	0.16767502204763807	0.31168777362350936	0.25956328179387245	0.09686552494560721
0.16640563107517184	0.1573324212488937	0.3277045583691145	0.25596632017294896	0.0925910691338708
0.16596663415732663	0.16799428568140296	0.3181977839815351	0.25180056926458266	0.09604072691515245
0.181596888899932	0.1536270175772539	0.31528133942868963	0.25211299057535236	0.09738176351877192
0.1701774240542621	0.15870648438567975	0.32430400840752904	0.2534565659474997	0.09335551720502924
0.19020314642990233	0.15693957927138782	0.3015142477427173	0.25778021308723914	0.0935628134687532
0.18716234855210157	0.15341627411394787	0.3136976452319341	0.24923076675090128	0.09649296535111493
0.17371349379591663	0.15541611348153803	0.3144985497335149	0.26389337421525466	0.0924784687737756
0.16016836571753262	0.159929561262654	0.31772733045972457	0.263844092054378	0.09833065050571066
0.18504888911253126	0.16160874173520806	0.3043766089270031	0.2532721232636252	0.09569363696163219
0.1746668639714411	0.16168759235639626	0.314192709314993	0.255024441109487	0.09442839324768244
0.16812904273453466	0.1581331047009033	0.3196001527357335	0.25731013294738614	0.0968275668814422
0.16513066682242322	0.1626239153850502	0.32106762693149304	0.25783792992858967	0.09333986093244365
0.18061837478117587	0.1549658087002128	0.31593672442554743	0.2550338330104518	0.0934452590826119
0.16686455621575227	0.16580686320625415	0.3053760127496117	0.26351287793288675	0.09843968989549498
0.17532115053004058	0.15665034709099612	0.3230094338107723	0.25264139070101255	0.09237767786717824
0.1907364493435348	0.1574892216029769	0.3068100214398165	0.24905056809926393	0.09591373951440763
0.1751296031822309	0.15576356321568371	0.3177886452095961	0.2569444051117569	0.09437378328073218
0.17523988030476922	0.1623266350235512	0.30160608748997697	0.26323688641520093	0.09759051076650144
0.16477414436952026	0.16171345192908432	0.3240171228079729	0.25528843882271185	0.09420684207071045
0.16240245190812072	0.16486719014092488	0.3249850197810737	0.2508195265284624	0.09692581164141813
0.16352210400579908	0.16272218663196292	0.31640580725836304	0.26272078861048453	0.09462911349339023
0.17652942443227887	0.16025140532853005	0.31545325904716315	0.25152891351519335	0.09623699767683438
0.1806689891459528	0.15318141929992707	0.3102485337509992	0.2590281868402672	0.09687287096285357
0.17070374824026102	0.15293134297093813	0.3217518625774818	0.26251172641910003	0.09210131979221886
0.16402036443159623	0.16231807208637447	0.3276327245918082	0.24838409374900372	0.09764474514121715
0.17429908470017808	0.15727519197678036	0.31150184408861137	0.26051730774217313	0.09640657149225687
0.1771828019270675	0.1575108608423461	0.31726960678611826	0.25291523495562335	0.09512149548884458
0.16645846820756496	0.16628831491984444	0.32400891588084857	0.25076207667490946	0.09248222431683231
0.17743319333520113	0.16056726950527442	0.30786121641538344	0.25727019140863844	0.09686812933550236
0.16576617977003932	0.1575993399833675	0.32341931641991	0.26036624785553897	0.09284891597114395
0.16346635361169273	0.1575994638758671	0.32011344400999453	0.25956224673663286	0.09925849176581254
0.18032439445322648	0.16665362653225643	0.3077995205345452	0.25282843220893814	0.09239402627103352
0.16621182127834938	0.1556695126860861	0.32014253885078026	0.2621297262479312	0.09584640093685284
0.16281610297749546	0.16022366756300052	0.32821186829168086	0.25415587048294375	0.09459249068487921
0.17255648091263343	0.16449215055257546	0.3131143242857416	0.2575995431929755	0.09223750105607385
0.16728909198193892	0.16266696156086854	0.30845856310033437	0.2642046467545704	0.09738073660228758
0.16777845272246583	0.16607733953406256	0.32027695665462674	0.24863507469884674	0.09723217638999798
0.17821651094524105	0.1548786761699231	0.31668072139788184	0.254032681944811	0.09619140954214281
0.1765247685031606	0.16505186398208677	0.30548804105995664	0.25758381684479725	0.09535150960999855
0.1718896913475819	0.1678266892076289	0.3137448320619276	0.2540678546737434	0.092470932709118
0.18877700542870415	0.1546290805264669	0.3022627140761821	0.2607935448081623	0.09353765516048433
0.1616646468077896	0.15909314652289933	0.32473331790931703	0.25839588983573814	0.0961129989242557
0.17987911471169077	0.15396277040914533	0.31130877852513267	0.25800377750435155	0.0968455588496795
0.17242167954480164	0.1610979691769519	0.31816592423553236	0.2562115092732003	0.0921029177695136
0.18577013251243293	0.16094863537826337	0.3076137455344862	0.2530234589295664	0.09264402764525087
0.18520200745120777	0.15937727418798306	0.31423905428903437	0.24833448706797376	0.09284717700380082
0.16772867600605298	0.15988210044046888	0.32091962776072636	0.25875198646109976	0.09271760933165182
0.1720466949832155	0.15556115138451382	0.3198025843171312	0.2584395279366971	0.09415004137844214
0.16515392510102092	0.16005194586804206	0.328172109085749	0.250463992676838	0.09615802726834981
0.1619221136024142	0.15980391753786655	0.3219962625336359	0.26169875611211724	0.0945789502139659
0.1717957464139137	0.1617506161249369	0.31655303791277434	0.25139281514510503	0.0985077844032698
0.19067323956509896	0.15977529776790145	0.3021981467763724	0.2493209982950262	0.09803231759560076
0.16484245224218214	0.1601037753980935	0.3262175191582301	0.251179601913023	0.09765665128847104
0.16658132779429247	0.16763064474872275	0.317833516152265	0.2500651128086783	0.09788939849604122
0.1772932415380932	0.1587777529681021	0.30720133382337195	0.2636118690662858	0.0931158026041467
0.180994457346623	0.16157070212585437	0.3093713026482888	0.2556711723894146	0.092392365489819
0.1627987773341752	0.15651826177250178	0.32342976737804335	0.2609694542388826	0.09628373927639682
0.17863306478795626	0.161927025088136	0.3144466017017753	0.24809533977527545	0.09689796864685678
0.17654638248586169	0.1534633810201651	0.31467067311000435	0.25810263210898793	0.09721693127498074
0.174129859983588	0.1662737653705637	0.30491320305216857	0.2615504285703687	0.09313274302331087
0.17651377720109918	0.161510048133707	0.3146373586021761	0.25242315652481184	0.09491565953820565
0.1810617784835961	0.158040267554838	0.3129121841493578	0.25250691370556533	0.09547885610664258
0.16173490979315971	0.1643161149576598	0.3251282572549776	0.2529441898541115	0.09587652814009119
0.17947921382368642	0.16578972710111245	0.3032333395486986	0.255533843602172	0.09596387592433032
0.17778986079433215	0.1581820325841663	0.31705328398955546	0.25178908695464214	0.09518573567730373
0.18035317312812382	0.1589964390002345	0.3039508874981045	0.26159916823177365	0.0951003321417633
0.16916925249125814	0.16557050997141598	0.3094853040064804	0.2588368387395849	0.09693809479126037
0.15951765087992684	0.15740608507396803	0.32588652203379664	0.2618162519184486	0.09537349009385972
0.17749812363451725	0.16670823301986226	0.3045855925652338	0.2522557254329465	0.09895232534743989
0.16738787293589744	0.1592557276919144	0.3189701742151984	0.2561029294142586	0.09828329574273098
0.17729710719538389	0.1633519834947875	0.3108941358770595	0.25496379999310254	0.0934929734396664
0.16200978769103516	0.15314316111432727	0.3275500498873605	0.259248589711541	0.09804841159573585
0.17057079870269898	0.15753065353797646	0.3219294674407772	0.25752651915340286	0.0924425611651443
0.163241405933035	0.15481577011648956	0.32835360929907753	0.25437902217342157	0.09921019247797612
0.17528387564818793	0.16446973909644202	0.3079552679299921	0.25963484855874347	0.09265626876663427
0.18792698671584246	0.15329931279866157	0.30566154933998907	0.25513355461443554	0.09797859653107116
0.16821960570745512	0.15443812256506534	0.32012617779357494	0.2597579292006282	0.09745816473327623
0.16976236823383217	0.1640184321687841	0.31935130815252877	0.2542064457693754	0.09266144567547938
0.17532346355400907	0.16640045006662957	0.3109431063690034	0.25102745422988443	0.09630552578047333
0.18548697221882213	0.16336230409266822	0.31065618561979313	0.24821654085811512	0.09227799721060122
0.1738865011257459	0.1645418045819298	0.30275707508511895	0.2607552904169466	0.0980593287902585
0.17583828079790714	0.16557176121601402	0.3161151913372398	0.25004823941573645	0.09242652723310232
0.1592059901063807	0.1611907356817288	0.32043043279068495	0.2643500698883957	0.09482277153280969
0.1805900939715508	0.1584340231676404	0.3111884099240507	0.2541145000487026	0.09567297288805526
0.17789356680886345	0.1573221780859027	0.310732131262734	0.25926832608676553	0.0947837977557341
0.18436235567697812	0.16065543837994156	0.30391376342747256	0.256466932750456	0.09460150976515161
0.17396094612415072	0.15962984284994652	0.3178597176574849	0.25262330164135993	0.09592619172705776
0.19092711917436905	0.15683643919889384	0.3024040945940647	0.2516587444965713	0.09817360253610093
0.18047304580993873	0.15573988033946284	0.31625863654539044	0.2502844541429948	0.09724398316221297
0.1622757655846298	0.16863244958418191	0.32485255206256347	0.24833254598120044	0.09590668678742417
0.1899019665373357	0.15499761719752198	0.3026104131210499	0.2559648609876677	0.09652514215642446
0.17100058311843952	0.16405677089945073	0.3064933190958997	0.2616881554655459	0.09676117142066391
0.18062451354893033	0.1585536124956242	0.3107788268657893	0.2524919109964111	0.09755113609324488
0.1607117646533564	0.16786136206640734	0.31212691802576814	0.26446231618210875	0.09483763907235919
0.1711404622729384	0.16322369983305784	0.3142986388344902	0.2537628172170551	0.09757438184245819
0.1658334400194291	0.16103876618047702	0.3131583962878863	0.26240261960549544	0.09756677790671195
0.18308084215760287	0.16591181995457088	0.3040657670615857	0.25103542236440873	0.09590614846183161
0.17900041055702118	0.16477657629149986	0.3032862425547022	0.2600558405555076	0.09288093004126888
0.1721832062137414	0.1668864308076356	0.3031595549759669	0.25870997842128884	0.09906082958136708
0.1803993027016942	0.1557094026970948	0.32018351524234134	0.25026267813922126	0.09344510121964822
0.1717348696153813	0.15531004012758354	0.3150457238231818	0.26231548770385077	0.09559387873000237
0.18727703898616316	0.1533473069199195	0.3034478479397532	0.25743688707138956	0.09849091908277433
0.17473323249243694	0.16262269679782185	0.3063471617802961	0.25695648892072664	0.09934042000871826
0.1657007099387217	0.16637668930707006	0.31907681104995567	0.25084424402104327	0.0980015456832091
0.16393666160640885	0.15801077043204775	0.3222698285133748	0.2573979574577388	0.0983847819904296
0.16429488726787927	0.15913970563512933	0.32620136018996493	0.25673784227520474	0.09362620463182159
0.1630692705128122	0.16044670304920888	0.3267847583196398	0.2571456028012289	0.09255366531711007
0.17002645643565734	0.16214627894209271	0.31497191620786114	0.25800119513036723	0.09485415328402133
0.17627877888149626	0.1583365500506768	0.3037208026507896	0.2631723694571202	0.09849149895991689
0.18386522081206752	0.16315155426934602	0.30580143448534053	0.2499931086387262	0.0971886817945195
0.18322795739811873	0.1609752533716967	0.30169846622329055	0.25777390037910614	0.09632442262778765
0.18962687745230347	0.15858974561367706	0.3076484438953435	0.24964222225858232	0.09449271078009344
0.18259937100231605	0.15898428778254653	0.30610346674962513	0.2556105370774369	0.09670233738807518
0.18346798802350361	0.1535152935042909	0.30768461172575656	0.25986434005490067	0.09546776669154802
0.18301614441810987	0.1545439081621017	0.30184300995649777	0.26415732663013786	0.09643961083315261
0.1621984894251678	0.16619580562177688	0.3206380789001388	0.25219914794512055	0.09876847810779579
0.1920059790160405	0.15351050200685945	0.3119589250028547	0.248945217502708	0.09357937647153712
0.17952474069609267	0.1682726546267578	0.30594287869903825	0.2480222130648715	0.0982375129132396
0.17516678387978643	0.16029826756183202	0.31668048021158723	0.25487126549101347	0.09298320285578066
0.17060526239326101	0.16497753220159322	0.3150155790141722	0.25242722728324857	0.09697439910772482
0.1737347854349837	0.15557764481362052	0.31849940406326127	0.2552349365242948	0.09695322916383951
0.1699084372363602	0.1641951402571305	0.3191650627210837	0.25379041350750575	0.09294094627791961
0.17604014616513708	0.16163922460985647	0.3109744448731701	0.2527270584002246	0.09861912595161162
0.1884328656123988	0.15361074731614127	0.30804829802043543	0.2568559833212294	0.09305210572979494
0.17300387343169554	0.1530966501609455	0.31609374481114577	0.25903634768325234	0.0987693839129606
0.17143756004907218	0.15316200522478468	0.3181500602224718	0.2601053543056695	0.09714502019800164
0.18985546823872124	0.15604102891968202	0.30651436063977344	0.2538118585278858	0.09377728367393726
0.1645169496277295	0.16260997242936814	0.31977368129167694	0.25637288037447953	0.09672651627674565
0.18063112619893873	0.15808537000481848	0.3021182015875417	0.2635555000481229	0.09560980216057793
0.16926117952130199	0.15456510891665626	0.3184496740813921	0.25920634828326605	0.09851768919738345
0.17526352583872554	0.16868435898795822	0.3064711356293187	0.2512424157102959	0.09833856383370139
0.1639810561914399	0.16596130245854498	0.3202728236771988	0.2530640509496676	0.09672076672314853
0.1766907576167489	0.1544260837141156	0.3253937534457924	0.24893534834205977	0.09455405688128316
0.18517367031199392	0.15814862457015577	0.3083938606645707	0.252958805126626	0.0953250393266534
0.16805520768056054	0.154755451014173	0.32470594687348897	0.2532988596277812	0.09918453480399611
0.18647453574179587	0.15397452144302748	0.30453291891108736	0.2583233579110047	0.09669466599308443
0.17909130922035338	0.16394945614753326	0.30427598329077027	0.25973662179380147	0.0929466295475414
0.1732487178821466	0.1639178549381165	0.31231951822183346	0.25564071436573105	0.0948731945921722
0.17894414089656713	0.15645616375517096	0.3071216562255822	0.26073738994269	0.09674064917998942
0.16629873613088061	0.1641964163283417	0.32049194130135117	0.24979723729092432	0.09921566894850199
0.17899152960896558	0.15695728496379802	0.3154210383466131	0.2523046734016272	0.09632547367899587
0.1723829811579504	0.1608641659204847	0.31623277123150306	0.25265890089741466	0.09786118079264704
0.17185878489352246	0.16509598695736027	0.3154254583253979	0.25182742542008946	0.09579234440362965
0.18924071681540006	0.16425523359426877	0.3033862730855736	0.24975014334321038	0.09336763316154698
0.17757083773354776	0.1554400612423816	0.3236513078048019	0.25025589002303483	0.0930819031962337
0.1815276452856514	0.15346629289054434	0.30840415880482464	0.26017613282906776	0.09642577018991169
0.1760347085784623	0.15617348238942355	0.30785882485757643	0.262859789674133	0.09707319450040455
0.16625710338118257	0.16287764199277605	0.31955339480468975	0.25409444963312255	0.09721741018822888
0.16385594962879046	0.1628066366462373	0.32580259788816135	0.2524610646554886	0.09507375118132207
0.17785388748251224	0.1650883690541105	0.3071805143527719	0.25764741423164217	0.09222981487896298
0.16197818900435013	0.1672558566690447	0.3187645438356069	0.2566503253946624	0.09535108509633569
0.18533038329220528	0.16191933485735038	0.30498991507903417	0.24899229443997	0.09876807233143993
0.16057274926241327	0.1583658998560928	0.3199501564132332	0.26359759564377006	0.09751359882449039
0.1817507084012535	0.15858936666597045	0.3149538104144267	0.24994271466077012	0.09476339985757898
0.18102508504152892	0.15803642247058214	0.31010245883405313	0.2548184109266761	0.09601762272715947
0.17710500246964592	0.15554932131694407	0.3120366973477686	0.2561058299836139	0.09920314888202722
0.16621291087124	0.16178778648720676	0.3272990563874778	0.24822395298223215	0.0964762932718431
0.16976794176058516	0.16506183524944812	0.31951416074197353	0.25162056804120975	0.09403549420678324
0.1752987348742595	0.15999862772430745	0.31716068300528477	0.25121909006709636	0.09632286432905174
0.173222595469004	0.16660250839215252	0.307301198820889	0.25850843671307877	0.0943652606048755
0.1755459690128686	0.16454963093849473	0.30993347544719646	0.2522175892320721	0.09775333536936792
0.16907011367214875	0.16706972978744788	0.31171017280051333	0.254544399891603	0.09760558384828683
0.16925378405236202	0.16457848029148248	0.31851801511393735	0.2501583510118149	0.09749136953040312
0.16281341395035284	0.1659998853520837	0.31092638058680666	0.2615671201966437	0.09869319991411284
0.1911956173420994	0.1539959675715676	0.3037072864309501	0.2540025553694483	0.09709857328593437
0.16567185311395047	0.15955560591162896	0.32545461815645116	0.2523795768804657	0.09693834593750353
0.1865062119047936	0.15463881136790852	0.31146570201215773	0.24873789199925048	0.09865138271588948
0.18109437646579662	0.15942426252772915	0.3102892444817482	0.2531300523031299	0.09606206422159584
0.16670875195919035	0.1571373480081082	0.3165179602431224	0.26190559318511697	0.09773034660446187
0.1672894308788788	0.15961973634180684	0.31152708577608357	0.26325792245989976	0.09830582454333085
0.1750268726280833	0.15817279236754345	0.3099010447196803	0.25995275658478195	0.09694653369991085
0.18997292475308292	0.15843008932860592	0.3057708835296313	0.2515242360027209	0.09430186638595878
0.16987708982579242	0.1553075491133923	0.3142419896969616	0.26340812991710405	0.09716524144674941
0.1882073605100691	0.1566404473462235	0.30528332567719646	0.25458679906257586	0.09528206740393486
0.16622706311226107	0.153189859381351	0.3277337373937329	0.2590602229207333	0.09378911719192162
0.1808017599183665	0.16222864752635813	0.3027479252908913	0.2619427356922051	0.09227893157217877
0.18894362987522528	0.15366824005786425	0.3021860436877578	0.25844413612758554	0.09675795025156693
0.18342349409699127	0.16208662751055974	0.31180615079056373	0.24945986133023018	0.09322386627165481
0.17105480344244142	0.15387383412125988	0.32111135116349154	0.2555955862515398	0.09836442502126717
0.17193597547125172	0.15786602792148102	0.3283392360726518	0.24801491047794172	0.0938438500566735
0.18427319130830946	0.16206158636775236	0.3060680830883332	0.24926934098739978	0.09832779824820492
0.18399015442063285	0.15599028076029403	0.31638963562734157	0.24828275664627372	0.09534717254545766
0.16769430350360004	0.15407662550952328	0.3202787203676149	0.25949889684123745	0.09845145377802411
0.16119715782828867	0.15854703760759362	0.32099893904391585	0.26125477058906055	0.09800209493114109
0.16896460290593068	0.16856185797666684	0.30235627052348923	0.26478655017960795	0.09533071841430507
0.18498857922590703	0.1581481666152423	0.3138439658546601	0.250934733688003	0.09208455461618731
0.16464121757193714	0.15628947229150777	0.322646023760336	0.25887364830558435	0.09754963807063452
0.16903140714660655	0.1658539261492631	0.3206896707570062	0.25125140247888245	0.09317359346824149
0.16364519780274922	0.16424359563230084	0.3132550573188636	0.26232369187785337	0.09653245736823275
0.16907907500000963	0.1619041681053732	0.32180145949106	0.24831974422440392	0.09889555317915305
0.15944802185251214	0.15948204871742894	0.3190108194068406	0.26380299845172983	0.09825611157148828
0.17014392847491255	0.16054229113244245	0.3238544264604314	0.2531565719451448	0.09230278198706862
0.16983035508741445	0.16450798475382877	0.31219329453710437	0.2598274621427247	0.09364090347892748
0.17659276388991985	0.1657535756853215	0.305760926894889	0.2562690630688951	0.09562367046097434
0.1874679601511944	0.15469214961802677	0.31119604242979454	0.25420035997271717	0.09244348782826689
0.17415397590632756	0.1529746244906606	0.32417928341161595	0.2512752912342672	0.09741682495712856
0.1692981307292558	0.15577100545678357	0.31690513024150824	0.25983160612810174	0.09819412744435047
0.1760980264108249	0.16185200941532865	0.3041901290986959	0.26353308915444784	0.0943267459207025
0.17689131629189533	0.1658693126215698	0.3110478091344986	0.24847260658542492	0.09771895536661115
0.17888155397845415	0.15618388950709	0.31869951334035734	0.25054465681266036	0.0956903863614379
0.1792728580695033	0.15873933102967236	0.3197382880120475	0.24964994962616494	0.09259957326261167
0.18380616976029607	0.15481122744380138	0.3169340036049269	0.24935892977630475	0.09508966941467069
0.17559969124259708	0.16002582492993694	0.3121817596487381	0.25660546199403306	0.0955872621846946
0.18179025333975274	0.16808295238697843	0.3036721681927447	0.2519266844922242	0.09452794158829972
0.17557010034393733	0.1613092107946468	0.3019797730421633	0.26327943891513517	0.09786147690411723
0.17249992291124228	0.16045957478065068	0.3034856391330295	0.2651387895552794	0.0984160736197979
0.18726055440799447	0.16179354071659982	0.30514877401678603	0.25259139960533833	0.0932057312532811
0.16889780678022004	0.15765504659088553	0.316107831970344	0.26129378277116316	0.09604553188738715
0.16584702258984158	0.1566268700842461	0.3231053634541161	0.2622559567102445	0.09216478716155153
0.16497919549392043	0.1649997239946599	0.3164065419776678	0.25713841891953865	0.09647611961421301
0.17294681030026182	0.15530956448730918	0.3091534150794425	0.2638232139317853	0.09876699620120101
0.1651062867681366	0.15964726155283238	0.31818247359641477	0.2598801496560202	0.09718382842659587
0.17457767170632327	0.16081854266925527	0.31612751046469323	0.2536629053147249	0.09481336984500316
0.18275752376774834	0.15747362041101032	0.30846422517181615	0.2555106902155585	0.09579394043386652
0.17308509692698004	0.16752316500794584	0.31086306671718356	0.25510705061988076	0.09342162072800961
0.17966739485728137	0.1539374599487085	0.31139274371562675	0.26000709593205773	0.09499530554632542
0.166290838063401	0.16504377970400155	0.3137356815830751	0.25933566980224476	0.09559403084727738
0.17762195235814207	0.16307478694445315	0.3102572835618108	0.251747005690405	0.09729897144518879
0.18755593119501043	0.1594006851931106	0.3016716527447183	0.2555708483769726	0.09580088249018787
0.1740408827925147	0.16281074331814066	0.3217076282703689	0.2483679944303695	0.09307275118860606
0.17529903564810467	0.16079598904617937	0.31808005997879385	0.2516077008817566	0.09421721444516526
0.18484185115491963	0.16596095158719743	0.30453636642605003	0.2482548096557859	0.0964060211760468
0.1600897266538845	0.16504255827334502	0.31703518647197393	0.264575261647093	0.09325726695370339
0.1794958326652954	0.15822554988616216	0.30451789797841483	0.26271322723129387	0.09504749223883353
0.1845627868223762	0.15322210928169622	0.30786897507272293	0.2597115091295763	0.09463461969362813
0.1620175499860722	0.16375321863162395	0.3220038980671429	0.25998296698904416	0.09224236632611654
0.16670076868132316	0.16110121707347413	0.32438563266844067	0.25549576720362915	0.09231661437313265
0.18058420484492524	0.16611331737815366	0.30466670746548064	0.2518008662571702	0.09683490405427009
0.1804744075399374	0.16386709455831566	0.30238713084275287	0.2569263768375498	0.09634499022144397
0.18984112976147383	0.15686716244348503	0.3043935442586284	0.2516548592608587	0.09724330427555379
0.16570041378041628	0.1639122765653038	0.3158041333379542	0.261674322920939	0.09290885339538654
0.16486965132067147	0.16159346738656677	0.3143250743957505	0.26478126387362605	0.09443054302338497
0.1666373193236603	0.15695701880294702	0.319063456149447	0.2597447233503439	0.0975974823736016
0.17231714047932678	0.16515171132286927	0.30471557910606917	0.2645090748231431	0.09330649426859144
