0.5091696972072456	0.2450277147761829	0.24580258801657165
0.5136016318300142	0.2422259576577212	0.24417241051226476
0.5161893602791513	0.2404707539662339	0.24333988575461488
0.5117902439973421	0.24355821658247484	0.24465153942018325
0.5163959934698458	0.2483338276770183	0.235270178853136
0.5140974218388903	0.24003554589495457	0.24586703226615522
0.5199049992403286	0.23878068329538496	0.24131431746428653
0.516264097656129	0.24326552030849705	0.24047038203537396
0.5110815330665255	0.24383095656632667	0.24508751036714801
0.5193951543021765	0.2445288686204219	0.2360759770774017
0.5173279566110428	0.23989662114629987	0.24277542224265744
0.5187500927624068	0.24166038960552436	0.23958951763206893
0.5197690279326068	0.24314372876802187	0.23708724329937136
0.5095861688833179	0.23899688455974266	0.2514169465569396
0.5194492093022862	0.2353695395139735	0.24518125118374046
0.5217900244166567	0.24149922397117973	0.2367107516121637
0.5223337544836372	0.2415472478005892	0.23611899771577372
0.5135039179767451	0.23869528886890243	0.24780079315435255
0.514086763168519	0.2443147094204884	0.2415985274109927
0.5159414312204411	0.2477735035408783	0.23628506523868065
0.5100900927259515	0.2418560401632758	0.2480538671107727
0.5196315150116944	0.23622397611381785	0.24414450887448788
0.5151650154282511	0.244607258737123	0.24022772583462604
0.5159818913102767	0.24157181775426023	0.24244629093546313
0.5196822560474166	0.2413737184691328	0.23894402548345064
0.5161782963372233	0.23834443946816702	0.24547726419460975
0.5185190854163212	0.23915044211447983	0.24233047246919903
0.5158597805633542	0.24106685825228585	0.24307336118435993
0.5183897066974952	0.2411984315997019	0.240411861702803
0.5146055255028509	0.2390926923157935	0.2463017821813557
0.5211870168656827	0.2386043845056225	0.240208598628695
0.5153707303345094	0.24921520329024566	0.23541406637524498
0.5236810311518503	0.23763114937357369	0.2386878194745762
0.5112247588885883	0.24378907955059753	0.2449861615608142
0.5234176897344808	0.2367275505033547	0.2398547597621646
0.5135824837242176	0.2358155065204331	0.2506020097553494
0.5188119291641525	0.246048087359973	0.23513998347587456
0.508364342903035	0.23839534666609752	0.2532403104308676
0.5157248420437455	0.23648043392757434	0.2477947240286803
0.5156042956817708	0.2393070483067502	0.24508865601147917
0.5090786678956002	0.23920562622876462	0.2517157058756353
0.510634073056079	0.24301424576046582	0.24635168118345524
0.5176757286987445	0.23947371644474957	0.24285055485650606
0.5210742731789775	0.24156144436817123	0.2373642824528514
0.5081348825124354	0.23970487575070346	0.2521602417368612
0.5161893025672406	0.248596509198765	0.23521418823399445
0.5167093648201134	0.24177386166124448	0.24151677351864215
0.5079680340548194	0.24918225326442445	0.2428497126807563
0.5106008024531278	0.24597206055202875	0.24342713699484353
0.5121314128616292	0.23831887442039323	0.2495497127179776
0.5128052636471268	0.2474908320084047	0.23970390434446862
0.5237938256403001	0.23760249502237765	0.2386036793373223
0.5086383769651384	0.23939462593123415	0.2519669971036276
0.5135869324935027	0.24727347898971794	0.2391395885167794
0.5114619568507798	0.235605634127613	0.25293240902160735
0.5180280278110312	0.24568738646897192	0.23628458571999703
0.5175044103317455	0.23559173400675026	0.24690385566150427
0.5194752413620125	0.2450037755204979	0.23552098311748965
0.5084946171170083	0.24109249541237654	0.25041288747061535
0.5151864067406412	0.23969037250038255	0.24512322075897636
0.5193340056927506	0.24088726929457804	0.23977872501267156
0.5140438705026212	0.24362041164266407	0.2423357178547148
0.5150625728516576	0.2359962153126261	0.2489412118357165
0.5169258861761338	0.23893563455167852	0.24413847927218782
0.5100828086990878	0.24377385606278573	0.24614333523812654
0.5237837363669066	0.23913203656034293	0.2370842270727506
0.5156179483905601	0.24154888346714645	0.24283316814229355
0.5108323455496427	0.23825171663272654	0.25091593781763083
0.5139441240726919	0.23488646568774785	0.2511694102395604
0.5206606372711946	0.23877293472742572	0.2405664280013798
0.5196442382700743	0.2419599001348658	0.23839586159506
0.5184331019557178	0.23572388494719787	0.24584301309708448
0.5107224889646989	0.2380898518707812	0.25118765916452007
0.5197420136371127	0.24015813541881365	0.24009985094407374
0.5171008898632353	0.2430043203386195	0.2398947897981453
0.5109432539326138	0.2445532404311207	0.2445035056362657
0.5156535672929285	0.23938406825111108	0.24496236445596045
0.5128110259850875	0.24894730247244024	0.23824167154247228
0.5167867308811339	0.23841825729234928	0.2447950118265169
0.5185113696976127	0.24230421735414537	0.23918441294824205
0.5108020358726323	0.23719792987476201	0.25200003425260586
0.5099182986767632	0.236218974661472	0.2538627266617649
0.5080652406628902	0.2468328164158944	0.24510194292121554
0.5086056024317542	0.2450474589362985	0.24634693863194734
0.5095947430352643	0.24190518641154268	0.24850007055319312
0.5085003244291408	0.24588397403782705	0.24561570153303228
0.5145051480537876	0.23591635049977028	0.24957850144644228
0.5109108981310645	0.24747052551340157	0.24161857635553405
0.5171526896611952	0.24750255417617273	0.23534475616263217
0.5130657818353876	0.23737537147272453	0.24955884669188796
0.5188694258271147	0.24482830679111356	0.23630226738177185
0.5111638590165035	0.23919056995925417	0.24964557102424245
0.5105132619670413	0.24722553174183481	0.242261206291124
0.5156333946827407	0.2485688601095548	0.23579774520770452
0.5104043868602293	0.2416695570865773	0.24792605605319357
0.5097672773643132	0.24330325208085057	0.2469294705548363
0.5125463589925546	0.23908406715475794	0.24836957385268757
0.5216315592155806	0.23828781458833131	0.2400806261960882
0.5147440365023193	0.24865903968328035	0.23659692381440048
0.5193595653369545	0.23879474097661585	0.24184569368642983
0.5169730608367442	0.23492120442298317	0.24810573474027275
0.515596429814992	0.24432753740451654	0.24007603278049156
0.5212030426398755	0.24245314305358717	0.23634381430653736
0.5197179075669374	0.2393612091869549	0.2409208832461079
0.5195687614017214	0.24033749432653334	0.2400937442717454
0.5212983904574743	0.2413139016692082	0.23738770787331767
0.5211655596064176	0.23786950488637137	0.2409649355072111
0.5225946822766586	0.2385389400806731	0.23886637764266838
0.5102870143718592	0.2462958300009617	0.2434171556271792
0.5223840715267266	0.23966859720243106	0.23794733127084247
0.5186286883162308	0.23556755837269333	0.24580375331107593
0.5151146424956465	0.24495097349435418	0.23993438400999934
0.5087245627473327	0.23757412088885427	0.2537013163638131
0.51093279689473	0.24203479110002668	0.2470324120052434
0.5148301011661507	0.24702701408636374	0.23814288474748566
0.5081470408553188	0.24117262221329366	0.25068033693138764
0.5216748106110441	0.23779316443554746	0.24053202495340847
0.5159268918049871	0.23710928634579048	0.24696382184922247
0.5173792661962806	0.24494153219852352	0.2376792016051959
0.5216740667998331	0.24070210139753354	0.23762383180263347
0.5098867848493666	0.24733200360881158	0.24278121154182197
0.5149406112874761	0.24626875742038357	0.23879063129214034
0.518465439779735	0.23613931633957916	0.24539524388068595
0.5115823788249816	0.2388324487124718	0.24958517246254677
0.5173765249333369	0.2462657002022059	0.2363577748644574
0.5144131363177088	0.2371585959794797	0.24842826770281162
0.513043279880518	0.23794768983699638	0.24900903028248575
0.5148160718771917	0.2483938033552644	0.23679012476754394
0.5192416148144943	0.23654596392789282	0.24421242125761303
0.5167619488182722	0.24077566584022475	0.2424623853415032
0.5196715275302988	0.23695059977750982	0.24337787269219158
0.5186733728175759	0.24562596660913577	0.23570066057328842
0.519007245245659	0.23725246414958728	0.24374029060475383
0.5135002552843981	0.2425047294072038	0.24399501530839823
0.5116351061203338	0.2395460547101421	0.2488188391695242
0.5118875051348476	0.24506142298565875	0.2430510718794938
0.5180929098583734	0.24069403693700986	0.24121305320461683
0.5173450515813481	0.23756204993204852	0.24509289848660343
0.522217220234451	0.24234814836715643	0.23543463139839257
0.5178461918623714	0.24682221311089933	0.23533159502672946
0.5114908241839032	0.2379108729989754	0.2505983028171215
0.5137649980026259	0.2441132118810257	0.24212179011634855
0.5191577849382724	0.23613937985522246	0.2447028352065053
0.5107464329615238	0.2456655207575521	0.2435880462809242
0.5107525072454921	0.24264935127511755	0.2465981414793904
0.5127607552237663	0.2416296971376122	0.24560954763862158
0.5140812737169	0.2381653125127639	0.24775341377033616
0.5171187934009687	0.23958255411810558	0.2432986524809259
0.5082469631900541	0.24074422073262186	0.25100881607732406
0.5142992095092652	0.24417630126009426	0.24152448923064063
0.5141183883083044	0.23994583943919673	0.24593577225249902
0.5201040266900872	0.2361705150609732	0.24372545824893976
0.5112969375328777	0.24350349279470923	0.24519956967241316
0.5161556244299558	0.23776933677551937	0.24607503879452497
0.5196463551842068	0.23961067558172677	0.24074296923406657
0.5134305386889457	0.23814921897607438	0.24842024233497997
0.5208339240704252	0.24269085414253172	0.23647522178704322
0.5086865803410808	0.24670795855371813	0.24460546110520118
0.516460528356458	0.23695042106342804	0.2465890505801141
0.5166659667241438	0.2450782446850971	0.23825578859075927
0.5200971662226754	0.23521128927732962	0.24469154449999508
0.5096136438844344	0.24443840732220198	0.24594794879336368
0.5140011625219941	0.24252033956727007	0.2434784979107359
0.5082307018553691	0.24023382024808887	0.2515354778965421
0.5123038116838561	0.24348392738145347	0.24421226093469056
0.5182470313124505	0.2377654566498164	0.24398751203773314
0.5149925064259279	0.2468586025101543	0.23814889106391796
0.5146483191680532	0.24333849653217118	0.2420131842997757
0.5087395713884243	0.24358305168641053	0.2476773769251653
0.5106930382577205	0.2448611528642203	0.2444458088780593
0.5168247777282187	0.23960914645397857	0.24356607581780287
0.5117659020033272	0.24003267859022423	0.24820141940644874
0.5104336847393018	0.2373667398125403	0.2521995754481579
0.5128321613625354	0.2479879972475575	0.23917984138990717
0.5080425073902506	0.24366391576964602	0.2482935768401035
0.5149967550399046	0.2364008777995731	0.2486023671605224
0.5108438461891667	0.24341283248426618	0.24574332132656723
0.5112489498382393	0.24268894878131775	0.24606210138044307
0.5145147301197645	0.23541291967942388	0.25007235020081175
0.5232054110263233	0.23577381979158718	0.2410207691820895
0.5160024921696275	0.2349302669313418	0.24906724089903087
0.5214950656024024	0.24037883011083294	0.23812610428676478
0.5107776952185934	0.2415321762735772	0.2476901285078295
0.5112144960338583	0.2368867853420778	0.2518987186240641
0.5135281562136063	0.24854758554180276	0.237924258244591
0.5147286390431334	0.2467461771732298	0.23852518378363693
0.5101331492784358	0.2398962781870352	0.2499705725345291
0.5143692706873235	0.2431379993125264	0.24249273000015026
0.5153638778257436	0.24230327772526364	0.24233284444899295
0.5179268436850325	0.24464968910255214	0.2374234672124155
0.5123690077565677	0.23866074536843984	0.24897024687499264
0.5168345231890941	0.2351733064940249	0.24799217031688106
0.5197084033661854	0.23993413242669615	0.24035746420711857
0.5143664334696875	0.23583855778020807	0.24979500875010457
0.5084426505862345	0.23790351839512722	0.2536538310186383
0.5191014284464688	0.24056071153593314	0.2403378600175982
0.5095776890305065	0.24686498138866517	0.24355732958082846
0.5219856889053869	0.2426221703576011	0.23539214073701215
0.5138748304764637	0.2397032926194283	0.24642187690410816
0.5127204305971405	0.24828573456507202	0.23899383483778766
0.5107763297272103	0.23696254406151676	0.25226112621127306
0.5159022672486104	0.23819562172255224	0.24590211102883738
0.5202155035638188	0.24104973326457482	0.23873476317160647
0.5226519898089186	0.24115011702046218	0.23619789317061926
0.5087766053581659	0.23934958969101106	0.2518738049508231
0.5134276977089469	0.2443875392674148	0.24218476302363842
0.5209694043665352	0.23813516570810767	0.2408954299253573
0.518616102327927	0.2405831266952704	0.24080077097680275
0.5143355925780974	0.24491329203296555	0.2407511153889372
0.5097808396447132	0.24344925684132834	0.24676990351395853
0.5161420488011907	0.240680710716763	0.2431772404820463
0.5126308817045948	0.2358148072988609	0.25155431099654435
0.5095082412522813	0.2361757985535704	0.25431596019414837
0.5132125638747427	0.2364366983772837	0.25035073774797373
0.5181605234209197	0.23601355236993712	0.24582592420914331
0.5174463878396542	0.24297406601887817	0.23957954614146765
0.5178542839689244	0.24634218390026155	0.23580353213081412
0.5135558206356665	0.24571334154546934	0.2407308378188642
0.520627657174799	0.2410545903992961	0.23831775242590497
0.51530353425116	0.2467502542372196	0.2379462115116205
0.5189313212698051	0.23909634766980375	0.2419723310603912
0.5208472600902619	0.24291322081536684	0.23623951909437133
0.5146372311091529	0.2482677682742755	0.23709500061657168
0.512768579562956	0.24577793565196893	0.24145348478507528
0.5080848595976544	0.24100982816256827	0.2509053122397775
0.5128081003554901	0.23864156862961527	0.2485503310148947
0.517887306368696	0.2425766696255778	0.23953602400572632
0.5165191095927629	0.24456841429680853	0.23891247611042865
0.5159275946077351	0.2455418910553936	0.23853051433687147
0.516347124634128	0.24642911659553937	0.23722375877033272
0.5176711757297167	0.24066065801270697	0.24166816625757648
0.5139315299298163	0.2408212429701304	0.2452472271000534
0.5163635061396942	0.23511651549600632	0.24851997836429957
0.5092182900225877	0.24464417686775258	0.24613753310965986
0.5196009623982154	0.23807977612856007	0.2423192614732246
0.5145870047903528	0.23887452680377222	0.2465384684058751
0.5217213323312593	0.23566575711326743	0.2426129105554733
0.5222721164713241	0.2384856476114279	0.23924223591724808
0.5192648850088167	0.24461176091343864	0.23612335407774473
0.5084212091917795	0.24287041129949893	0.24870837950872166
0.5087596254687847	0.24843507774556994	0.24280529678564544
0.5108602855582357	0.24095541119131597	0.2481843032504484
0.5212294458418691	0.23803478130464992	0.24073577285348113
0.5084795021142581	0.2402952190956571	0.25122527879008494
0.5133025442933572	0.23726872545787464	0.24942873024876822
0.5082268993618733	0.2442402055771969	0.24753289506092999
0.5148508096056953	0.24903588536892124	0.23611330502538355
0.5186171898935888	0.23944092622671756	0.2419418838796937
0.5129600294756441	0.23528188913879983	0.25175808138555616
0.5177442634234548	0.23794505607196814	0.2443106805045771
0.5174950665291955	0.24471560410054122	0.23778932937026329
0.5181976721513106	0.23792938796031418	0.24387293988837536
0.5127402098182443	0.2393818148953053	0.24787797528645047
0.5189157983535198	0.24027932175917738	0.24080487988730298
0.5094235349617124	0.23982139415390236	0.2507550708843853
0.5133743103485571	0.24195617108613882	0.24466951856530422
0.5144941743190503	0.2440090061532177	0.2414968195277321
0.5199661211462979	0.23546667653391384	0.24456720231978835
0.5116842695653043	0.2480747980257542	0.24024093240894165
0.5171010031435301	0.2416467073041469	0.2412522895523231
0.5222798168201959	0.23780015694632545	0.23992002623347886
0.5082404581630849	0.24115568939700135	0.2506038524399138
0.5079838261238583	0.24396764238666777	0.2480485314894741
0.5085382458128371	0.24660895390059193	0.24485280028657114
0.5137356930824991	0.23970342551760476	0.24656088139989624
0.5102578957380381	0.24676486470218764	0.24297723955977424
0.5183872531353251	0.24224640613146142	0.23936634073321356
0.5188360406598431	0.2425339237643786	0.2386300355757783
0.5190203275112639	0.24185782264015798	0.23912184984857815
0.5222549398209158	0.2403498614877428	0.2373951986913415
0.5146768987912248	0.2372969801891825	0.24802612101959282
0.5079053254516017	0.24332366504398928	0.2487710095044091
0.5085890256887906	0.2463548432624206	0.24505613104878896
0.5226385523126088	0.23516173295838183	0.24219971472900947
0.5151835546329678	0.24002008290913912	0.24479636245789316
0.5160722406057802	0.24173148291865051	0.24219627647556943
0.5187420176801211	0.24580558189476132	0.23545240042511772
0.5165328544251616	0.24600717459045096	0.23745997098438754
0.5107811002101276	0.24424088867079713	0.24497801111907538
0.5210005492110933	0.23658419934248834	0.24241525144641846
0.5177329873053345	0.23985026611073748	0.24241674658392812
0.5129133559504188	0.24504983981714804	0.24203680423243332
0.5103856791393231	0.2395491957171633	0.2500651251435137
0.5149788080224647	0.24688884333078076	0.23813234864675467
0.5100665007646572	0.24676069147375443	0.24317280776158845
0.519292426514399	0.24112848397097897	0.23957908951462212
0.5165861383243142	0.23663104521722123	0.24678281645846473
0.5149085065320664	0.24285329658362864	0.24223819688430498
0.5087633759098587	0.24065518503589645	0.25058143905424496
0.517691575550005	0.24357204074305905	0.23873638370693606
0.5184016411681376	0.23917050542612384	0.24242785340573864
0.5097999736532923	0.2485589822042383	0.24164104414246948
0.5081884613463886	0.23952374757654094	0.25228779107707056
0.5139833112260717	0.23830909414192655	0.24770759463200184
0.5184730471280584	0.24483897868453897	0.2366879741874027
0.5230710035994905	0.23832196021636315	0.2386070361841464
0.5222781296594748	0.23502914491216287	0.24269272542836234
0.5166800032973302	0.24588591839969007	0.2374340783029799
0.5162090179254647	0.24711832772590434	0.23667265434863108
0.5201665022592746	0.23767621259453187	0.24215728514619358
0.5140171869610544	0.2473365816752849	0.23864623136366087
0.51021298258714	0.24465140606967006	0.24513561134319012
0.5134643197248532	0.23516285076498533	0.2513728295101616
0.5097442570654453	0.2462018827608491	0.24405386017370573
0.5170519780416284	0.24200611032207098	0.24094191163630072
0.5146176603478638	0.24895456679959727	0.23642777285253896
0.5086330863228488	0.2464649102806974	0.24490200339645393
0.5124094409991287	0.2393776179198008	0.24821294108107067
0.5175180994063073	0.23976686866172847	0.24271503193196423
0.5115293337522063	0.2441876090022303	0.24428305724556348
0.5167066762846957	0.23956523048828018	0.24372809322702427
0.5127622658759534	0.24198241282826471	0.24525532129578198
0.5099819559369021	0.24730365759823428	0.2427143864648637
0.5207313709158514	0.23710437726640743	0.24216425181774132
0.5102591381156687	0.24083770501689705	0.24890315686743442
0.5126867994262703	0.24432546321025833	0.24298773736347148
0.5150651056978334	0.24440764691513872	0.240527247387028
0.5165047903191796	0.23719587655246369	0.2462993331283568
0.5178129217249599	0.23571315847204716	0.24647391980299305
0.5108700552921708	0.23946534790416818	0.2496645968036612
0.5079927774729721	0.24029067288552058	0.25171654964150736
0.509624584251358	0.2392089379109152	0.25116647783772694
0.5215501289563722	0.2357815129077594	0.2426683581358685
0.5093084808952371	0.23669766495768307	0.25399385414708
0.5129557250518264	0.24098110883089052	0.24606316611728318
0.508627708523482	0.24453988812892824	0.24683240334758977
0.5220832143087143	0.23576524396681864	0.24215154172446718
0.5123856791125876	0.24315393786410344	0.24446038302330902
0.5082912123690253	0.23839976019662618	0.2533090274343486
0.5097014114758498	0.24095491641499225	0.2493436721091581
0.5193678490328745	0.24340631771030752	0.2372258332568181
0.5144097594971637	0.2492971086024551	0.23629313190038131
0.5149755940700816	0.2402766721626515	0.24474773376726694
0.5210241319513422	0.2376066316505853	0.2413692363980725
0.5148592743826648	0.23798237513115833	0.2471583504861769
0.5129523804893529	0.24285518031390507	0.24419243919674216
0.5163753319654973	0.2363339989152573	0.24729066911924547
0.5105127728557903	0.24513852158507182	0.24434870555913793
0.5162014492081636	0.2486031513434831	0.23519539944835344
0.5208525874254741	0.23892508495781337	0.2402223276167127
0.5087930329739527	0.23812946540727348	0.2530775016187739
0.5196850175634555	0.24416280592526282	0.23615217651128168
0.5108064150735359	0.24473696008045287	0.24445662484601136
0.5113987296755624	0.2376161869205817	0.25098508340385595
0.5166346292941657	0.24052815385840387	0.24283721684743045
0.5099015813098056	0.2467399569851044	0.24335846170509018
0.5183430345385499	0.23547387458825797	0.24618309087319226
0.5174623153371605	0.23637617091344726	0.24616151374939235
0.5236507114727166	0.24061814065174558	0.23573114787553792
0.5201690999236503	0.23939705640301887	0.2404338436733309
0.5105669515931445	0.24913819838049422	0.24029485002636136
0.5186951721465494	0.24044756067622125	0.24085726717722947
0.5121139377523474	0.24922400382789447	0.2386620584197583
0.519168097639847	0.24532875495779843	0.2355031474023548
0.5152545907857671	0.24641405693821833	0.23833135227601468
0.5194260775119315	0.2392697032373023	0.2413042192507664
0.5185095409058681	0.23702197219699714	0.24446848689713488
0.5124597374230344	0.24375664976228228	0.24378361281468336
0.5186409330957005	0.2416005615826038	0.23975850532169585
0.5099104465328463	0.24641740303807325	0.24367215042908055
0.5170177565016958	0.2458550562957785	0.23712718720252587
0.5126862096864189	0.24345677835537297	0.24385701195820822
0.5130428955635729	0.23783362546880105	0.24912347896762624
0.5124980831176988	0.2490691257448678	0.23843279113743351
0.5185108029041443	0.23612557865362574	0.24536361844223006
0.5212752146292702	0.23703358965445678	0.24169119571627315
0.5225772422019586	0.23978523685680844	0.23763752094123305
0.5174176471669891	0.24310204526802043	0.23948030756499047
0.5145077072961777	0.24606523462632357	0.2394270580774988
0.5122240783936574	0.236429981428488	0.2513459401778548
0.5120587989037954	0.24668267941285763	0.2412585216833471
0.5118130127773175	0.2357340759594803	0.25245291126320224
0.5145373183552826	0.23938198731020302	0.24608069433451443
0.5172926006997125	0.23800868108498713	0.24469871821530048
0.5192015391930626	0.23578200083813897	0.24501645996879856
0.508150998095444	0.24578235739064988	0.2460666445139063
0.5117791325713306	0.24835654186575523	0.23986432556291437
0.5110661801913376	0.24414882415146993	0.24478499565719253
0.5204946278898717	0.2398559918080559	0.23964938030207245
0.5199193384721632	0.24085425409043812	0.23922640743739876
0.5159920177151124	0.2372862162810273	0.24672176600386045
0.5185117730022217	0.24355059686256333	0.237937630135215
0.5094077231264782	0.24225224277791518	0.24834003409560676
0.5201658280732775	0.23796614118339124	0.2418680307433313
0.5153423845092129	0.23706997825281773	0.24758763723796945
0.5130992494637193	0.24764442305309153	0.2392563274831892
0.5148744179901268	0.24184773202109594	0.24327784998877736
0.5087330043982663	0.23917442715271753	0.25209256844901634
0.512878260487313	0.2455130556213125	0.24160868389137458
0.520850650583453	0.2388778982984332	0.24027145111811385
0.5106491342308509	0.2419639456351893	0.24738692013395985
0.5142892453776964	0.23519263079530395	0.2505181238269997
0.5206647496451225	0.23899070993138188	0.24034454042349568
0.5139659334032914	0.24626641717172784	0.2397676494249808
0.5111998988213403	0.24362912705123488	0.24517097412742492
0.5155001615226089	0.24917345407379687	0.23532638440359427
0.5182356291126509	0.23920956950473016	0.24255480138261903
0.5170273089398504	0.23543732855439828	0.24753536250575142
0.51882310702946	0.23625056221779075	0.24492633075274928
0.5085903868887425	0.2465928318208207	0.24481678129043694
0.5139129843247685	0.2410595003646227	0.2450275153106089
0.5099854998900832	0.24585870307548077	0.24415579703443616
0.5208559691827419	0.23748023955581263	0.24166379126144552
0.5080938007744946	0.24261761242885682	0.24928858679664861
0.5172338250787616	0.24328733631802774	0.2394788386032107
0.5200941869617541	0.24282620955339818	0.23707960348484786
0.5143545985214777	0.24291225684518375	0.24273314463333862
0.5182599102851742	0.2383331204528324	0.24340696926199354
0.5117338124706309	0.24087235121290612	0.24739383631646306
0.5104294708384893	0.24224306350339325	0.24732746565811753
0.5164713282266247	0.24319994296372222	0.24032872880965322
0.5109316208146621	0.24294346498927644	0.24612491419606147
0.5186158497323331	0.24544442992897106	0.23593972033869595
0.5148905328056717	0.23731416435506636	0.247795302839262
0.5193580294907552	0.23561729151201202	0.24502467899723293
0.5225175372997909	0.23952963666346802	0.23795282603674123
0.51130845986214	0.2461542449548375	0.24253729518302253
0.5176428143407399	0.239991236395408	0.24236594926385224
0.5120389768339282	0.24829385518629402	0.2396671679797779
0.5123072714042032	0.24888231010450065	0.23881041849129622
0.5207819074050923	0.24405917597711602	0.2351589166177917
0.5153270963052146	0.23789961895971437	0.2467732847350711
0.5080194162344238	0.24766377841965373	0.2443168053459226
0.5171971093973002	0.2384482869576333	0.24435460364506656
0.5172592219676853	0.24517177861890957	0.23756899941340526
0.5130093501594961	0.2449509178807883	0.24203973195971565
0.5089580128866146	0.24914982405646577	0.24189216305691977
0.5225556417787933	0.2351503079326329	0.24229405028857387
0.5200334188230926	0.2441667187484268	0.2357998624284807
0.5138831720202972	0.2351313882299658	0.2509854397497371
0.5098908230710608	0.24565248898157052	0.24445668794736874
0.5119185484576624	0.24831415359260142	0.23976729794973628
0.5121641909810587	0.2419135796862999	0.24592222933264152
0.516443191858989	0.23663411619285546	0.24692269194815564
0.5122077966645173	0.24592262260082348	0.24186958073465936
0.5141963186098997	0.24480161061413835	0.24100207077596214
0.5178790492172491	0.23582846224281756	0.24629248853993344
0.5096106588560222	0.24288503128883449	0.24750430985514343
0.5199706359459598	0.24101284140876023	0.23901652264528003
0.5095951605013781	0.24664515721426924	0.24375968228435277
0.5227311762747986	0.24119199259337473	0.2360768311318268
0.5169861767148871	0.2415777488848696	0.24143607440024337
0.5177474395042646	0.24146906693367728	0.2407834935620582
0.5161459833807718	0.24428725368623821	0.2395667629329902
0.5217679752557883	0.23505012913698142	0.24318189560723039
0.5212455951055821	0.2423528096273457	0.2364015952670723
0.5204233130772375	0.23935379428868567	0.24022289263407692
0.5154919813070848	0.24409722149139873	0.24041079720151654
0.5162563545516792	0.24092325232439085	0.24282039312393006
0.5112947453264187	0.23597137738672666	0.2527338772868547
0.5145546561216441	0.23722447389681092	0.24822086998154513
0.5216637613806967	0.2392833768293341	0.23905286178996923
0.5231589851284496	0.23752625272148375	0.23931476215006672
0.5234254912588928	0.2398564494709494	0.2367180592701579
0.5093571636023038	0.2467177010956626	0.2439251353020337
0.5138659004933819	0.23808451416316595	0.24804958534345226
0.5150290574645587	0.23918075381608167	0.2457901887193597
0.5161343548080777	0.24640101669859205	0.23746462849333044
0.5113824793524759	0.2352940670384719	0.25332345360905223
0.511638968551112	0.24374481454566022	0.24461621690322782
0.5081832659552523	0.24216025455400825	0.24965647949073952
0.5109879242067257	0.23830843034934646	0.250703645443928
0.5161981268491683	0.23600540647245577	0.247796466678376
0.5112547054515442	0.24482527313601446	0.2439200214124414
0.5230608254328311	0.2365704966592505	0.24036867790791858
0.508366769107682	0.24577894986751797	0.24585428102480011
0.5136526553988213	0.2372758068742823	0.24907153772689644
0.5157293844309683	0.24386873517721502	0.2404018803918168
0.5209897558843686	0.23948634777317163	0.23952389634245985
0.5093267098799827	0.2418833954927688	0.24878989462724851
0.5214416938832901	0.23540983287606979	0.24314847324064018
0.5120963270957248	0.23821751592939447	0.24968615697488072
0.5168788167385086	0.24206453323616328	0.24105665002532822
0.5085692207632899	0.24625128742684263	0.24517949180986756
0.5145025431953323	0.24750202735540675	0.2379954294492611
0.5184942145243968	0.23995414038600926	0.241551645089594
0.5138858245126213	0.24643585765714945	0.23967831783022933
0.5079408777726484	0.24421032883542465	0.24784879339192703
0.5214013389459384	0.2382431183096955	0.24035554274436619
0.5101336181824793	0.24575705020207045	0.2441093316154504
0.5223894436615517	0.23563479713654753	0.24197575920190087
0.5175877637106281	0.23755259231879092	0.24485964397058116
0.5144592631290443	0.24270218952485495	0.24283854734610089
0.5214876659204818	0.24258331787249254	0.23592901620702578
0.5123899279903302	0.24229193550970182	0.24531813649996811
0.51686262665711	0.24080220792071647	0.24233516542217362
0.5121621834916067	0.24106038136212132	0.2467774351462721
0.5193740763321633	0.23737871015768133	0.2432472135101555
0.5128934013367226	0.23862451845157556	0.24848208021170196
0.5101699943656377	0.23809813189288803	0.2517318737414743
0.508534800864316	0.24167218548404695	0.2497930136516372
0.5099258700610289	0.2394154529792606	0.2506586769597106
0.5130709589897321	0.24254128184411608	0.24438775916615194
0.518718653344685	0.24007221726468334	0.24120912939063172
0.5137305033070525	0.2418152595712898	0.2444542371216579
0.5114712706978237	0.24397780295186353	0.24455092635031286
0.5092847473194434	0.23808517659762984	0.25263007608292687
0.5093057724879753	0.24929086361474706	0.2414033638972778
0.5087958914281414	0.2487656486779002	0.24243845989395854
0.5148117662833128	0.23836040457984986	0.24682782913683743
0.5163660975939424	0.24094509147809604	0.24268881092796168
0.5091643130622072	0.24871671528110686	0.24211897165668606
0.5182668127323296	0.23802009191564222	0.2437130953520284
0.5132211123315243	0.24909363297454143	0.2376852546939343
0.5226212223487225	0.24112899863120008	0.23624977902007743
0.5115099288993832	0.24728002536561575	0.24121004573500116
0.5156734090396942	0.24264245114664512	0.24168413981366083
0.5081981948991383	0.2440060881533069	0.24779571694755487
0.5117358950747327	0.23631994588211233	0.2519441590431551
0.5116141513746628	0.2378247344209368	0.2505611142044005
0.5148273597147967	0.2424247995762625	0.24274784070894093
0.5112028125612736	0.23980299474738248	0.24899419269134399
0.5147640433768803	0.23805533096281967	0.24718062566030005
0.5106823892919059	0.24920052062179984	0.24011709008629434
0.5209636338113405	0.24192798479462077	0.23710838139403884
0.5201538373718746	0.24325794718057228	0.23658821544755315
0.5223378965239345	0.23977188621581405	0.23789021726025164
0.5215771989107241	0.24275477302082465	0.23566802806845127
0.515298504367292	0.23812195943653935	0.24657953619616874
0.5131861131437858	0.24065699567721544	0.24615689117899883
0.5202349621130958	0.23965235846911434	0.24011267941778996
0.5185843034389355	0.24125895023240568	0.2401567463286589
0.5214736445708159	0.2366681659198076	0.2418581895093766
0.5183034320003229	0.23578063407447344	0.24591593392520372
0.5202533336996681	0.24115752534024631	0.2385891409600857
0.512515618925905	0.2357074938537511	0.25177688722034397
0.5121600115734303	0.24145076468686041	0.24638922373970937
0.5090704941370197	0.24011356774384493	0.2508159381191356
0.5173003430163079	0.24608359044775532	0.23661606653593686
0.5165356834530067	0.24033837227043653	0.24312594427655687
0.5142134986063004	0.24778156240208166	0.2380049389916181
0.5091769551316294	0.23818109642639268	0.25264194844197807
0.5130280127811386	0.24324040630551352	0.24373158091334793
0.5116256355178819	0.2424265262502006	0.24594783823191763
0.5095851766301995	0.24161144380926752	0.24880337956053306
0.5182872123813873	0.23517977870785978	0.24653300891075294
0.5108807518126194	0.23878035511112566	0.2503388930762551
0.5098314134164901	0.23782172072434074	0.25234686585916927
0.5236648141186524	0.23492880758802212	0.24140637829332562
0.5202663009587236	0.24135727528995948	0.23837642375131707
0.5223913274153174	0.2408318986234691	0.2367767739612136
0.5080353134936064	0.24190838692977584	0.2500562995766179
0.5128847344812184	0.24737926287554196	0.2397360026432397
0.513774469684551	0.24815572711469275	0.23806980320075635
0.5105975793117392	0.24594139311996058	0.2434610275683003
0.5122930571074616	0.2473783228576999	0.24032862003483857
0.5119472623710746	0.24896905706399738	0.23908368056492815
0.5127342979145775	0.24921954060504434	0.23804616148037827
0.5139953887812186	0.2451198638526048	0.24088474736617665
0.511038600860229	0.23570837074835965	0.2532530283914115
0.5221058912286939	0.2395677976697194	0.2383263111015868
0.5135931697111233	0.24528823686307663	0.24111859342580008
0.5160443313651641	0.24792862762856416	0.23602704100627186
0.5201223500221552	0.23861833987647352	0.24125931010137136
0.5179848944679926	0.24497133053251435	0.23704377499949317
0.5078957325076365	0.24848003648887135	0.24362423100349218
0.511895885607353	0.23519983122646804	0.2529042831661791
0.5108516871906165	0.23750705027077237	0.25164126253861124
0.5142517727796816	0.2439495247802002	0.2417987024401183
0.5189651195773533	0.24224212674959686	0.23879275367305003
0.5156498841399115	0.24241060810815762	0.24193950775193102
0.5193974252191815	0.24495981937267985	0.2356427554081387
0.5086172614998608	0.24469976380359781	0.2466829746965416
0.5129788196168824	0.2382591250113116	0.2487620553718061
0.5130093007300998	0.2417368092035291	0.24525389006637127
0.5207607929973967	0.2393102207214821	0.23992898628112125
0.5199150693194037	0.24449009015576445	0.23559484052483207
0.516646633885912	0.23550639449875038	0.24784697161533767
0.5197116861030108	0.2405294893734034	0.2397588245235859
0.5084983126037406	0.23710425903181212	0.25439742836444745
0.5128403106380263	0.24203816559989055	0.24512152376208327
0.5145096246246144	0.24710494715907771	0.2383854282163081
0.5232156008814817	0.23502867120512333	0.24175572791339506
0.5233447850869022	0.23639243083067424	0.24026278408242369
0.5090108493641456	0.24584768633835427	0.24514146429750017
0.517637172694099	0.2435480522822926	0.23881477502360848
0.518840121190169	0.2429235288836969	0.23823634992613413
0.515317239477947	0.24709608531212152	0.2375866752099315
0.5155423420479956	0.2466127233560131	0.23784493459599132
0.5106836602763547	0.242980799751562	0.24633553997208335
0.5090246196569981	0.24043966906694092	0.2505357112760611
0.5133045647451566	0.24782464003959728	0.2388707952152462
0.5234762844445547	0.24049545109926423	0.23602826445618116
0.5163616833209584	0.2397670725297214	0.2438712441493203
0.5188355166434	0.24055071831538063	0.24061376504121945
0.5150439788299082	0.23570431241952602	0.24925170875056593
0.5103091278097701	0.2383462699887425	0.25134460220148747
0.5110118763316914	0.24309666138209804	0.24589146228621067
0.5113310560188096	0.2363498938815819	0.25231905009960864
0.5142450193394057	0.24018112282134302	0.24557385783925134
0.5082908627839486	0.2467534812498568	0.24495565596619467
0.5200747034698926	0.24079340008586947	0.23913189644423805
0.5083096448472928	0.2453799380509724	0.24631041710173487
0.5164315141300699	0.24437480906924064	0.23919367680068954
0.5118387879328051	0.24315381534658093	0.24500739672061403
0.5098199548001996	0.24734961496814914	0.2428304302316513
0.5101112139282705	0.2387849218315619	0.2511038642401677
0.5117938726733725	0.23917636366843154	0.24902976365819604
0.513584329728863	0.23709995013632712	0.24931572013480993
0.5146938758368897	0.23574882791687501	0.2495572962462353
0.511349709674205	0.2401375545778236	0.24851273574797153
0.5114138102125718	0.24230105483166828	0.24628513495575993
0.5134839216750909	0.24876803239001472	0.23774804593489446
0.5163668220356491	0.24396555840865886	0.23966761955569216
0.5088529078712756	0.2397424502983775	0.25140464183034694
0.5234462203162302	0.23815416829176	0.23839961139200994
0.5171387376607878	0.23506915835338624	0.2477921039858261
0.5167996857626254	0.23770726430713282	0.24549304993024196
0.5114723189680932	0.24692834732754326	0.2415993337043637
0.5231494790450193	0.2414730506455135	0.23537747030946732
0.5103633851199505	0.24762448629526224	0.24201212858478743
0.516342764999778	0.24197073660193869	0.2416864983982833
0.5203876769209008	0.23918382442104627	0.24042849865805307
0.5228827659043153	0.23682426663389433	0.2402929674617905
0.5238340204831589	0.23562963633259087	0.24053634318425046
0.5102869188131253	0.24333698393865516	0.24637609724821968
0.5196569395797195	0.24514660359850818	0.23519645682177237
0.5112048149969041	0.24571560231584733	0.24307958268724872
0.5175409617137541	0.24269408399123224	0.23976495429501385
0.5220880335908187	0.24118311603451414	0.23672885037466723
0.514203855986004	0.24233376488204814	0.24346237913194796
0.5149097992270641	0.240836570001569	0.24425363077136703
0.5183508339839635	0.23781477847908	0.24383438753695655
0.5126338449525862	0.24008373895096793	0.24728241609644597
0.5117326863732832	0.24555352740696326	0.2427137862197537
0.5135981487432889	0.24566152951723913	0.24074032173947207
0.5153485792339457	0.2440949628064267	0.24055645795962766
0.5167606457693865	0.2455628283062361	0.2376765259243774
0.517986889637543	0.23655158873388377	0.24546152162857338
0.5136587671343693	0.23534535492178135	0.2509958779438494
0.5094432904258934	0.2449958250327535	0.24556088454135325
0.5167754624502922	0.2432950805691308	0.23992945698057716
0.5127245438624508	0.24406268121933086	0.24321277491821838
0.5119173631949694	0.24449324187007326	0.24358939493495751
0.5141222595650641	0.24515601958147062	0.24072172085346547
0.516521123400823	0.24712736143050354	0.23635151516867353
0.5178278972936309	0.2442007120742387	0.23797139063213046
0.5191102664732485	0.23961449784856562	0.241275235678186
0.5215571260168692	0.2398329940625285	0.2386098799206023
0.5083905293815212	0.24377292242360982	0.24783654819486914
0.5213262098466314	0.24141108647166704	0.23726270368170174
0.5083990684226827	0.23916811078325007	0.2524328207940674
0.5171371863843592	0.24236818766815366	0.2404946259474872
0.5138497956564739	0.24696979314150358	0.2391804112020226
0.5225598550144628	0.23680776075567878	0.24063238422985858
0.513203701922788	0.23765279386379393	0.24914350421341816
0.5095356213311424	0.23744120417458264	0.253023174494275
0.5099953138982354	0.23820082397618136	0.2518038621255833
0.5123070401453299	0.2415682860970299	0.24612467375764024
0.5124768485095219	0.24788145968499248	0.23964169180548564
0.5096019485990602	0.2421700854251409	0.24822796597579908
0.5125409711526269	0.2488689587127734	0.23859007013459982
0.5138547854400208	0.246233156046943	0.23991205851303626
0.5131383063101522	0.24871376203008724	0.23814793165976067
0.5151558554139397	0.24528325263160522	0.23956089195445518
0.5145138196904473	0.243144503672387	0.2423416766371658
0.5082902825663347	0.2416531075966922	0.25005660983697325
0.5085693115893136	0.24100952630942796	0.25042116210125853
0.5146427724155619	0.2387258522991305	0.24663137528530774
0.5113459859643017	0.23929109850211275	0.24936291553358567
0.5173498590228595	0.23941897441775178	0.24323116655938887
0.5162545833727458	0.23645045658527739	0.24729496004197693
0.5119148249912727	0.2477517947956437	0.2403333802130837
0.5150824026579868	0.24406044687713663	0.24085715046487677
0.5079093306483171	0.23863975973415902	0.25345090961752403
0.5151350438165655	0.2352942602671666	0.249570695916268
0.5079200863831552	0.24930915907348136	0.2427707545433635
0.5110347311909977	0.23530748525798548	0.253657783551017
0.5170002865097765	0.24032953722524925	0.2426701762649744
0.5095389905816347	0.23631044489096922	0.25415056452739626
0.5135275934558314	0.234922520360498	0.2515498861836706
0.5196222906880267	0.24078306809181754	0.2395946412201559
0.5157681665167244	0.23549004086369973	0.24874179261957585
0.5130127311415297	0.24569468884315582	0.24129258001531462
0.5092536689664282	0.24893846521196233	0.24180786582160962
0.5193549914960257	0.2368716909510174	0.24377331755295703
0.5085673941932428	0.2386404306105238	0.2527921751962335
0.5136113241754456	0.23832275398618916	0.24806592183836526
0.514315893278547	0.23670579962886426	0.2489783070925889
0.5162171345702943	0.24173785618407204	0.24204500924563377
0.5081223032873556	0.23960255287564275	0.2522751438370017
0.5081303372281002	0.24058249995687764	0.2512871628150223
0.508651200575554	0.2448681981152429	0.24648060130920318
0.512757630810193	0.23868190025926536	0.2485604689305418
0.5175307036807371	0.23703894578457593	0.24543035053468706
0.5198675611972783	0.23586615422265417	0.24426628458006766
0.5134978937230821	0.24003437719178672	0.2464677290851313
0.515652976604106	0.2480335050319974	0.23631351836389675
0.5142830381748997	0.24542302238663086	0.24029393943846955
0.514967755822645	0.23932141834039244	0.24571082583696266
0.5095428846221871	0.24420883534296184	0.24624828003485116
0.5190544458277668	0.2452248992059191	0.2357206549663141
0.5125265251056935	0.246742766373923	0.24073070852038356
0.51807076525952	0.23582008553849265	0.24610914920198745
0.5158801930875707	0.24028756491787295	0.24383224199455647
0.5094109704103932	0.24159970937783817	0.24898932021176876
0.5160943279432284	0.2481190467096959	0.23578662534707576
0.5167381560248754	0.2441168754758917	0.23914496849923297
0.5081372115572151	0.24829421345083877	0.24356857499194617
0.5176191037594055	0.2387312846819267	0.243649611558668
0.5117008357061466	0.2488519516618584	0.23944721263199514
0.5135388203535345	0.2359692041876097	0.25049197545885593
0.5081659934629603	0.23863481006159046	0.2531991964754493
0.5214529724100259	0.23598934266640448	0.24255768492356974
0.5140068219404068	0.2491426479017077	0.23685053015788557
0.5184402469530536	0.24619290226059337	0.23536685078635314
0.5206082586130185	0.23525289600116767	0.24413884538581396
0.5117486056540783	0.23936253737317043	0.24888885697275132
0.5201900897413156	0.23961826134500672	0.24019164891367775
0.5192123094250544	0.24120665241057898	0.23958103816436677
0.5089878400277583	0.24827483249483098	0.24273732747741084
0.513828371979161	0.24150889511195137	0.24466273290888782
0.5215404912617676	0.24233269389776324	0.23612681484046924
0.5131462022523849	0.24272907313744294	0.2441247246101722
0.5121876101649014	0.2363445116500627	0.25146787818503596
0.5155779368748029	0.2467537426045252	0.23766832052067197
0.5123475639179266	0.24208574307502234	0.24556669300705117
0.5105606666525611	0.23501630473084806	0.25442302861659094
0.5205330457189739	0.2435351573546667	0.23593179692635963
0.5100401553252136	0.23954502386688858	0.2504148208078979
0.5210405462431849	0.2417089776813586	0.23725047607545663
0.5190195668016659	0.23782913663550714	0.24315129656282708
0.5225784837510958	0.23853265215732145	0.23888886409158275
0.5184295200081713	0.23844299542272757	0.24312748456910122
0.5109670731445515	0.2426976728243492	0.2463352540310994
0.5218016666938707	0.24054636797225548	0.23765196533387384
0.5117464765089812	0.23795764078712248	0.2502958827038964
0.5170186844780118	0.24346154710924323	0.23951976841274517
0.5084219970983874	0.23772654716416813	0.2538514557374446
0.5145274716838046	0.24340305005109455	0.24206947826510092
0.5163017656300473	0.2467174814759723	0.23698075289398057
0.5111008940495052	0.23661958293268237	0.25227952301781253
0.5125812158983125	0.24893465835554648	0.2384841257461411
0.5232432759443642	0.2383396837426255	0.2384170403130104
0.520947100998645	0.2427361165707968	0.23631678243055831
0.5187869785882437	0.2441414625326681	0.23707155887908826
0.5215988836194616	0.2356690244762216	0.24273209190431688
0.5182086679607562	0.23724088760556292	0.244550444433681
0.5151510890689595	0.24350623249434047	0.24134267843670013
0.5228555987011086	0.23598084305342804	0.24116355824546337
0.5143733299067581	0.23658241665061036	0.2490442534426316
0.5093513649309773	0.24800552130787515	0.2426431137611477
0.5157543186573024	0.2457375713822904	0.23850810996040736
0.5157841669720236	0.23741339089959343	0.24680244212838315
0.5212696157825327	0.23778070444817626	0.2409496797692912
0.5095102183575111	0.2426749628422359	0.24781481880025316
0.5228477314538609	0.23948149309687985	0.23767077544925938
0.5127281936032855	0.24340269112200486	0.24386911527470972
0.5125461738793402	0.2391397120295473	0.2483141140911126
0.5127447882318255	0.24398913973991324	0.2432660720282614
0.514187910298251	0.24618831617321393	0.23962377352853528
0.5131672482817486	0.23862223656630255	0.24821051515194897
0.5199705519808822	0.2423970140220371	0.23763243399708084
0.5091479892500187	0.24007265581692291	0.2507793549330585
0.5127971553622201	0.24613595530905663	0.2410668893287234
0.5118942316377477	0.24573322318046978	0.24237254518178258
0.5140237893374464	0.2434126351858174	0.24256357547673618
0.5164160519223349	0.23500796049064301	0.24857598758702218
0.5126015281273814	0.2371413607735422	0.25025711109907656
0.5138242040987148	0.24665526724493816	0.23952052865634715
0.510984185555949	0.24537268932688566	0.24364312511716543
0.52073854546585	0.2400433207739558	0.2392181337601943
0.5145867201485341	0.24890275683458402	0.23651052301688197
0.5215516194566622	0.24075951879226015	0.23768886175107776
0.5218820390778794	0.23808931853932638	0.24002864238279426
0.5099767039135376	0.23704559612070392	0.2529776999657586
0.5204484220259665	0.24346772585166063	0.23608385212237298
0.5109020199894145	0.24620753557851743	0.2428904444320682
0.5170749577785332	0.23992652350557986	0.2429985187158871
0.5136312405999327	0.24662476303927752	0.23974399636078986
0.5155699017225329	0.23843964195524217	0.245990456322225
0.5150192922174036	0.24217832344673998	0.24280238433585652
0.5164763036037914	0.24227532718851996	0.2412483692076888
0.5106692193710758	0.2350606102882628	0.2542701703406615
0.5203612160721207	0.24448446929543527	0.23515431463244407
0.5160454530108297	0.237475055894162	0.24647949109500833
0.5177825636730781	0.2439304478929662	0.23828698843395585
0.515902795756177	0.2431392713729546	0.24095793287086842
0.5156682372210162	0.2453758490204362	0.23895591375854774
0.5124733313629635	0.24349689650578096	0.24402977213125562
0.516678829068089	0.23506988581478122	0.2482512851171299
0.5216437125197297	0.23679846509366761	0.24155782238660278
0.5100834657261654	0.2490237406810267	0.24089279359280802
0.5156201812847225	0.2417110827127137	0.24266873600256386
0.5177807726484427	0.235969907950425	0.2462493194011324
0.5104854702355122	0.24742493179551125	0.24208959796897672
0.5161035540937011	0.24193541869171303	0.24196102721458593
0.5174052861122574	0.2421954523639937	0.24039926152374896
0.508339641910738	0.23994408278625587	0.2517162753030062
0.5104499663839295	0.24789092884134306	0.24165910477472763
0.5137906123902549	0.24746286320640434	0.2387465244033408
0.5200429419508873	0.2385683221761603	0.24138873587295254
0.5080680214908584	0.2466102835853629	0.24532169492377878
0.5149577370931306	0.23541491699480208	0.2496273459120673
0.5156770980437777	0.2393511567508591	0.24497174520536322
0.5186262227022255	0.23698392055965772	0.24438985673811695
0.5185650594692983	0.23596905145200964	0.2454658890786922
0.5183615457549346	0.2425110161801284	0.23912743806493703
0.5197109765638976	0.23536770151106629	0.24492132192503624
0.5105248809500189	0.23823988654087588	0.2512352325091053
0.5135176578553646	0.24745072142327512	0.2390316207213604
0.515045256871695	0.2429458759998174	0.24200886712848774
0.5098379472980528	0.23711941709016454	0.25304263561178286
0.513011495049921	0.23709456462742856	0.24989394032265047
0.5200844090644008	0.24141878755663204	0.23849680337896723
0.5095434683792827	0.24149727860023817	0.24895925302047928
0.5153236651092226	0.24381487250059364	0.24086146239018386
0.5185567347516801	0.24444096379829658	0.23700230145002343
0.517212282037667	0.23758602328301498	0.24520169467931807
0.5105371125063565	0.23803709259129624	0.2514257949023474
0.5224242421653873	0.24229163957102487	0.23528411826358792
0.5170670801790673	0.24694630843522494	0.23598661138570792
0.5165267512313096	0.23547645003141043	0.24799679873727998
0.516338585469779	0.24220505604827677	0.24145635848194436
0.5112589243004986	0.2396765094750669	0.2490645662244347
0.5162793359165436	0.24537093856051845	0.23834972552293798
0.510875653370005	0.23781658116390908	0.251307765466086
0.5171930676633942	0.24413452696106763	0.23867240537553827
0.5091941705628774	0.23695613291255166	0.25384969652457107
0.5118447778396926	0.2423105598974976	0.2458446622628099
0.5198463967874574	0.2418460170996355	0.2383075861129072
0.5108601778369516	0.2428016224672859	0.2463381996957626
0.5123566637461003	0.2374802721203125	0.25016306413358724
0.5161623754187906	0.2410012859420911	0.24283633863911838
0.520314056425832	0.24203050160096717	0.23765544197320093
0.5232060400264841	0.23538048780980522	0.24141347216371084
0.5086551492564153	0.2402971618021264	0.25104768894145846
0.5148693284470609	0.24868986991464853	0.23644080163829068
0.5216571701879211	0.23862234540751381	0.23972048440456517
0.5201118530942181	0.24063521900772408	0.2392529278980579
0.5089035392243036	0.23740181485075512	0.25369464592494134
0.5175425877325461	0.23757928311810353	0.24487812914935053
0.5086016962589255	0.24459334634341098	0.24680495739766367
0.5082634018164206	0.23896915877494335	0.2527674394086362
0.5222514392560846	0.23935304377896457	0.2383955169649509
0.5199662457808745	0.2420921151609029	0.23794163905822274
0.5207735628542207	0.23998252358526095	0.2392439135605185
0.5160868730133129	0.24106403192953552	0.24284909505715166
0.5117215314536044	0.2352955402878419	0.2529829282585538
0.5234719702171039	0.23703353768679689	0.2394944920960993
0.5138711379592927	0.2463121848202336	0.23981667722047378
0.5176612169821324	0.24086446799501604	0.24147431502285172
0.5083140577706841	0.2480585955533383	0.2436273466759777
0.5154439346294039	0.2478183710777717	0.23673769429282454
0.5084588202573566	0.24498258330586997	0.24655859643677358
0.5111511455155693	0.24306486300134478	0.24578399148308602
0.5184560595274317	0.24466274290055712	0.23688119757201137
0.5154555098355038	0.23680633923890435	0.2477381509255919
0.5161793604884031	0.2372996327684276	0.24652100674316949
0.5206095535644585	0.24056896472363895	0.23882148171190265
0.519844596463672	0.24256033584487807	0.2375950676914501
0.5155463287888121	0.24611112276869718	0.2383425484424908
0.5119638279428207	0.24668487132370712	0.24135130073347222
0.5139531524753269	0.24411804418314054	0.24192880334153266
0.5167012322468356	0.24766324893434333	0.2356355188188211
0.5098685331079996	0.23726903260474563	0.2528624342872548
0.5194184695292745	0.23868434466691443	0.24189718580381112
0.5231248275449183	0.24092151270128648	0.2359536597537954
0.5086229292498615	0.2384663422728688	0.2529107284772698
0.5151760456275508	0.24197953071042347	0.2428444236620258
0.5120054581292663	0.2449445030231156	0.2430500388476181
0.5189606965830829	0.24260075476366932	0.2384385486532479
0.5169436402573787	0.23824207157608618	0.2448142881665352
0.5092767813081049	0.2377843411201263	0.25293887757176886
0.5164999578167737	0.2443529180619565	0.2391471241212699
0.5170237036113224	0.23612811231021744	0.24684818407846026
0.5203819381185204	0.2433167437415576	0.23630131813992214
0.5220444665080204	0.2405822449932218	0.23737328849875783
0.5150107663977229	0.2352211689966737	0.2497680646056035
0.513484425007402	0.23687349726382895	0.24964207772876917
0.5181398803380772	0.23546618820654328	0.24639393145537966
0.51733245523645	0.2399439196830067	0.2427236250805434
0.5086602574445789	0.2493101151681199	0.24202962738730138
0.5095329521966474	0.24408549371447752	0.24638155408887516
0.5159116644496657	0.2479355393840689	0.23615279616626542
0.5220353892261576	0.24236089932521543	0.23560371144862718
0.5232687545090311	0.23923678212178034	0.2374944633691886
0.5148693549494806	0.24095382088423423	0.24417682416628528
0.5180848724608202	0.23700372101414116	0.24491140652503865
0.5235193035221002	0.23798306202893243	0.23849763444896743
0.5221374268468165	0.2389048261569245	0.23895774699625907
0.5109746115840417	0.24702201540757374	0.2420033730083847
0.5148635975401905	0.2450663958277357	0.2400700066320739
0.5164844997261006	0.2413263505091927	0.24218914976470682
0.5143600132363083	0.23525805761862323	0.2503819291450686
0.5187121008467326	0.24361214948728277	0.23767574966598476
0.5220595143180001	0.23717623414488032	0.24076425153711967
0.5159033282048143	0.2458498744980837	0.23824679729710205
0.5159601785291764	0.23725806065201926	0.2467817608188044
0.5086864057120648	0.24684027714359635	0.24447331714433898
0.5096507297042893	0.23709626182889815	0.25325300846681265
0.5109343610971339	0.2476059139512456	0.24145972495162063
0.508697838565412	0.24056185035079047	0.2507403110837977
0.5215903324940353	0.23664553875474104	0.24176412875122377
0.5127573268305915	0.24773959022979436	0.23950308293961425
0.5112502407962116	0.24512293317133785	0.24362682603245067
0.5194730823163698	0.2355553469343593	0.24497157074927106
0.5128667178669634	0.23525764319678302	0.2518756389362537
0.5176758552531815	0.24032322172538506	0.24200092302143353
0.5113949239638955	0.23487615504565762	0.253728920990447
0.5135964597556619	0.2376253025144701	0.24877823772986812
0.5149720943470089	0.23603780522779172	0.24899010042519945
0.5141918807582333	0.2408387618490921	0.24496935739267472
0.5159584687330404	0.24128588249418959	0.24275564877277012
0.5144027075138868	0.2421839253259065	0.24341336716020678
0.5224594266640384	0.2362532749773061	0.24128729835865553
0.5118565572374558	0.23840666846137532	0.249736774301169
0.5200367361753971	0.24396876025252534	0.2359945035720776
0.5145808516411037	0.2408211336099644	0.24459801474893209
0.510671400955627	0.24007763394692516	0.24925096509744785
0.509232707709274	0.23638638092379824	0.2543809113669278
0.5182919060691421	0.24520195451187873	0.23650613941897927
0.5227035913750717	0.23865340615818798	0.23864300246674042
0.511482141074234	0.24061976583731803	0.2478980930884481
0.5120685995137855	0.2397893127598069	0.24814208772640767
0.516974281952608	0.23768706498436293	0.2453386530630292
0.5197839305252532	0.23906340464784956	0.2411526648268974
0.5195525449660294	0.2428932167142252	0.2375542383197455
0.5151743227963489	0.24861713581320416	0.23620854139044706
0.5197174114478267	0.24061852625666977	0.23966406229550358
0.5096368476268628	0.23943293775234928	0.2509302146207881
0.5168185395299711	0.23785812991986852	0.24532333055016048
0.5187937593311296	0.2395392371936852	0.24166700347518535
0.5094310208103565	0.24236925912394094	0.24819972006570262
0.5196238601920318	0.24143045667252455	0.23894568313544376
0.5186449965350988	0.2441934132206748	0.2371615902442265
0.523689296429977	0.2349997277280645	0.24131097584195868
0.5213657717161169	0.2398789847085841	0.23875524357529915
0.5229113442478149	0.24034196449063486	0.2367466912615503
0.5098756778646341	0.24449820392268756	0.24562611821267843
0.5090538997577163	0.24618232046104535	0.24476377978123842
0.5099486598549681	0.23906369166237967	0.2509876484826524
0.5115753727969701	0.24488526927068305	0.24353935793234702
0.5129989980821392	0.24659927146858265	0.24040173044927826
0.5179352562233988	0.24134317341742909	0.2407215703591722
0.517861920899821	0.24037334405318117	0.24176473504699791
0.5146699810300498	0.24207149743339063	0.24325852153655964
0.5161377540403945	0.2434796651156351	0.2403825808439705
0.5181749907697386	0.2393129301006642	0.24251207912959724
0.507868626324452	0.24218443172144016	0.249946941954108
0.5155368634965474	0.23737115629481448	0.2470919802086382
0.5144028579013439	0.23787029981799482	0.24772684228066139
0.5161380579472071	0.2359596212730444	0.24790232077974855
0.5176691462921554	0.23998477735719514	0.24234607635064948
0.5114176943086194	0.23832360888459658	0.25025869680678414
0.5134085298338742	0.24182928415533966	0.2447621860107862
0.5128726554150225	0.24667678070405288	0.24045056388092478
0.5110611816459549	0.2361927456491157	0.25274607270492944
0.5089913344396415	0.2400396860687925	0.25096897949156605
0.5140414542211271	0.24271439980252799	0.243244145976345
0.5141017013546099	0.2460496765682283	0.23984862207716193
0.512939799274685	0.24487011214028898	0.24219008858502605
0.5124270187471434	0.235164660888061	0.2524083203647957
0.5096428510909905	0.2407517937766904	0.24960535513231916
0.5181928696267991	0.2352264760402567	0.24658065433294424
0.5139246241931041	0.24690820591511545	0.23916716989178055
0.520728815070225	0.24056509273862103	0.23870609219115416
0.5086624151249677	0.24202877564852276	0.2493088092265097
0.512741616526281	0.24716622411177255	0.24009215936194647
0.515942207044976	0.2449618511373303	0.2390959418176939
0.5171471419249583	0.24151775568329256	0.24133510239174924
0.5087612407792069	0.24570601154072716	0.24553274768006605
0.5148720420124155	0.24141724617457347	0.24371071181301104
0.5193035366229263	0.24278326680118303	0.23791319657589083
0.5145892022434357	0.245130209574056	0.24028058818250841
0.5229835649139023	0.23771206901352337	0.2393043660725744
0.517161933988502	0.2425506553292998	0.2402874106821983
0.5139201121772954	0.247194072273285	0.23888581554941973
0.5160721852205724	0.2443641898264683	0.23956362495295938
0.5116817798308151	0.242512673904255	0.24580554626493006
0.5191503429524483	0.24216337316034212	0.2386862838872097
0.5233663530259831	0.23906676851986736	0.23756687845414964
0.5133977108288004	0.2452915856001197	0.24131070357108003
0.5159539126347934	0.24850271792153253	0.2355433694436742
0.5152398900730404	0.2430665176247042	0.24169359230225554
0.5103782239758321	0.24499161334550867	0.24463016267865925
0.5153483053568484	0.23990654553251592	0.24474514911063586
0.5080577759033837	0.24877265687721123	0.24316956721940514
0.514840553608193	0.23721991694015623	0.2479395294516508
0.5210784618971145	0.24315271810879818	0.23576881999408733
0.5191459541530017	0.24331253773787093	0.2375415081091275
0.5203283077821331	0.24130807246183172	0.23836361975603526
0.5146927324754794	0.24280884361689842	0.24249842390762225
0.5124981858668013	0.2483247655904631	0.23917704854273575
0.5105252652425639	0.24173489316080182	0.24773984159663434
0.5206622201094627	0.2410815251891888	0.23825625470134856
0.5106147860455279	0.24643496655275673	0.24295024740171547
0.5153331264302823	0.24590354161083164	0.23876333195888616
0.5115041713837929	0.24039340095892076	0.2481024276572864
0.5081244798083987	0.23880584572220398	0.25306967446939743
0.5195394229846877	0.2376326755554812	0.24282790145983116
0.510530900387519	0.23935341859548362	0.25011568101699744
0.5163327417974705	0.24459281826123785	0.2390744399412918
0.5144623638016703	0.23532231318828967	0.25021532301004
0.5206545078320912	0.23766819615161042	0.24167729601629845
0.518070016684821	0.23681879674696188	0.24511118656821723
0.5094668543032692	0.24580318965556566	0.24472995604116524
0.5208527124266658	0.23834688039682023	0.2408004071765141
0.5090355212860608	0.24560391424218941	0.24536056447174995
0.5098799816202698	0.23592282315780108	0.2541971952219292
