0.3483850445983716	0.40482644493362235	0.24678851046800615
0.35289068006961627	0.39627279244532454	0.25083652748505936
0.3492923351799656	0.4020620692266339	0.24864559559340066
0.34898907683917396	0.4004826994766405	0.25052822368418565
0.3555581568964747	0.397503657637979	0.24693818546554636
0.3511068365613136	0.40071759540307683	0.24817556803560972
0.3484042183788091	0.39985838688837794	0.2517373947328131
0.35237746571226175	0.39941674075280986	0.2482057935349285
0.3465718749645511	0.4024284958928988	0.2509996291425502
0.34976942506766756	0.4003381028180346	0.2498924721142979
0.3531975209824977	0.3994529017604493	0.24734957725705317
0.34411064979522865	0.40474646794730107	0.2511428822574704
0.3499091897243776	0.39865294744081037	0.2514378628348122
0.3521566766434636	0.4019772967026498	0.24586602665388668
0.34525571459207793	0.404819795444175	0.24992448996374717
0.3484745556738095	0.4004184613687576	0.251106982957433
0.3534560849425428	0.39988360533845035	0.24666030971900693
0.34985176481860314	0.4006303982930317	0.2495178368883652
0.34579155470538536	0.4043927973346121	0.24981564796000272
0.3481452097704388	0.404987472650182	0.24686731757937935
0.34853715809714053	0.4023973068775559	0.24906553502530368
0.3527948017002754	0.3954917072994276	0.2517134910002971
0.35735282585631784	0.39567795806699274	0.24696921607668954
0.3488548255961139	0.40507231075724875	0.24607286364663747
0.35478221805460775	0.39561839644688124	0.24959938549851113
0.35136503283489	0.3968664207057745	0.2517685464593356
0.3497049139540576	0.39983361006984364	0.25046147597609886
0.3452358998265272	0.40431743392990127	0.25044666624357165
0.35407108351020655	0.3973662827322362	0.24856263375755736
0.3503133653965821	0.40338372320978527	0.24630291139363275
0.3475290205256608	0.4006328213038486	0.2518381581704907
0.3556752335431106	0.3969862500372676	0.2473385164196219
0.3558726854233455	0.39783007717124186	0.24629723740541273
0.3531254084664686	0.3958966649744878	0.2509779265590437
0.3467291204395437	0.404956961870954	0.24831391768950245
0.35261796492956177	0.3984234983575387	0.24895853671289964
0.3536231706410732	0.3985026737839565	0.2478741555749704
0.3513401605832658	0.39776528691996904	0.25089455249676523
0.3577966429105071	0.3966801016392041	0.24552325545028889
0.35176452037889094	0.3974858561693473	0.2507496234517618
0.3524225788442862	0.39789433901410726	0.24968308214160667
0.34998102719118446	0.40060574881651034	0.24941322399230528
0.3516123820472823	0.3986963934470529	0.24969122450566494
0.3470796197552563	0.40305033515988675	0.24987004508485705
0.35174095822618034	0.4022934952833367	0.24596554649048308
0.34844586764573043	0.40531261403732055	0.2462415183169491
0.34540162782805656	0.40382486021557573	0.2507735119563679
0.3537484626293906	0.3986836186349292	0.24756791873568038
0.3489835962906598	0.4015772809247622	0.24943912278457817
0.3462805614808522	0.40491645583669705	0.24880298268245088
0.3477539475380707	0.402207366299037	0.2500386861628924
0.3471595653780404	0.4045810181185436	0.24825941650341612
0.35343860298161717	0.39811108528598227	0.24845031173240067
0.3479457201118404	0.4020669078519208	0.24998737203623891
0.3511426072128653	0.4025918704002485	0.24626552238688626
0.3493301283734946	0.40062095934891573	0.25004891227758985
0.3469941735680438	0.4013095549488092	0.2516962714831471
0.3547348073106395	0.3955535151397199	0.2497116775496407
0.34871834358994047	0.40026197824591936	0.2510196781641402
0.35488158993913665	0.3984703235221406	0.24664808653872278
0.3547037676457762	0.3986575612700235	0.2466386710842004
0.356263931955019	0.3975292237297537	0.24620684431522744
0.3552998170103428	0.3967961356921225	0.24790404729753476
0.34925097453448894	0.40278027586898846	0.24796874959652274
0.35078090381185023	0.40084047695631553	0.2483786192318343
0.3488232221799742	0.4028623330582924	0.24831444476173353
0.35289006961898556	0.40006139701071164	0.24704853337030294
0.3545038857164722	0.39657893414605205	0.24891718013747582
0.3471786140102488	0.4039165592358425	0.24890482675390874
0.3513445066615704	0.40145166707770863	0.24720382626072107
0.3469257227291982	0.40428879150620645	0.24878548576459547
0.34452320026333755	0.40520999134145785	0.25026680839520477
0.35519670372001144	0.3982771011025353	0.24652619517745336
0.3566309172207715	0.39564901242862704	0.24772007035060153
0.3482896336222294	0.404681692199345	0.24702867417842567
0.34662963570121835	0.40540191286282684	0.24796845143595492
0.3510049276050504	0.40011286877864244	0.24888220361630728
0.35584028058796074	0.3972404038414812	0.2469193155705582
0.3513747633678921	0.40194533533390053	0.2466799012982075
0.35106684945825095	0.40196792169366113	0.24696522884808803
0.3452956184849074	0.4036742057573402	0.25103017575775244
0.3548902112655044	0.399580397356896	0.24552939137759971
0.34820809063916025	0.40185886343332106	0.24993304592751883
0.347257185523535	0.40462397229355523	0.24811884218290983
0.34628777654811543	0.40420431701347115	0.24950790643841353
0.3529107675582618	0.3962166410020739	0.25087259143966445
0.34977579769626976	0.40150438054015014	0.24871982176358023
0.3515448368307006	0.40064129677874394	0.24781386639055558
0.3491166280367075	0.4052296421276085	0.24565372983568412
0.35000153768132924	0.40083783202334455	0.2491606302953263
0.3436946013293623	0.40486835301654467	0.2514370456540932
0.3549718785428553	0.3968690124010694	0.2481591090560754
0.35132853959933874	0.40186156615426416	0.24680989424639715
0.3512127957708089	0.39816815126248684	0.2506190529667044
0.35460086381147543	0.39537368835203596	0.2500254478364887
0.34707260627209613	0.40374353633958127	0.24918385738832274
0.35696607506673594	0.3967549546335681	0.2462789702996961
0.3519677561063144	0.4019254696921773	0.2461067742015084
0.35239967141163653	0.3980900641602495	0.24951026442811408
0.3545671939281065	0.3966190343345485	0.24881377173734517
0.3479094761287011	0.4053796332252237	0.24671089064607532
0.3550783891085928	0.3981764003471257	0.24674521054428164
0.3486936744018832	0.4049900035133275	0.2463163220847894
0.35083023871256996	0.40030378515126985	0.24886597613616027
0.34443943112003117	0.40386151402004006	0.2516990548599289
0.3550754134143762	0.3972486240888927	0.24767596249673124
0.3485323189359082	0.4006530346517694	0.25081464641232254
0.35192834523132155	0.40203635838653845	0.24603529638214014
0.3504840478943705	0.40235002792645314	0.2471659241791765
0.34995527437580876	0.3991585585850212	0.25088616703917016
0.3571605650930657	0.3959026701041461	0.2469367648027883
0.3531345120155482	0.3966517995704747	0.2502136884139772
0.34850616400064244	0.40075356328875034	0.25074027271060734
0.3493980070473716	0.4015778128919099	0.24902418006071858
0.3505162360511781	0.403408387843506	0.24607537610531602
0.34536186722753437	0.4052419318054854	0.2493962009669803
0.34874389718668886	0.40404650291965877	0.24720959989365243
0.3529769504541776	0.4015406902219586	0.24548235932386392
0.3478640738472	0.40495325271501054	0.2471826734377896
0.3513450082807807	0.40028424888880787	0.24837074283041155
0.35067229017655854	0.39969673616393797	0.2496309736595036
0.34907058746415554	0.40003160382135156	0.25089780871449296
0.34694847508709403	0.4052077778098242	0.24784374710308188
0.34866232586206053	0.4037109662863564	0.2476267078515832
0.3494583855010165	0.4003463398976617	0.2501952746013219
0.3497575982426303	0.4014163504472624	0.24882605131010738
0.3484214264934963	0.4004284055692044	0.2511501679372994
0.34951034466631115	0.40016808900187967	0.25032156633180924
0.35316589776604934	0.39885193281531917	0.2479821694186316
0.35246394643993395	0.3957543461128087	0.25178170744725753
0.34869144990801937	0.4053595645225966	0.24594898556938422
0.3555629423380297	0.39626740111427383	0.24816965654769657
0.3458870330152988	0.40526532810817406	0.24884763887652725
0.35149707434420246	0.3981607895208217	0.25034213613497597
0.35514105105448546	0.3966870498764654	0.24817189906904927
0.35254806682329853	0.39809461672846186	0.24935731644823975
0.34926527792665624	0.4003755436483362	0.25035917842500766
0.3447930464781449	0.40494000153009385	0.25026695199176135
0.3530022806844646	0.3956385162117432	0.25135920310379234
0.35572071752352613	0.3983953421741835	0.2458839403022905
0.35398473055367685	0.4000354956284682	0.24597977381785505
0.3530665937008893	0.40082733462295894	0.2461060716761519
0.3466179009806766	0.4026324839027422	0.25074961511658134
0.3508280513030878	0.39768758503903917	0.2514843636578732
0.35185039969048776	0.4006810179614224	0.24746858234808994
0.34938255365137055	0.40305119211619744	0.24756625423243211
0.3528633291764762	0.3955353072312855	0.25160136359223845
0.3512103993598049	0.40069777615768676	0.2480918244825084
0.35005691679925394	0.40368583644240397	0.24625724675834226
0.35126596734287896	0.3995776486269198	0.24915638403020135
0.34483054386525075	0.40402257164376637	0.251146884490983
0.3489237459242621	0.39927033303961906	0.25180592103611893
0.3490831846654972	0.40052284964651175	0.25039396568799116
0.3502013318100046	0.40174142564434967	0.24805724254564582
0.3469246841978003	0.40246093525197524	0.2506143805502246
0.3514235370221339	0.397658751766987	0.2509177112108792
0.35214706578703564	0.39748574709799833	0.2503671871149661
0.3569020055612442	0.3967175294100935	0.24638046502866243
0.34937921005651795	0.4029731649489332	0.247647624994549
0.3522557851571172	0.4015361708187307	0.2462080440241522
0.34915745410767995	0.4024147552641653	0.24842779062815484
0.3504791263135819	0.3982323595966155	0.2512885140898027
0.356888813784467	0.3962426576601035	0.2468685285554296
0.3561619766153567	0.3975220115603366	0.2463160118243068
0.3527136245226967	0.3986434926700919	0.24864288280721147
0.35313198699909754	0.4002734618995121	0.2465945511013905
0.3469189633190237	0.40528693059536164	0.24779410608561475
0.35599084139554954	0.3967174716588581	0.24729168694559245
0.3510709407665402	0.3978741450939326	0.2510549141395273
0.350131452478046	0.4043494567812485	0.2455190907407056
0.35188672359018297	0.40119188830495234	0.24692138810486475
0.3510956045596746	0.398764567725686	0.2501398277146395
0.34974766633295334	0.40075336679304885	0.24949896687399797
0.34623993376684686	0.4035624179437146	0.25019764828943863
0.35476366649411345	0.39729623243958334	0.24794010106630332
0.34775059557558763	0.4026780313508492	0.2495713730735633
0.34506079751880747	0.40396366014599566	0.25097554233519703
0.345167455115833	0.4038707148005084	0.2509618300836587
0.3452369664391769	0.4037931659433548	0.2509698676174684
0.3504704636088537	0.3983924013552441	0.2511371350359023
0.3495300030542359	0.40429832797560783	0.24617166897015633
0.3574223345220264	0.39601181712274675	0.246565848355227
0.35331628345839683	0.39801656783291833	0.24866714870868492
0.35187044383367405	0.4001385535026571	0.2479910026636689
0.3473460714075184	0.401972185645356	0.25068174294712575
0.35036319480057065	0.40027961610323287	0.24935718909619659
0.3541149735979602	0.39617259380911873	0.24971243259292117
0.35480123318052936	0.3997062206388674	0.2454925461806033
0.3535571277915996	0.39627139058818805	0.2501714816202124
0.3532258003477118	0.3961312027496666	0.2506429969026217
0.35168612711281677	0.3977826484070232	0.2505312244801601
0.35642145722106133	0.3972146222270698	0.24636392055186895
0.35346413032305507	0.40025523549682585	0.2462806341801192
0.3478565434385772	0.4021181293400319	0.25002532722139104
0.35415287767503956	0.3962815768735747	0.2495655454513859
0.34855026807171857	0.40251813537686454	0.248931596551417
0.34620570032453724	0.40212041993962866	0.2516738797358342
0.34587354254257874	0.40407746499615366	0.25004899246126766
0.35306891747775937	0.3999478118029632	0.24698327071927753
0.3472769679085846	0.40134380982549844	0.2513792222659171
0.3449522628889116	0.4034985916221393	0.2515491454889492
0.35487483241838613	0.3967704425067565	0.24835472507485742
0.35149218200854354	0.40310607352075223	0.24540174447070434
0.35435281822567705	0.3974515986010391	0.24819558317328394
0.3538837180935087	0.3954754813410842	0.2506408005654073
0.3531853153101773	0.3996800271817385	0.24713465750808428
0.35140388979171044	0.4024348334342587	0.246161276774031
0.3520551081502529	0.3968231524964887	0.2511217393532585
0.3493676274321954	0.39968935035638375	0.25094302221142095
0.3506497004775634	0.4004288741942343	0.2489214253282025
0.35187155924994784	0.4009368099901228	0.24719163075992945
0.3476624923433105	0.40224742250178896	0.25009008515490067
0.34782118427590775	0.40229308534173014	0.24988573038236223
0.35560934999169086	0.39849824174485315	0.2458924082634561
0.3459040307389301	0.403127024554691	0.250968944706379
0.3503209653960717	0.4031348328395856	0.24654420176434275
0.3473581112987972	0.4025784305321217	0.2500634581690812
0.34878306054641145	0.4041789790961711	0.24703796035741754
0.3498429905435385	0.40164081748015024	0.2485161919763113
0.3564288114120533	0.39588176760257576	0.247689420985371
0.3547879013197664	0.3978626446446691	0.24734945403556466
0.34653898088907964	0.402908794314627	0.25055222479629347
0.35062975096447946	0.4009246674298269	0.24844558160569374
0.3503931724124695	0.40148820307714705	0.24811862451038358
0.34946263704427594	0.4042200314909281	0.2463173314647961
0.3542620824521599	0.3988129558607973	0.24692496168704295
0.35793865010825476	0.39633748826607995	0.2457238616256654
0.34977395445827525	0.40323231407363097	0.2469937314680939
0.34925746807207825	0.3993796572790272	0.2513628746488947
0.3523919885032741	0.39803099823949406	0.24957701325723192
0.34937416767504686	0.3989046801492642	0.251721152175689
0.3461624227096101	0.40373994978054945	0.25009762750984055
0.3523640253802152	0.4015157044217871	0.2461202701979978
0.3512945239109537	0.40081659851418605	0.2478888775748604
0.350970185391112	0.39870290929646307	0.250326905312425
0.3517999101390291	0.39636177802856337	0.2518383118324076
0.3525739435966789	0.4007771808242387	0.24664887557908255
0.353593021170723	0.39970630599851226	0.24670067283076488
0.35548975554771145	0.39637041545456003	0.2481398289977286
0.35258687355297985	0.40188388848329654	0.2455292379637237
0.3490274916243773	0.40481302496497923	0.24615948341064361
0.35004035790764076	0.39908352328046603	0.2508761188118933
0.3451414734743692	0.4034642201159735	0.2513943064096575
0.35067102328960725	0.4000222428461614	0.2493067338642314
0.35732112993066806	0.39670912218651483	0.24596974788281725
0.35192909803245986	0.3996996556220608	0.24837124634547947
0.3530653751157106	0.3996569263740485	0.247277698510241
0.3499039391457351	0.4041024234919278	0.24599363736233715
0.3458286119305676	0.4039402351827773	0.25023115288665526
0.3463462096135613	0.4023487265850101	0.25130506380142875
0.3486629955126216	0.40524211623766415	0.24609488824971437
0.3549743000604143	0.3984914209129341	0.24653427902665176
0.35488212973853034	0.3963035117200396	0.2488143585414302
0.35115009092523597	0.4002907632688519	0.2485591458059122
0.35648256009078955	0.39793525668257324	0.2455821832266373
0.3477758343321312	0.40318795907865257	0.24903620658921632
0.35564292213458737	0.39789198927539754	0.2464650885900152
0.3477812626257986	0.400973153866758	0.2512455835074435
0.35272446279539793	0.39713456040986617	0.250140976794736
0.3493034817304924	0.4027392065349918	0.24795731173451593
0.35033559843302486	0.4020029416312228	0.2476614599357524
0.3540940804695094	0.3991481335055279	0.24675778602496273
0.34752593972002943	0.4028315359867156	0.24964252429325504
0.3468624340338365	0.4014265222759652	0.25171104369019837
0.3535432636473285	0.40015829874513886	0.24629843760753273
0.3580418643374757	0.3953749363687138	0.24658319929381062
0.34828747891227113	0.4028826319541485	0.24882988913358053
0.35120445416779433	0.3997524634757056	0.24904308235650024
0.34911420034951496	0.4004589207831719	0.25042687886731324
0.34634369083852035	0.4030746302078187	0.250581678953661
0.3550113631798845	0.3982691064608749	0.24671953035924074
0.35082718583359834	0.3977503811308951	0.25142243303550665
0.3487791918908906	0.40012509708883004	0.25109571102027944
0.3490432829442846	0.39959628001343817	0.2513604370422773
0.34702094837159003	0.4039906406349595	0.2489884109934506
0.3455414991590639	0.40501209814088546	0.2494464027000508
0.35363265840901364	0.39982848569698914	0.24653885589399732
0.34506868756516773	0.40414122556306603	0.25079008687176635
0.3530999660267765	0.4004309356853575	0.24646909828786612
0.3495348435396713	0.40095284850916424	0.24951230795116458
0.3523673526399287	0.39788725676535197	0.24974539059471945
0.34828059624215857	0.4036285500215475	0.24809085373629405
0.3531406806360353	0.3967041511419319	0.2501551682220328
0.3481016623400399	0.40088969960123644	0.2510086380587238
0.34478073197016645	0.403463882547623	0.25175538548221066
0.3553627292550575	0.3976355755210482	0.24700169522389437
0.35739536367475555	0.3970012457922921	0.24560339053295244
0.3515735160896142	0.3983157346062244	0.25011074930416155
0.3477738345194944	0.403108229138072	0.24911793634243373
0.35001248047784567	0.3984408143509919	0.25154670517116257
0.3522584115142945	0.3998783839286689	0.2478632045570367
0.35519998962567456	0.3969568803312473	0.24784313004307823
0.3530336216160467	0.39562328854629497	0.25134308983765846
0.35445604648920087	0.3961831777644139	0.24936077574638535
0.35418645867694853	0.3991191515167944	0.24669438980625716
0.35289979161706225	0.4003982214046294	0.24670198697830847
0.34875054971663566	0.4043313705002566	0.24691807978310784
0.34868125107874076	0.4052463291875412	0.24607241973371813
0.3565229301316728	0.39568956635752356	0.2477875035108038
0.34806470187651817	0.4008152897526106	0.2511200083708713
0.3532459132623951	0.39621784578835995	0.2505362409492451
0.3501936760676698	0.40328088000078127	0.24652544393154902
0.35419585365449185	0.3999397442088829	0.24586440213662536
0.3471662913769356	0.4026506495770202	0.2501830590460443
0.35008890176199714	0.39895553955104407	0.25095555868695896
0.35367108622623666	0.3954430132243095	0.2508859005494539
0.34786366522402445	0.40332311952871724	0.24881321524725844
0.3484324518833238	0.4025426764781338	0.24902487163854256
0.349083626809016	0.4039547521722965	0.24696162101868763
0.35372225126061585	0.3973308244350619	0.24894692430432236
0.3466583649683743	0.40257562040620404	0.2507660146254218
0.3496864533948368	0.40284281618224993	0.24747073042291343
0.35035865917764575	0.39842035942817833	0.25122098139417604
0.34927997168615016	0.40502486177781605	0.24569516653603388
0.3510643555070327	0.397781481212707	0.2511541632802604
0.35298224868239914	0.4003284088095508	0.24668934250805022
0.34580482797378004	0.40338579074643643	0.25080938127978364
0.3455635035924306	0.40272200112921847	0.25171449527835105
0.3554897178532689	0.3961533551140982	0.24835692703263298
0.35517473341416766	0.39905721822177265	0.2457680483640598
0.35506781198437426	0.39647027330205753	0.24846191471356832
0.3505488825255478	0.39894907849688777	0.2505020389775645
0.3527551170205178	0.39833292644924323	0.24891195653023904
0.3526638920033569	0.40016674666707425	0.24716936132956902
0.3481241047891881	0.4050247762880087	0.24685111892280331
0.3463738516844145	0.40329588276849765	0.2503302655470879
0.3463157396372594	0.40245382288757614	0.25123043747516455
0.3558446624154244	0.3983478389042686	0.2458074986803071
0.35118497895565304	0.40221638889607764	0.2465986321482694
0.35030207964272647	0.39974464336330473	0.2499532769939689
0.35203311300036977	0.4002005111095428	0.24776637589008754
0.34903559718983534	0.3992158114139763	0.2517485913961885
0.35171772153813924	0.39975246259217767	0.2485298158696832
0.3522965800856523	0.39621956439220357	0.25148385552214425
0.35677443679521825	0.39674549334060166	0.2464800698641802
0.34679493868862554	0.4038054526688415	0.24939960864253308
0.352907954855579	0.3959282273228889	0.25116381782153213
0.3497813625932941	0.4015803719707606	0.2486382654359454
0.352509032128705	0.4010800816211072	0.24641088625018795
0.3444335955335693	0.4051876171005261	0.2503787873659048
0.3494307179298344	0.40199613633489506	0.24857314573527062
0.35552595398118425	0.39548756501848725	0.24898648100032866
0.34810506619600984	0.40182158798437795	0.2500733458196124
0.3541203750782054	0.3957431355256701	0.25013648939612465
0.34883534973368785	0.40277254468055057	0.24839210558576172
0.35413353555389393	0.39910742723402143	0.24675903721208475
0.3546216102646057	0.3998666380276954	0.245511751707699
0.34770425134152655	0.404169467739671	0.24812628091880257
0.35123460483041535	0.4001064913640469	0.24865890380553782
0.34764996919617547	0.40127115930055435	0.2510788715032703
0.3563070365730923	0.3957578391374868	0.24793512428942102
0.34730105577365367	0.40176760484478513	0.2509313393815613
0.3470041992687873	0.4049147257387511	0.24808107499246174
0.34673892899191716	0.4049021968253742	0.24835887418270877
0.35185360987777337	0.400323182587237	0.2478232075349897
0.3566567047368967	0.3973257419888982	0.24601755327420521
0.3499496155807844	0.40176859165059864	0.24828179276861712
0.3501823879217103	0.4023341815629936	0.24748343051529625
0.3466451876119993	0.4016168231489988	0.251737989239002
0.3540421822455375	0.40055913668797694	0.24539868106648566
0.3473108315475789	0.40405674182446877	0.24863242662795243
0.3498092656081632	0.4033523349223245	0.24683839946951242
0.3521401798765824	0.39607088210988395	0.2517889380135337
0.35271470252530857	0.40039276154628045	0.2468925359284111
0.35051542380918177	0.40273414388400197	0.24675043230681634
0.34887357591995644	0.4006234421608846	0.2505029819191591
0.35499621460631153	0.3985338374537082	0.2464699479399804
0.3535759010000519	0.39791483846323344	0.2485092605367148
0.3558023929622137	0.3971735865287147	0.24702402050907174
0.35196920381631136	0.39718852063898186	0.2508422755447069
0.35014378784667655	0.3999662353270036	0.24988997682631994
0.35177403003937724	0.4021376383366232	0.24608833162399962
0.3496459465932422	0.40282530614130607	0.24752874726545188
0.34940773034433725	0.4006589995966504	0.24993327005901245
0.3455902598186942	0.4048282838828628	0.24958145629844314
0.3556584565283689	0.39742844954636414	0.24691309392526706
0.351547974396135	0.4009337166867765	0.2475183089170886
0.34426201837819337	0.40516855600163354	0.2505694256201732
0.3480990119815992	0.40229093252933107	0.24961005548906984
0.3524019718387876	0.3966315005418326	0.2509665276193799
0.35510117164867816	0.3978671421733201	0.24703168617800186
0.34941295118847226	0.40126811226176984	0.249318936549758
0.3445719993442188	0.40371006691147593	0.2517179337443054
0.34988142459174215	0.4029390172156465	0.24717955819261145
0.35566017960328183	0.39776778342496294	0.24657203697175537
0.353596106892165	0.3992847637470827	0.24711912936075242
0.3581721821674894	0.39637193603495635	0.2454558817975543
0.3481645668028419	0.4019984950420002	0.249836938155158
0.3468125663680433	0.4042101665676427	0.24897726706431414
0.3504199431915847	0.4029434578492912	0.24663659895912418
0.3488050925379308	0.40441896508953823	0.2467759423725311
0.34964600929495304	0.4032274035084856	0.24712658719656147
0.3442238218440671	0.40522177534271314	0.2505544028132199
0.3484156063170662	0.40140064464419123	0.2501837490387427
0.35042172049656567	0.4015154402147141	0.24806283928872042
0.3494855748590019	0.39915360283014967	0.25136082231084855
0.35273880890451853	0.395816369847993	0.2514448212474886
0.3483696219319191	0.405390356241049	0.246240021827032
0.3556706787916084	0.39813219419880813	0.24619712700958354
0.3510409360069804	0.402050135450147	0.2469089285428727
0.34759995929478227	0.40318707260623193	0.24921296809898588
0.3497661013982833	0.40054781463437983	0.249686083967337
0.3556316331582892	0.3968494497880069	0.247518917053704
0.3525009727339148	0.39657662072045097	0.25092240654563436
0.349402241212185	0.40084323379805065	0.2497545249897645
0.35039088283657993	0.4006779888642437	0.24893112829917644
0.34682445356326275	0.4014792416117901	0.25169630482494726
0.35434980496811774	0.3975127168710071	0.24813747816087528
0.35115907403180135	0.39983472350571875	0.24900620246248
0.3580760888389898	0.39603695731235233	0.24588695384865802
0.3458716551518477	0.4023872137010557	0.2517411311470967
0.3491473723113859	0.40147133221592346	0.24938129547269075
0.35295181352396987	0.4003371581072911	0.2467110283687392
0.352462932414324	0.40029798844887154	0.24723907913680448
0.3531319173102809	0.39740920300600413	0.2494588796837151
0.34919023237326835	0.40503497888788165	0.24577478873885017
0.34772330998785983	0.40156817270891393	0.2507085173032264
0.3532880753882134	0.3995860436733899	0.24712588093839685
0.3487865929485669	0.40370086658312115	0.2475125404683121
0.3493005239386464	0.4024756788377368	0.24822379722361687
0.3523533083823317	0.3992441023232175	0.24840258929445086
0.3508442962982005	0.4033172947768414	0.24583840892495817
0.35580222845511755	0.39859798733133256	0.24559978421355005
0.353660565619543	0.3981690065156991	0.24817042786475801
0.3474522802314428	0.40214388124967493	0.25040383851888237
0.35145131788870415	0.40083935162478707	0.24770933048650887
0.34464462163075765	0.40529875513890534	0.2500566232303371
0.34444231064496034	0.40510288665343486	0.2504548027016049
0.34656804818392273	0.4033725047639528	0.2500594470521246
0.35279428745976515	0.3998598293020587	0.24734588323817627
0.3545337209308844	0.39547537439206637	0.24999090467704926
0.3517131668788369	0.40277863340507136	0.24550819971609178
0.35290629646051525	0.39692954320982704	0.2501641603296578
0.350353264603039	0.40322423200323415	0.24642250339372695
0.3501380206364998	0.39864786750302517	0.25121411186047515
0.35258214463700543	0.4015446052445603	0.2458732501184344
0.34935806233237426	0.403001044014046	0.24764089365357983
0.350892460261434	0.4031310205891034	0.24597651914946275
0.34594322219224954	0.40324122107533217	0.2508155567324184
0.3525441081474588	0.40073787605667177	0.24671801579586952
0.35611457576037214	0.39741937332112265	0.24646605091850535
0.3537974120664322	0.3977164438669824	0.24848614406658548
0.34855687397324275	0.40531497211248535	0.24612815391427206
0.35708498666051675	0.39742908368901547	0.2454859296504679
0.3564268727920783	0.39700661073180626	0.24656651647611555
0.3457575314781425	0.405122362696023	0.2491201058258347
0.3545190119094314	0.39733494261934277	0.24814604547122593
0.35144237526609423	0.4007021425104565	0.2478554822234494
0.34720389551465414	0.4030542958123952	0.24974180867295076
0.34999051549110644	0.40018155261537286	0.24982793189352082
0.3565510448749255	0.3965858746643268	0.24686308046074784
0.34966034114664063	0.3994951171728532	0.2508445416805063
0.3521129185155953	0.39949337444955524	0.2483937070348496
0.3542886754068143	0.39807409193238186	0.24763723266080395
0.3550931289451622	0.39768406226617325	0.24722280878866465
0.34703143551022375	0.40134110325484673	0.25162746123492963
0.351373932948669	0.40148427939547715	0.24714178765585398
0.3528585411425979	0.3978458985762675	0.2492955602811347
0.3507724984857477	0.40053138426662116	0.24869611724763124
0.3540988601940146	0.3957340097703939	0.2501671300355916
0.3556221753345716	0.3988060562771306	0.24557176838829795
0.3542220086694328	0.39978410284849786	0.24599388848206946
0.35321758302413814	0.3992900299124369	0.24749238706342508
0.35107063503482505	0.3971433231655489	0.2517860417996261
0.3486793681211312	0.4025712643026954	0.24874936757617355
0.35693552468927137	0.39677330100741237	0.24629117430331637
0.35310040250318286	0.3986515939829453	0.24824800351387194
0.35613631474467433	0.3978140008484119	0.24604968440691388
0.3494566987303818	0.40499438136889376	0.24554891990072447
0.3548802876054732	0.3964953166488723	0.2486243957456546
0.3480883185928996	0.40263844803478	0.2492732333723205
0.3492748425386061	0.40287690178782076	0.24784825567357333
0.3559831813944228	0.39598297282175554	0.24803384578382182
0.34702788576334115	0.40179845237649253	0.25117366186016643
0.35268822351230544	0.40020285239709386	0.2471089240906008
0.35094262077055427	0.4012371219545279	0.24782025727491802
0.3535399660707414	0.3985396384082608	0.24792039552099793
0.35200813814182813	0.39774827386840655	0.2502435879897654
0.3536633419331688	0.3982342678643209	0.2481023902025104
0.35029642207037237	0.4018738128631797	0.24782976506644805
0.35500143890727637	0.39690535544312805	0.24809320564959567
0.35329084419192447	0.4011962158009928	0.24551294000708285
0.35353575646167407	0.39721172812288674	0.2492525154154393
0.3532486552649746	0.39961962781285215	0.24713171692217334
0.35079631407761425	0.39864877564928636	0.2505549102730995
0.352611171504521	0.3955566340601308	0.2518321944353483
0.3496817985495698	0.40258974819576626	0.24772845325466403
0.35683947125262233	0.39749099484192657	0.2456695339054512
0.3570581203634449	0.39598190433149394	0.24695997530506128
0.34853733064817	0.4042694521844784	0.2471932171673517
0.3453968752013929	0.4041908693514641	0.2504122554471431
0.3491047107591479	0.40357705000266375	0.24731823923818846
0.3514974699455343	0.39685662157402857	0.25164590848043716
0.35141192615944317	0.4010005030693786	0.24758757077117832
0.35176315363091615	0.3988756479593435	0.24936119840974041
0.3483103084834604	0.4035314769736058	0.24815821454293385
0.35373822593089743	0.3974782002191015	0.24878357385000116
0.3472587639788672	0.4041300155206365	0.24861122050049644
0.3545056751572913	0.3996900517577785	0.24580427308493036
0.35432101606996846	0.39724903325963073	0.2484299506704009
0.3531739974704704	0.40071485295720055	0.24611114957232919
0.35101181599963055	0.39878889843669374	0.2501992855636758
0.3553051667009243	0.3982908657385099	0.24640396756056582
0.3551585587028957	0.3956422167778944	0.24919922451921
0.35366776249450527	0.3963738630524385	0.24995837445305633
0.35160218606881394	0.40244012264562556	0.2459576912855606
0.3486465856863132	0.40228755894165324	0.24906585537203366
0.3533627351358261	0.3978718527812101	0.24876541208296388
0.3499785045784693	0.40226453819624697	0.24775695722528385
0.3536086050697369	0.40064357377838655	0.24574782115187666
0.34556922380654415	0.40449673993036545	0.24993403626309055
0.34704245455001576	0.4034448688564619	0.24951267659352241
0.357208184549651	0.3958484008846178	0.24694341456573132
0.34607239139873924	0.40460408311927754	0.24932352548198333
0.34981530923950105	0.4025494875647935	0.2476352031957056
0.35028678180705275	0.4006323287310101	0.24908088946193724
0.34628242703699197	0.40368721638987565	0.2500303565731325
0.35483209632019336	0.39545763857220995	0.2497102651075968
0.34659072440722755	0.4032313410449222	0.2501779345478503
0.3569545112118553	0.3954011221658935	0.2476443666222513
0.35299854471771497	0.4002621687339164	0.2467392865483687
0.35270699292907126	0.3974402631857944	0.24985274388513445
0.34553025174845065	0.40295283642517477	0.25151691182637476
0.35136739011127	0.3968866927026962	0.2517459171860339
0.3477283771369899	0.4012524571906363	0.2510191656723739
0.3488693610865806	0.404841487324203	0.2462891515892165
0.35491275496843205	0.3960255895383531	0.2490616554932149
0.34972643222097666	0.4019249320859077	0.24834863569311574
0.3499574624276284	0.3986048610438809	0.25143767652849086
0.35367143711398624	0.3981184075251044	0.24821015536090946
0.35029874080102613	0.39934586184769477	0.2503553973512792
0.35044146021511496	0.40375360356287116	0.245804936222014
0.34803806170222973	0.4047538370746758	0.24720810122309456
0.347549233191033	0.4033822104163672	0.24906855639259995
0.34623371892360644	0.4049553350854368	0.24881094599095682
0.3511824999628914	0.3991971140522464	0.2496203859848623
0.3553505628080441	0.3979752753052959	0.2466741618866601
0.35233789475433797	0.4010848467572248	0.24657725848843737
0.35298846441592474	0.397777033704065	0.24923450188001037
0.3476183247847027	0.40251666734136865	0.24986500787392874
0.3496899422400163	0.39922851213498345	0.2510815456250003
0.35628206564915804	0.3964639528887879	0.24725398146205424
0.35079667933106856	0.39873174952405116	0.25047157114488033
0.3537578761179624	0.39548076507485447	0.2507613588071833
0.3533527316114479	0.399521498482715	0.24712576990583718
0.3512941514488301	0.4014645519764882	0.24724129657468177
0.34740567998212973	0.40377933045553416	0.24881498956233616
0.3446628581249799	0.4049226810990475	0.25041446077597274
0.34898259950647975	0.40507148457138437	0.245945915922136
0.3484677990906324	0.40142039035832255	0.25011181055104514
0.3516600934202918	0.39963876118996333	0.24870114538974497
0.3493877841309988	0.4045172599855016	0.24609495588349967
0.3577534170869933	0.3956079798666723	0.2466386030463345
0.35161997323338323	0.40221198968076644	0.24616803708585044
0.35783601842709767	0.3967304730085197	0.24543350856438273
0.35346512656733636	0.3964356809978271	0.25009919243483664
0.3558583847528907	0.3963336655127925	0.2478079497343169
0.3537565975817714	0.40049840129301945	0.24574500112520925
0.3477777336659792	0.4043353281701398	0.24788693816388113
0.35185375440985156	0.39644762007064244	0.25169862551950617
0.3565600032230838	0.3971819043823363	0.24625809239458007
0.35774309899576834	0.3962565607892891	0.24600034021494266
0.3511075630952997	0.3974887783055654	0.25140365859913505
0.3535493908869436	0.3989244798540801	0.2475261292589764
0.3502897420577518	0.3989489653872438	0.2507612925550045
0.35300481005966466	0.40148106825547647	0.24551412168485898
0.34439836636286825	0.405177687921868	0.2504239457152639
0.34389349573042527	0.4045630753703152	0.2515434288992596
0.355731588962437	0.3986996505866167	0.2455687604509464
0.35319706016729246	0.39774849561069586	0.24905444422201184
0.3516115845249619	0.3991642055986687	0.24922420987636948
0.3573520787101677	0.3964082242574748	0.24623969703235757
0.35299060650693387	0.4005931818524766	0.24641621164058958
0.3551242620447731	0.39941086352427285	0.24546487443095413
0.3459936524919372	0.40431095898404806	0.24969538852401485
0.3467806666133292	0.40279143659074723	0.2504278967959237
0.34554584915964526	0.4034182381326229	0.25103591270773196
0.3447182749682154	0.4049612750700712	0.25032044996171354
0.3487925076998192	0.40334528318868385	0.2478622091114971
0.34514963040007485	0.40333110300402863	0.25151926659589663
0.3526301764534133	0.39863167830348306	0.24873814524310373
0.3504976919531099	0.39832756111605283	0.25117474693083736
0.3460938587781711	0.40322249506778807	0.25068364615404093
0.34914922493488426	0.4023963320790402	0.24845444298607566
0.35381632321274104	0.3993995824296764	0.2467840943575827
0.3524536810256127	0.39814528502753377	0.2494010339468537
0.34784406319248373	0.40072167486765886	0.2514342619398575
0.346915440872216	0.40400297740641467	0.24908158172136946
0.3477188262817017	0.4028831901619831	0.24939798355631532
0.35327412322021906	0.3987773287278482	0.24794854805193284
0.3534634334415965	0.39753942187676805	0.24899714468163553
0.35333207421786206	0.39656220842845835	0.2501057173536797
0.34739889160683796	0.40298539288698954	0.24961571550617265
0.3505136357419704	0.40251947543512545	0.24696688882290424
0.3497789529550116	0.40215339640183945	0.24806765064314912
0.35348059330869763	0.39762702874687567	0.24889237794442676
0.35212117546620436	0.3977876851671772	0.25009113936661853
0.35642447271580263	0.3970443979689163	0.24653112931528123
0.3480706575818029	0.4018615153648721	0.25006782705332514
0.34669198443963206	0.40367828856796006	0.24962972699240793
0.35239086653133544	0.4010253232274693	0.2465838102411953
0.3563781777385118	0.39751562486366065	0.24610619739782763
0.3566080800795356	0.3974567060918968	0.24593521382856773
0.35453889332614974	0.39923029043117814	0.24623081624267223
0.35520226802057536	0.39857620106627567	0.2462215309131491
0.3515746297295525	0.39788249532064945	0.25054287494979816
0.3538481548893629	0.3968763697602851	0.2492754753503521
0.3473199624163056	0.40267372972393134	0.25000630785976313
0.34612142993410483	0.4030232790913223	0.250855290974573
0.3455808675262553	0.4043340074351461	0.2500851250385988
0.34733871421679097	0.4036801433204911	0.24898114246271807
0.34594237991629756	0.40487305741061386	0.2491845626730887
0.3541526375279195	0.39594817104409963	0.249899191427981
0.35129382121631597	0.3972211824633248	0.25148499632035937
0.3560398202458514	0.39702477356618193	0.24693540618796678
0.34737652605650277	0.4032391323837527	0.24938434155974468
0.3579918600932499	0.3961702778236461	0.24583786208310404
0.35452672556316234	0.39839214118768707	0.24708113324915065
0.35248387984839386	0.3984420476046263	0.24907407254697994
0.34943377487586724	0.3988257522453643	0.25174047287876855
0.34868412942307786	0.40267673478004506	0.24863913579687721
0.3525245384348694	0.4013139152220848	0.24616154634304588
0.3558899185875673	0.3972618590533929	0.2468482223590399
0.3520115904683107	0.39697645784883284	0.2510119516828566
0.3494876101480326	0.3995315053680273	0.2509808844839403
0.34615576639841034	0.4020998789525399	0.2517443546490499
0.34806393244783357	0.40421549679759067	0.24772057075457588
0.35446399797186334	0.39936020732407884	0.24617579470405798
0.3520933059394361	0.40053638161909594	0.24737031244146807
0.351218669713157	0.4033897445943548	0.24539158569248828
0.34769859940805126	0.40304500502045526	0.24925639557149362
0.35403592346095797	0.40035787742999696	0.24560619910904516
0.35513513996734003	0.39687278958418065	0.2479920704484794
0.35013550258078463	0.402755000706926	0.2471094967122895
0.3522205965697074	0.40112120499008985	0.24665819844020292
0.3525333675135889	0.401472836347958	0.24599379613845318
0.35017513027001834	0.40324099266426383	0.2465838770657179
0.3502664221260364	0.3986526155814021	0.2510809622925616
0.3492357776709545	0.403087239712414	0.24767698261663162
0.3562423998423422	0.39723538645631334	0.24652221370134458
0.3502065013066301	0.40134584070057977	0.24844765799279023
0.34732074703385596	0.4034914734100188	0.24918777955612534
0.35370509748672196	0.3986455170508547	0.24764938546242343
0.35209723140268573	0.39987414587800885	0.24802862271930554
0.34681228682189824	0.40354339738096995	0.24964431579713192
0.3489971347730544	0.4038334416111756	0.2471694236157701
0.35131945331949355	0.4005110846092014	0.2481694620713052
0.35326346664008174	0.39835768583684783	0.24837884752307055
0.3533330324430002	0.40071585738117094	0.245951110175829
0.35087916058414237	0.3992707942217531	0.24985004519410464
0.34960701005646544	0.40288005204550525	0.24751293789802942
0.3491216622433303	0.4028011820500295	0.2480771557066403
0.34891605229417083	0.4018894219961162	0.24919452570971307
0.35348355164318496	0.3964392394646429	0.2500772088921722
0.3505727025588366	0.3991757614655534	0.2502515359756101
0.35237631743038517	0.3970752681190165	0.2505484144505984
0.35328382709279743	0.39780173076838343	0.24891444213881925
0.3526664627806753	0.3995460406134293	0.24778749660589547
0.3503107394121157	0.4002753344037335	0.2494139261841509
0.3566944993916068	0.39584220783101703	0.24746329277737628
0.3480030447501655	0.4004993730229438	0.25149758222689084
0.3478343502445948	0.401890862325347	0.2502747874300583
0.3451350358233562	0.403047350708848	0.2518176134677959
0.3509383984289479	0.39810335068551167	0.2509582508855405
0.351262637620327	0.39814423801992616	0.250593124359747
0.3531666929792994	0.3969538691160637	0.249879437904637
0.35028639189615446	0.40424857090284505	0.24546503720100055
0.35058718685958995	0.400995239183886	0.2484175739565242
0.35301140142453974	0.3984753955310482	0.24851320304441216
0.34989648592024114	0.39953202751515404	0.25057148656460493
0.34594901355917684	0.40365972234715103	0.2503912640936722
0.34857234030264017	0.40146765594676537	0.24996000375059457
0.3530889020519493	0.39922740452778294	0.24768369342026786
0.3482729588688962	0.4036862662515455	0.24804077487955833
0.35287901610349914	0.3972870389108225	0.24983394498567846
0.35133386923331433	0.3972664681448109	0.2513996626218748
0.35165231717478834	0.3976047211578334	0.25074296166737836
0.3516884191638426	0.3966164691516856	0.2516951116844719
0.3474206556447771	0.40331201762143587	0.24926732673378715
0.35229912011420983	0.3989520655817471	0.2487488143040431
0.3553324395818349	0.39550472722578445	0.24916283319238075
0.34904544158200757	0.40036892691849657	0.250585631499496
0.3457482721437602	0.4038600658010958	0.2503916620551441
0.35697990786850275	0.39590803392450524	0.24711205820699214
0.3527555214587183	0.3972173056989562	0.2500271728423257
0.35621346858391717	0.3960683340044197	0.24771819741166323
0.35486989711949274	0.397560427225906	0.2475696756546013
0.3460654404885436	0.40538545160251355	0.24854910790894297
0.3474671665682694	0.40324412015985645	0.2492887132718742
0.3559726409027101	0.3975540948995787	0.24647326419771132
0.3481069315088502	0.4052256388476635	0.24666742964348642
0.3497372084188619	0.4045230811308534	0.2457397104502848
0.3532235260527923	0.3973722287657082	0.24940424518149962
0.34698577025824817	0.40501797968495223	0.2479962500567997
0.34927125366340767	0.40361576725327697	0.24711297908331548
0.3509546845990587	0.40239144823369677	0.24665386716724463
0.3555979126602555	0.3969186655382436	0.247483421801501
0.354970846029437	0.39877011168939397	0.24625904228116913
0.3495844948054162	0.4005862371261374	0.24982926806844652
0.344712224220048	0.4040867865959475	0.25120098918400463
0.3487170243304185	0.4047412293540321	0.24654174631554948
0.3533904675882993	0.39588374909590807	0.25072578331579276
0.3543058853189738	0.39967624015886405	0.24601787452216228
0.34770966416215965	0.4032760451819422	0.24901429065589825
0.3458163748273084	0.4052202188597168	0.24896340631297487
0.3486008293466913	0.4036198367190823	0.24777933393422655
0.35336531393695303	0.39673560653175977	0.24989907953128732
0.3537101718106891	0.3960650227062865	0.2502248054830245
0.34902991275012113	0.40239443451329127	0.24857565273658772
0.3482487525227158	0.40479876006900656	0.24695248740827774
0.35299601652019486	0.3958044456918066	0.2511995377879987
0.3493985995766109	0.4028779991551501	0.2477234012682391
0.3526439857767303	0.3990510224912131	0.24830499173205672
0.3467652023933617	0.40187902250299234	0.25135577510364604
0.35353409368636923	0.39979273305688817	0.24667317325674268
0.3523941604225523	0.40163194806771707	0.24597389150973076
0.3572897240252461	0.3962496557227584	0.2464606202519956
0.3517702222492919	0.4025292609880916	0.2457005167626166
0.3484764298878684	0.40299746084556487	0.24852610926656685
0.35225533154380906	0.3986060321532059	0.24913863630298516
0.3559821375062644	0.39672306060514206	0.24729480188859368
0.3534912345483541	0.4006887836852604	0.24581998176638553
0.348022139628797	0.40055943786092624	0.2514184225102768
0.3465828799115772	0.40424671323511707	0.24917040685330583
0.3452611983463146	0.40316899906264014	0.25156980259104533
0.3545848948111596	0.3975753902342115	0.24783971495462898
0.354201465867917	0.3960575940965182	0.24974094003556496
0.35412820626158636	0.3957743858681383	0.25009740787027546
0.3526151026898067	0.3964856561114364	0.250899241198757
0.35370301406167676	0.400251229984796	0.2460457559535274
0.35070986088742506	0.4037904194119847	0.24549971970059037
0.35741759600358797	0.39693870745759074	0.2456436965388214
0.34469580755477847	0.40524492612001917	0.2500592663252025
0.3492165772640579	0.40201161978175604	0.24877180295418616
0.3511237709187587	0.40147081503934806	0.2474054140418934
0.351821067698076	0.40083799026503825	0.24734094203688592
0.3488493160014332	0.4029645919613831	0.24818609203718378
0.3541855619288024	0.3980993270097916	0.2477151110614061
0.35743137983089934	0.39558735777819576	0.246981262390905
0.34579405278862974	0.4026321415666071	0.2515738056447633
0.3479352143643043	0.4042241194842624	0.24784066615143338
0.34738476188115985	0.40410851585505114	0.24850672226378906
0.3529913433348596	0.3964439221278403	0.2505647345373002
0.3473848978408256	0.4018400469366196	0.25077505522255483
0.3539802309162007	0.3988324110433234	0.24718735804047606
0.3571927682109894	0.3964274502131706	0.24637978157584017
0.34711464628688354	0.4035424246710354	0.24934292904208116
0.35158177631269016	0.3995546662834213	0.24886355740388863
0.34818465928742665	0.400596902286735	0.25121843842583846
0.345911444658082	0.40475492879443975	0.24933362654747837
0.3462928311927628	0.4052715197948049	0.24843564901243245
0.3528620970322601	0.3960060215227682	0.2511318814449718
0.3484504137393681	0.40326205234466694	0.2482875339159651
0.3466249271909597	0.40427385508456687	0.24910121772447352
0.34970164246734936	0.4022840891895082	0.24801426834314255
0.34954620902872435	0.40114202354289197	0.24931176742838382
0.3537323917178138	0.39663793172837875	0.2496296765538076
0.3440280526611083	0.40532125914178807	0.25065068819710373
0.3464387786013209	0.4024721119844656	0.25108910941421364
0.3487487175572368	0.40423947852485387	0.24701180391790944
0.3507958648000461	0.40149870948257915	0.24770542571737486
0.34904841776556805	0.4013151761704057	0.24963640606402634
0.35528263223211376	0.3968527077825201	0.24786465998536628
0.35527190129814573	0.3993340688445274	0.24539402985732703
0.3478837362424416	0.40228725098591056	0.24982901277164793
0.3477649049068091	0.4026034554845713	0.24963163960861973
0.35168263951211015	0.4001827679253615	0.2481345925625284
0.34743464272180924	0.4028488571159581	0.24971650016223282
0.3525506068419148	0.40207978460837634	0.24536960854970896
0.35202488795100173	0.3976679225815256	0.2503071894674727
0.35207090640387806	0.3961747509827698	0.2517543426133523
0.35075629258399027	0.39851899971097005	0.25072470770503974
0.3521209238451556	0.39793607055864544	0.24994300559619909
0.3458359595024206	0.40380395705589806	0.2503600834416815
0.3483499504998413	0.4010076642883834	0.25064238521177545
0.34426533933796905	0.4047066566983755	0.25102800396365554
0.35446035973307166	0.3985686038022215	0.24697103646470692
0.34711819800610927	0.40304622941114493	0.24983557258274586
0.3516696335400055	0.3974152560471302	0.2509151104128644
0.3487549080466384	0.4050427409793843	0.24620235097397739
0.35165923353378886	0.3993126929785875	0.24902807348762376
0.35609632188832424	0.39760164362340183	0.24630203448827404
0.35231428723360814	0.3999096208424086	0.24777609192398337
0.34466203133784185	0.40407443486929795	0.25126353379286026
0.35392877580161386	0.3977584751181161	0.2483127490802702
0.3527863877451536	0.3969896075553215	0.25022400469952505
0.35140539462976994	0.39806525068544446	0.2505293546847857
0.344006801107624	0.4043720271273382	0.2516211717650379
0.34479907808136667	0.4052861538802696	0.24991476803836385
0.34726617859656783	0.40359966045595597	0.24913416094747634
0.3488553477853181	0.4029767433555916	0.2481679088590904
0.3512464350534899	0.40329339920392776	0.24546016574258245
0.3499412870773774	0.3992336639164606	0.2508250490061621
0.34847564973510053	0.40327104468826724	0.2482533055766324
0.34826795427003315	0.4019989108302603	0.2497331348997067
0.3475590998041249	0.40375188306029675	0.24868901713557845
0.3489912299402489	0.4001864837498522	0.250822286309899
0.3562596462034426	0.3983392974671385	0.24540105632941903
0.34786793732403154	0.4032753279815099	0.24885673469445865
0.35653399428994187	0.39653967835962395	0.2469263273504343
0.3479528176166383	0.40320137324626704	0.2488458091370948
0.350015129250607	0.3993067351290699	0.2506781356203232
0.35244225523494743	0.3986504605559936	0.2489072842090591
0.3562948006370245	0.3979726316071233	0.24573256775585225
0.3472727761778788	0.40093185512709206	0.2517953686950293
0.35426138646456673	0.39565279641381007	0.25008581712162337
0.35542423492014497	0.39670944265149943	0.2478663224283557
0.35047925246302253	0.3996627961984339	0.2498579513385437
0.35329193086715005	0.3956054614501753	0.2511026076826748
0.35404717123499385	0.39791410704176766	0.24803872172323857
0.352613404101332	0.40056850699910485	0.24681808889956325
0.3513030692070711	0.39758426088511656	0.25111266990781245
0.34800423104492806	0.40123560061486496	0.2507601683402071
0.3456874215649952	0.4053926070472037	0.24891997138780123
0.35409289482273604	0.3956188023845834	0.25028830279268066
0.35670139713499227	0.39785603009279935	0.2454425727722085
0.3511075600687541	0.40307022547116045	0.2458222144600855
0.35073634547635996	0.39850061275860016	0.25076304176503994
0.34763509340460813	0.40391297641375323	0.24845193018163875
0.34795051416564804	0.4046911027346859	0.2473583830996662
0.35356772417788596	0.3960759221265079	0.25035635369560627
0.35234833564142687	0.39866751038020953	0.24898415397836365
0.3458502109052978	0.4023597984725686	0.25178999062213375
0.3541587280785665	0.395876112381196	0.24996515954023757
0.352323559645211	0.39960382270538236	0.24807261764940675
0.3544157125402547	0.39766460450123153	0.24791968295851385
0.34914859673980436	0.40447654344941786	0.24637485981077792
0.34924741824936567	0.4022857274245919	0.24846685432604249
0.34727004055854416	0.40328171576471583	0.24944824367674012
0.3527714321601152	0.40038170682292085	0.24684686101696407
0.3472223068817345	0.4049612470226435	0.2478164460956221
0.35569869294292333	0.3962485519110591	0.24805275514601763
0.3547375645256037	0.3964568032322839	0.24880563224211252
0.3505427896375042	0.3979622461001141	0.2514949642623818
0.35579215166878886	0.3978590286378031	0.24634881969340816
0.35289192306605754	0.39988368791978646	0.24722438901415614
0.3456965782078215	0.40394111850612213	0.2503623032860564
0.3467936903496238	0.4029002358687585	0.2503060737816178
0.3522327891311631	0.39676569138230044	0.25100151948653654
0.35227135391622033	0.3968745407596595	0.2508541053241203
0.35555043063649966	0.39545424583960803	0.24899532352389248
0.3530820399765137	0.39631768689448665	0.25060027312899974
0.35106500862207785	0.3986038712658204	0.2503311201121019
0.3513559217155188	0.40248348043848914	0.24616059784599215
0.3553434847678253	0.398855400511673	0.2458011147205018
0.34738918280822495	0.404415513944299	0.24819530324747613
0.34661390316471663	0.4017063865098538	0.2516797103254297
0.34922367549830546	0.40078124322734987	0.24999508127434472
0.3549285172081055	0.39924543372319415	0.24582604906870045
0.35784658559160376	0.39557423125612406	0.24657918315227229
0.3494629709280482	0.4038597384591505	0.24667729061280141
0.35191377351993547	0.3974668267110256	0.250619399769039
0.353928962099522	0.3960056323468608	0.25006540555361734
0.34537210565467735	0.4047137882999187	0.24991410604540404
0.3572442501932488	0.3955884666356871	0.24716728317106426
0.34717304289177797	0.40178048073873096	0.25104647636949123
0.3512755836559878	0.40157848129723406	0.24714593504677823
0.3557697884690235	0.39650602963737613	0.24772418189360046
0.35075915268024327	0.4009334658798419	0.24830738143991493
0.3549305401032615	0.39592974128808023	0.2491397186086583
0.35024139006228006	0.40431933052870883	0.24543927940901117
0.3551563191496786	0.39916267761674323	0.24568100323357828
0.3529395549110991	0.400776536710049	0.24628390837885206
0.35181898540466267	0.39667330452388294	0.25150771007145456
0.34742287489597845	0.40243616016751044	0.25014096493651117
0.34803038382403156	0.4023547531753839	0.24961486300058464
0.3493045201645012	0.4024953114951228	0.24820016834037611
0.34886309145522626	0.40181695654225347	0.24931995200252036
0.3446882761340543	0.4045157156991695	0.25079600816677633
0.3533425013215928	0.4008763291001429	0.24578116957826437
0.3564405514339968	0.3977207237494147	0.2458387248165887
0.3462963189888484	0.4038260461691996	0.24987763484195213
0.35395678534296404	0.395436950473112	0.25060626418392407
0.34587550843163395	0.4042746689087988	0.24984982265956734
0.35281812170243393	0.399505195854324	0.2476766824432422
0.35239765231972264	0.40113832063921934	0.24646402704105816
0.3495066114847636	0.40211840340350175	0.24837498511173478
0.348659437713434	0.39973041813207383	0.25161014415449234
0.3581633026244779	0.39614068678666936	0.2456960105888529
0.3488078200263965	0.4034882256681364	0.2477039543054672
0.34803720697657803	0.4029408492719493	0.2490219437514728
0.35227460911644864	0.3995512535791382	0.24817413730441326
0.34867919007253656	0.4042528283823711	0.24706798154509246
0.35471571255128004	0.3958201711818086	0.24946411626691145
0.35331872377337115	0.39916807083368755	0.24751320539294142
0.3498704606776701	0.40386261560357845	0.2462669237187516
0.35464132028879997	0.39916565843222196	0.24619302127897816
0.352817223527045	0.39731237282862203	0.2498704036443331
0.3523443676560636	0.3980390231471769	0.24961660919675965
0.351469258516458	0.39843291232030775	0.25009782916323436
0.3567826692715021	0.39572617871635135	0.24749115201214666
0.35401386684658986	0.3959642305936124	0.2500219025597979
0.3501545358585332	0.4031589326525844	0.24668653148888253
0.3495460431002196	0.4010162616221267	0.24943769527765383
0.3550838781483142	0.39559136569133574	0.24932475616035016
0.3541604963956086	0.39682994758516943	0.2490095560192221
0.3556815034939476	0.398415183402085	0.2459033131039675
0.3472730718060843	0.40537594518935005	0.2473509830045657
0.3498160464143075	0.40121580686675856	0.24896814671893402
0.35269120183885516	0.3985156520471023	0.24879314611404268
0.35211914495269914	0.40113972817523036	0.24674112687207056
0.3490213849447747	0.4043033584012475	0.24667525665397794
0.3483638950423532	0.4042566635971777	0.2473794413604692
0.34646785883322423	0.4028440194049481	0.2506881217618278
0.3512021650159493	0.39987736733590606	0.2489204676481447
0.3487440805487786	0.40110118035403985	0.25015473909718167
0.34984138392206643	0.3985184865866257	0.25164012949130804
0.3533536668378592	0.39678319191025935	0.24986314125188158
0.34992383060372	0.4032870531771825	0.2467891162190976
0.3542328518071518	0.39577401653440025	0.24999313165844803
0.34878861107961756	0.40370428964604776	0.24750709927433484
0.3493121331681557	0.3998774993089943	0.25081036752285013
0.34596350330339787	0.4049724206049308	0.24906407609167144
0.35437509068083684	0.3996602854688184	0.2459646238503449
0.3477038770274557	0.4011037541983317	0.2511923687742127
0.3497542558691226	0.39992629187505957	0.25031945225581786
0.3522507198137218	0.397170930019074	0.25057835016720426
0.353765113182986	0.3990737965966381	0.24716109022037602
0.3497954043905603	0.4026820139326005	0.2475225816768393
0.35366978105499386	0.39975768394125316	0.24657253500375306
0.3563301261501797	0.3982555057411728	0.24541436810864758
0.3553609387633465	0.3990169921030815	0.24562206913357212
0.35441149583727216	0.3967974115642712	0.24879109259845678
0.3444699819796904	0.4039885864998267	0.25154143152048297
0.3508938198731786	0.40166586319073416	0.2474403169360874
0.34843117419294	0.40511782981394845	0.24645099599311165
0.35318745838051246	0.3976115047142122	0.24920103690527545
0.3489369850421371	0.40141337844496877	0.24964963651289424
0.3511535985140645	0.40185993947195875	0.24698646201397678
0.3463421707643087	0.4022784760892883	0.25137935314640314
0.35180922592787234	0.40208060132481505	0.24611017274731278
0.35244224019804704	0.39856923583295056	0.24898852396900245
0.34912534918215066	0.4003909165621826	0.25048373425566683
0.3455626853485899	0.40261989090180916	0.25181742374960103
0.34581268391033104	0.40327613818256974	0.2509111779070993
0.3532087145062961	0.3989594010474138	0.2478318844462902
0.350289219249917	0.4037730911847952	0.2459376895652879
0.352890011693571	0.3985240588504826	0.24858592945594654
0.3486263190034556	0.4003282423599593	0.25104543863658524
0.3487363738943828	0.4053395606566962	0.24592406544892115
0.3504237514966182	0.4006500928304131	0.24892615567296877
0.35075635508614633	0.4004540942978039	0.24878955061604985
0.34377114177023577	0.40500395936202105	0.25122489886774324
0.3523747745736339	0.39926694133371476	0.24835828409265143
0.34835906764757635	0.40101852610764827	0.2506224062447755
0.3535997608924543	0.39565386475540715	0.25074637435213865
0.3529044423183768	0.3953990740926714	0.2516964835889519
0.3504758616906428	0.4016575750584405	0.2478665632509168
0.34595418641053993	0.4023059452132263	0.25173986837623386
0.35516107930404206	0.3978590013679305	0.24697991932802757
0.3467799425399461	0.40252139885189275	0.2506986586081612
0.3530013264489708	0.40080071665692724	0.24619795689410207
0.3512320700516871	0.40010114376474015	0.24866678618357285
0.35227282835012	0.40048990461762063	0.24723726703225946
0.3456587882502908	0.4036713670968848	0.25066984465282455
0.3524603175861205	0.3993019307257685	0.24823775168811107
0.34937426885058465	0.40267541134297447	0.24795031980644097
0.349340994604939	0.40032384430724727	0.25033516108781384
0.3499362903521576	0.40216448963617607	0.24789922001166642
0.35277967037405333	0.3986816228064771	0.2485387068194697
0.3514101085003335	0.3983757116152611	0.25021417988440553
0.3541254035501471	0.395396898509039	0.25047769794081404
0.34482719796298145	0.403741763907093	0.25143103812992573
0.34841755844210787	0.4051983950559906	0.24638404650190165
0.3513274174858863	0.4010139689293408	0.247658613584773
0.34803273836189036	0.4033052592811437	0.24866200235696606
0.3527643375216528	0.3984295549862533	0.24880610749209398
0.3464778225632672	0.40383256341564727	0.24968961402108558
0.3511822446296121	0.39795181568403803	0.25086593968634996
0.3515757839682582	0.3970924088892108	0.25133180714253106
0.3504987772930558	0.40318019579204945	0.24632102691489488
0.3498570611763848	0.4039265968355058	0.24621634198810952
0.34946800437954917	0.3992690870079436	0.2512629086125074
0.35140324397764866	0.40189429397732057	0.24670246204503088
0.35280718858186044	0.3962375200318716	0.250955291386268
0.35339814521695956	0.39674294674739136	0.2498589080356492
0.3508869845435699	0.3995350933024022	0.249577922154028
0.35074947762531616	0.3986220225566762	0.2506284998180077
0.34718762557524263	0.4050092944890807	0.2478030799356768
0.3533998471056135	0.39868164009471185	0.2479185127996748
0.35527118594571955	0.39851901524822625	0.24620979880605431
0.3492047410787321	0.4023023480631872	0.24849291085808076
0.34877108716038807	0.4025577515039803	0.24867116133563172
0.3531370114432233	0.39758875862425896	0.24927422993251785
0.35369519088645807	0.39770610338507667	0.24859870572846535
0.3526816168711556	0.4016763796426209	0.24564200348622361
0.3537506372068282	0.3962580054236686	0.2499913573695033
0.3509265576686356	0.39840941679077163	0.25066402554059286
0.3519449312946691	0.40175052574445325	0.24630454296087778
0.34582536551172305	0.4026500413226085	0.2515245931656685
0.35128345015569995	0.4000711170742889	0.2486454327700113
0.3545959638640129	0.39978794898304004	0.2456160871529472
0.3508413771546163	0.4016592943032926	0.24749932854209122
0.3485859215565724	0.4024850281430662	0.24892905030036147
0.3559269808003608	0.3960473690644134	0.2480256501352259
0.35657282064644297	0.3968103342587949	0.24661684509476223
0.3501558743033899	0.4005553712704103	0.2492887544261999
0.35254038251676917	0.39844917267335156	0.24901044480987938
0.3501844825092901	0.3990959004310939	0.2507196170596162
0.35593281139666927	0.39836227911348165	0.24570490948984924
