0.750502908292538	0.2494970917074617
0.7492720591101774	0.2507279408898223
0.7494540358344506	0.2505459641655491
0.7501290081971388	0.24987099180286093
0.750327589286984	0.2496724107130157
0.7492331557603341	0.25076684423966555
0.7502162909201603	0.24978370907983938
0.7497784400918586	0.25022155990814104
0.7498350461285899	0.25016495387140975
0.750091165314307	0.2499088346856927
0.7498150187151305	0.25018498128486916
0.7498003080019539	0.2501996919980458
0.7500260564039978	0.24997394359600184
0.750328680639755	0.24967131936024467
0.7492559280589316	0.25074407194106807
0.7502211564266423	0.24977884357335733
0.7493096825561847	0.250690317443815
0.7502613388794117	0.24973866112058796
0.7499495113229355	0.2500504886770641
0.7495106023539136	0.250489397646086
0.7494028922347638	0.2505971077652359
0.7501698034890089	0.2498301965109908
0.750075160719599	0.2499248392804007
0.7503649107464263	0.2496350892535733
0.749779005027473	0.2502209949725267
0.7493378583201555	0.2506621416798442
0.7494179279434069	0.2505820720565928
0.7500956613680358	0.24990433863196376
0.7499805953792631	0.25001940462073663
0.7497712561288621	0.2502287438711376
0.7503134418300531	0.24968655816994656
0.7493267990459767	0.25067320095402296
0.7494348371560471	0.2505651628439526
0.7499529738283883	0.25004702617161134
0.7504957015877656	0.24950429841223415
0.7500708938806808	0.2499291061193188
0.7494399955723737	0.25056000442762594
0.7491924204089938	0.25080757959100586
0.7502390278199393	0.24976097218006027
0.750499897448918	0.24950010255108168
0.7500447647068554	0.24995523529314423
0.7491983991783902	0.2508016008216095
0.7498415366410893	0.25015846335891034
0.7497875426186782	0.2502124573813215
0.7495793777126298	0.2504206222873698
0.7503910515037233	0.2496089484962763
0.7499994216296697	0.25000057837033
0.7495009101138848	0.2504990898861149
0.7492816351370997	0.2507183648629
0.7496369364725739	0.25036306352742577
0.7500996949509122	0.2499003050490874
0.7503946557697314	0.2496053442302682
0.7500391810005009	0.2499608189994988
0.7499964812955761	0.2500035187044236
0.7492871078788144	0.2507128921211853
0.7503386260950167	0.24966137390498294
0.749222046520429	0.25077795347957066
0.7503514812942483	0.24964851870575133
0.749903791172646	0.2500962088273536
0.7497925640630796	0.2502074359369201
0.7498774365046231	0.25012256349537654
0.7504535469507504	0.24954645304924927
0.7495008562214429	0.25049914377855675
0.7498097273399025	0.2501902726600972
0.7495225885526722	0.25047741144732744
0.7494010108539926	0.25059898914600703
0.7503982324630203	0.24960176753697938
0.7500958634830266	0.24990413651697302
0.7500191428699698	0.24998085713002977
0.7500325885656971	0.24996741143430262
0.7492232045507574	0.2507767954492423
0.7504476102053483	0.24955238979465127
0.7505001789182834	0.2494998210817163
0.7496319303574309	0.25036806964256875
0.7494180752441436	0.25058192475585606
0.7504799752860083	0.24952002471399143
0.7495094499448949	0.25049055005510484
0.7501003015567491	0.24989969844325055
0.749719445761109	0.2502805542388906
0.7497449091187005	0.25025509088129916
0.7498111018274929	0.2501888981725068
0.7503071952003376	0.24969280479966205
0.7504113716051319	0.24958862839486778
0.7496865797544718	0.2503134202455279
0.7498740413667977	0.250125958633202
0.7504713218155721	0.24952867818442764
0.7501998527370479	0.24980014726295174
0.749962593658806	0.25003740634119365
0.7496246683039143	0.2503753316960854
0.7500767046490052	0.24992329535099445
0.7502074308087372	0.24979256919126253
0.7495356715582533	0.25046432844174643
0.7504432672677356	0.24955673273226409
0.7500443867048472	0.24995561329515253
0.7494306425441785	0.2505693574558212
0.750332716612039	0.24966728338796068
0.7504815934620908	0.24951840653790885
0.7494955070580572	0.25050449294194244
0.7502253220440185	0.24977467795598118
0.7502389599350717	0.24976104006492794
0.7500077447130093	0.24999225528699032
0.749546950371486	0.25045304962851367
0.7504780574396144	0.2495219425603853
0.7496589649170535	0.25034103508294614
0.7503912965512967	0.249608703448703
0.7492423670654662	0.2507576329345335
0.7492634757107446	0.25073652428925514
0.7496574940477316	0.25034250595226804
0.7497878660106342	0.2502121339893655
0.7500804525259132	0.2499195474740865
0.749999535545424	0.2500004644545757
0.7498093989565071	0.25019060104349256
0.7493418675363315	0.25065813246366814
0.7495665985840652	0.25043340141593445
0.7503790742155009	0.2496209257844988
0.7493373715608884	0.25066262843911125
0.7499886355423481	0.2500113644576516
0.7505046507104105	0.24949534928958916
0.7492675086752287	0.25073249132477093
0.7498676746765338	0.2501323253234658
0.7501123513959649	0.24988764860403484
0.7504249079426413	0.24957509205735834
0.7502065337577843	0.24979346624221532
0.7498099833380577	0.25019001666194196
0.7494104328594801	0.2505895671405196
0.749735552083396	0.2502644479166036
0.7494201398084637	0.250579860191536
0.7504658316392888	0.24953416836071085
0.7501005531680458	0.24989944683195392
0.7502459284006497	0.24975407159934987
0.7502644659881513	0.24973553401184834
0.7502471402838002	0.24975285971619943
0.7505088272147868	0.24949117278521277
0.7501682965092901	0.2498317034907096
0.7497582636588374	0.25024173634116226
0.7503017352351733	0.24969826476482632
0.750034923985178	0.2499650760148217
0.7503032474886051	0.2496967525113945
0.7502653060762686	0.24973469392373104
0.749819815534583	0.2501801844654167
0.7498841530673181	0.2501158469326815
0.749644443871781	0.2503555561282187
0.7503233424528909	0.24967665754710877
0.7500662132670933	0.24993378673290634
0.7502966231915986	0.2497033768084011
0.7500038434721359	0.24999615652786383
0.7498256070804339	0.2501743929195658
0.7504997374357006	0.24950026256429902
0.7493889124751446	0.25061108752485506
0.7495887491505402	0.2504112508494595
0.749676982780219	0.2503230172197806
0.7494085821424802	0.2505914178575195
0.7503385118276351	0.24966148817236455
0.7495282356145005	0.2504717643854992
0.75042599334931	0.24957400665068957
0.7497128937033716	0.2502871062966281
0.7504364619262143	0.24956353807378545
0.7501190772605768	0.2498809227394228
0.7504530605474724	0.24954693945252732
0.7504694044938569	0.2495305955061427
0.7501612959680276	0.24983870403197206
0.750044716436726	0.24995528356327368
0.7499491950406585	0.25005080495934123
0.7503870303136586	0.2496129696863411
0.750237031714502	0.2497629682854977
0.7503834725685683	0.2496165274314313
0.74975337845903	0.2502466215409696
0.7494450344779591	0.2505549655220406
0.7500569438744793	0.2499430561255203
0.750099413076482	0.24990058692351763
0.7499257559349266	0.2500742440650731
0.7492556289943514	0.2507443710056483
0.7498409357599388	0.25015906424006085
0.75010965456067	0.24989034543932964
0.7494203379321667	0.25057966206783294
0.749449192577406	0.25055080742259356
0.7499063799010692	0.2500936200989305
0.7496507416109799	0.2503492583890198
0.7496937830493902	0.25030621695060945
0.7497365810906949	0.2502634189093048
0.7494360066766995	0.25056399332330015
0.7492136723381257	0.25078632766187386
0.7491974065358862	0.2508025934641135
0.7497862283061829	0.25021377169381676
0.749546096561017	0.2504539034389826
0.7494816275674934	0.2505183724325063
0.7494158528266115	0.2505841471733881
0.7494957515212706	0.2505042484787291
0.7499226329363323	0.25007736706366734
0.7501745614010078	0.2498254385989918
0.7499304332582173	0.2500695667417824
0.7495949759416162	0.2504050240583835
0.749426737585289	0.2505732624147107
0.7502612659916184	0.24973873400838137
0.7505150838680921	0.2494849161319076
0.7492251007015405	0.2507748992984592
0.7499580253819262	0.2500419746180734
0.749893433289697	0.2501065667103026
0.7499686450585581	0.2500313549414415
0.7503289196644021	0.24967108033559754
0.7492135783799658	0.25078642162003384
0.7494104444146461	0.25058955558535356
0.7498817598710783	0.25011824012892137
0.7497450226824902	0.25025497731750945
0.7504815585766633	0.2495184414233364
0.7497004350937129	0.2502995649062868
0.749234141922667	0.25076585807733265
0.7493428469184398	0.25065715308155995
0.7492764442099195	0.2507235557900802
0.7501324171022987	0.24986758289770095
0.749754997060171	0.25024500293982865
0.7495007947979919	0.25049920520200775
0.7494759353500747	0.25052406464992494
0.7492777070082677	0.250722292991732
0.7496389220643755	0.2503610779356241
0.7498008784698923	0.25019912153010737
0.7496874585074034	0.2503125414925963
0.7502510352079328	0.24974896479206687
0.7492986332283289	0.25070136677167076
0.7501765095131914	0.2498234904868083
0.7493047556435717	0.25069524435642804
0.7496454425652967	0.2503545574347029
0.7503664577548604	0.24963354224513923
0.7498649093435035	0.2501350906564962
0.749849080828602	0.25015091917139765
0.7496107481884607	0.2503892518115389
0.7497550774735736	0.25024492252642605
0.7501702569058949	0.24982974309410477
0.7495292518765124	0.2504707481234873
0.7496921767605211	0.25030782323947853
0.74974775178404	0.2502522482159597
0.7496649211491507	0.25033507885084894
0.749492502875705	0.25050749712429465
0.7500366151955054	0.24996338480449432
0.7498766912691521	0.25012330873084754
0.7504457628242105	0.24955423717578917
0.7501057484649918	0.24989425153500783
0.7495059495077725	0.2504940504922272
0.7495150910665203	0.25048490893347936
0.7501476057798662	0.2498523942201335
0.7497370286321609	0.2502629713678388
0.7502619729033819	0.24973802709661774
0.7503746920148727	0.24962530798512694
0.7503093212302581	0.24969067876974155
0.750374031750277	0.24962596824972272
0.7500844900176867	0.24991550998231293
0.7494563968010048	0.2505436031989948
0.7492207590142698	0.2507792409857299
0.7497823678802413	0.25021763211975834
0.7503588844810898	0.24964111551890988
0.7494598592526884	0.2505401407473113
0.7504687040822509	0.24953129591774875
0.7501619361126539	0.2498380638873458
0.7495814516902026	0.25041854830979704
0.7499568346418684	0.25004316535813137
0.7496528665149996	0.25034713348500004
0.7493598314412101	0.25064016855878957
0.7499792296950976	0.2500207703049021
0.7495252830296293	0.2504747169703704
0.7498973944420386	0.250102605557961
0.7495889514070639	0.2504110485929358
0.7502133617924585	0.24978663820754116
0.7492182420387671	0.2507817579612326
0.7500987752445332	0.24990122475546644
0.7497937965958656	0.2502062034041341
0.7495970905419876	0.250402909458012
0.7498050630103118	0.25019493698968787
0.7498451877393862	0.2501548122606134
0.7497079261724338	0.2502920738275659
0.7496082614402624	0.25039173855973723
0.7503287748541816	0.24967122514581808
0.7499833036731453	0.2500166963268544
0.7499830465567076	0.2500169534432921
0.750015884328524	0.24998411567147572
0.749198982754575	0.2508010172454247
0.7503345697036383	0.2496654302963613
0.7502773553315687	0.24972264466843103
0.7501937626120971	0.24980623738790253
0.749413237180014	0.2505867628199857
0.7501009142588223	0.24989908574117736
0.750162224831659	0.24983777516834071
0.7491950288937259	0.25080497110627376
0.7495122551078051	0.25048774489219466
0.7499505179956036	0.2500494820043961
0.7498031806797065	0.2501968193202931
0.7498022947995836	0.25019770520041607
0.7503302992237533	0.24966970077624645
0.7498599496933838	0.25014005030661596
0.7502583605999673	0.2497416394000324
0.7494109780093599	0.2505890219906398
0.7502186182582775	0.2497813817417222
0.7504759014855058	0.24952409851449392
0.7501086653478464	0.24989133465215324
0.7502867518465444	0.24971324815345525
0.7504056236509313	0.24959437634906834
0.749552225521589	0.2504477744784107
0.7495508625550942	0.25044913744490543
0.7494358208771245	0.2505641791228752
0.7497019725080264	0.2502980274919733
0.7498137213559037	0.2501862786440959
0.7504173747228919	0.24958262527710773
0.7492881497680479	0.2507118502319517
0.7495774598066426	0.2504225401933571
0.7495962299150414	0.25040377008495834
0.7500747157221064	0.2499252842778933
0.7505146061224782	0.24948539387752144
0.7496858497902227	0.250314150209777
0.750466766675528	0.2495332333244717
0.7504666978847284	0.24953330211527125
0.7501484166887401	0.24985158331125956
0.7497545508524058	0.25024544914759383
0.7504996158959734	0.2495003841040263
0.7505118269997859	0.24948817300021375
0.7498795952936377	0.250120404706362
0.7499265794388096	0.2500734205611901
0.750374541349033	0.2496254586509667
0.7502080347174649	0.24979196528253472
0.7492910452712496	0.2507089547287501
0.7497165988240969	0.25028340117590275
0.7499696201975096	0.2500303798024901
0.7500953289458786	0.24990467105412106
0.749243041035866	0.25075695896413364
0.7498391419155653	0.25016085808443433
0.7494507467255903	0.25054925327440936
0.7502088884006248	0.24979111159937484
0.7492106153273078	0.25078938467269185
0.7505010608339446	0.2494989391660551
0.7499041718673998	0.2500958281325999
0.749621781717653	0.25037821828234663
0.7503824599923747	0.24961754000762493
0.7495791353025593	0.2504208646974404
0.749451176161851	0.2505488238381487
0.7497855491271166	0.2502144508728831
0.7500519834306718	0.24994801656932786
0.7504148838330467	0.24958511616695295
0.7501178457572256	0.24988215424277405
0.7495752343380508	0.2504247656619488
0.7503889810701809	0.2496110189298188
0.7504535481480459	0.24954645185195384
0.7499439288595212	0.25005607114047845
0.7498883930796094	0.2501116069203903
0.749578407871126	0.2504215921288737
0.7501131351075705	0.24988686489242912
0.7492296281448375	0.25077037185516216
0.7503422288368915	0.24965777116310817
0.749191193018704	0.2508088069812957
0.7492423537890311	0.2507576462109685
0.7497876130927119	0.2502123869072878
0.7503711519007967	0.24962884809920294
0.7496133075791069	0.2503866924208928
0.7494030785065445	0.25059692149345514
0.749987098712832	0.2500129012871677
0.7503902731192803	0.24960972688071936
0.7501898039194718	0.2498101960805279
0.7499816391557315	0.2500183608442682
0.7498997005211991	0.2501002994788005
0.7501191004167873	0.2498808995832124
0.7497771322238236	0.2502228677761761
0.7497828067371874	0.2502171932628122
0.7496275416680529	0.2503724583319467
0.749713803073642	0.2502861969263577
0.749339255427639	0.25066074457236065
0.7496181822948507	0.25038181770514906
0.7502478852530268	0.24975211474697284
0.7496579755634318	0.25034202443656783
0.7494708251273248	0.25052917487267484
0.749910167647878	0.2500898323521217
0.7497941343182263	0.2502058656817734
0.7504983602160596	0.24950163978394002
0.7493569027903011	0.2506430972096986
0.7496874945354044	0.2503125054645953
0.7501167142391776	0.24988328576082214
0.7497050911974752	0.2502949088025245
0.7500076778675274	0.24999232213247224
0.7501371607269489	0.2498628392730507
0.749401041587485	0.25059895841251467
0.7496643222233381	0.2503356777766615
0.7498548282853769	0.2501451717146228
0.7503233477851095	0.24967665221489016
0.7503348764873309	0.24966512351266879
0.7498839576378591	0.2501160423621406
0.7497991294622418	0.25020087053775786
0.7500036315353543	0.24999636846464535
0.750285491049079	0.24971450895092057
0.7492172148101193	0.2507827851898804
0.7500385921914945	0.24996140780850523
0.750473092915364	0.24952690708463565
0.7503974757524476	0.24960252424755208
0.7495949179476535	0.25040508205234613
0.7501540389862755	0.24984596101372414
0.7502181428862041	0.24978185711379552
0.7493329856337481	0.25066701436625155
0.7499630125336522	0.2500369874663475
0.7500638893206054	0.24993611067939425
0.7502826283959804	0.2497173716040193
0.7500326674841941	0.2499673325158056
0.7498515887605208	0.25014841123947884
0.7504537312653213	0.24954626873467833
0.7494487122125912	0.2505512877874084
0.7504176138666581	0.24958238613334155
0.7493768024542281	0.25062319754577156
0.7496026960264311	0.2503973039735685
0.7504104170170753	0.24958958298292427
0.7493817941505778	0.2506182058494219
0.750368761329341	0.24963123867065856
0.7494733138745283	0.25052668612547135
0.7494894858174375	0.25051051418256215
0.750252949993667	0.24974705000633263
0.7496496710415963	0.25035032895840337
0.7502587767470459	0.24974122325295378
0.7494587272038624	0.2505412727961372
0.7503557499921734	0.2496442500078263
0.7492938730981461	0.25070612690185357
0.7502342606270317	0.24976573937296798
0.7493433072826055	0.2506566927173942
0.7493626145268596	0.2506373854731401
0.7499884060299686	0.25001159397003103
0.7496627204547218	0.25033727954527785
0.7502773238951943	0.24972267610480536
0.7501424402731347	0.2498575597268649
0.7500597622534655	0.24994023774653412
0.7496680486338996	0.2503319513661001
0.7502742665798754	0.24972573342012433
0.7499981009655764	0.25000189903442327
0.7494438229921727	0.2505561770078269
0.7493959224959789	0.2506040775040208
0.7501522455427518	0.24984775445724777
0.7499674731558359	0.2500325268441638
0.7502276881718224	0.24977231182817727
0.7501728663838119	0.24982713361618786
0.7499908872992171	0.2500091127007825
0.7492257877035085	0.2507742122964913
0.7493749903718567	0.25062500962814294
0.7505127201961701	0.24948727980382956
0.7497569095275832	0.25024309047241644
0.749745123155842	0.2502548768441577
0.7496964778641338	0.2503035221358658
0.7491915499483128	0.2508084500516868
0.7497531380271633	0.2502468619728364
0.7493967642764501	0.2506032357235496
0.7503714226666451	0.24962857733335458
0.7491952403572167	0.2508047596427829
0.7494069725528222	0.2505930274471775
0.7498842283721135	0.2501157716278861
0.7503891388182783	0.24961086118172138
0.7495272557964969	0.2504727442035028
0.7493475717417766	0.2506524282582231
0.749531948983478	0.2504680510165217
0.750428701812001	0.24957129818799856
0.749483802288584	0.25051619771141564
0.7501559555638156	0.24984404443618402
0.749999074011962	0.25000092598803764
0.7499930552393114	0.2500069447606883
0.7494545543940959	0.25054544560590375
0.7499082416619581	0.25009175833804154
0.7496680525269905	0.2503319474730092
0.7494709314535076	0.25052906854649204
0.7502090935845086	0.24979090641549107
0.7496391001125464	0.2503608998874533
0.7504646274238869	0.2495353725761128
0.7500622428124946	0.24993775718750505
0.7493812638103643	0.25061873618963537
0.7505086162840484	0.24949138371595125
0.7498069317281084	0.2501930682718912
0.7504569342386479	0.24954306576135177
0.7504159091476049	0.24958409085239475
0.7495765935672349	0.25042340643276473
0.7497514008623365	0.2502485991376631
0.7492989235527425	0.2507010764472572
0.7501902267323908	0.24980977326760895
0.7502603719429968	0.2497396280570029
0.7495655173704676	0.250434482629532
0.7495070572628592	0.2504929427371405
0.7495463691490205	0.25045363085097916
0.7495361636091388	0.2504638363908609
0.7501790373359544	0.2498209626640453
0.7497678891265014	0.25023211087349834
0.7499179340066999	0.2500820659932997
0.749907350615509	0.2500926493844907
0.7492015673843604	0.2507984326156392
0.7496227318942944	0.25037726810570526
0.7494519803713556	0.25054801962864404
0.7501134917425485	0.24988650825745123
0.7493568765112354	0.2506431234887643
0.749926245140166	0.2500737548598337
0.7494974305051645	0.25050256949483524
0.7502102454130781	0.24978975458692154
0.7497504860478307	0.250249513952169
0.7500763742853995	0.24992362571460008
0.7496174362367332	0.2503825637632665
0.7503913460825651	0.24960865391743453
0.7501191197581536	0.24988088024184613
0.7499128341740298	0.2500871658259699
0.749987844557209	0.25001215544279065
0.7504079475875038	0.24959205241249588
0.7493269450842246	0.25067305491577513
0.750096482021112	0.2499035179788876
0.749936650352857	0.2500633496471427
0.75050950848058	0.24949049151941977
0.749734068247087	0.2502659317529126
0.749525183227076	0.2504748167729237
0.750178890354344	0.24982110964565557
0.7502874800655047	0.24971251993449495
0.7493020469728	0.25069795302719966
0.7499032590698645	0.2500967409301351
0.7497708469720966	0.25022915302790305
0.7499970391108752	0.25000296088912444
0.7493164688782583	0.2506835311217414
0.7496371038286247	0.2503628961713749
0.7492591415274121	0.2507408584725876
0.7504593423416615	0.24954065765833816
0.7494667568628897	0.25053324313710995
0.7497057311144367	0.25029426888556294
0.7496769476035788	0.25032305239642083
0.7497737615346272	0.25022623846537256
0.75016585975346	0.24983414024653972
0.7499882321931508	0.2500117678068488
0.7503575189357145	0.24964248106428522
0.7503498557835203	0.24965014421647935
0.7497703381918779	0.2502296618081218
0.749362670866621	0.25063732913337866
0.7497976200565466	0.25020237994345307
0.7500490910680819	0.24995090893191768
0.7494122275644313	0.25058777243556835
0.7497117164848536	0.2502882835151461
0.7502602048172795	0.24973979518272021
0.7504788076360269	0.2495211923639728
0.7500807599506996	0.24991924004930005
0.7495286088904538	0.25047139110954586
0.7495251683092752	0.2504748316907245
0.750486625579436	0.24951337442056365
0.7501077346649201	0.24989226533507952
0.7498010135749333	0.2501989864250663
0.7495331041627723	0.25046689583722737
0.7494121304908998	0.2505878695090999
0.7503310966401355	0.24966890335986408
0.7499815159237132	0.25001848407628646
0.7503686497221453	0.24963135027785432
0.7504813806990103	0.24951861930098945
0.75042767117832	0.24957232882167973
0.7505047324324687	0.249495267567531
0.7496336854776459	0.2503663145223538
0.749332000521939	0.2506679994780606
0.7505032866347128	0.2494967133652869
0.7500284006594782	0.2499715993405215
0.7494828744646383	0.2505171255353613
0.7494094150560773	0.25059058494392245
0.7494323987647014	0.2505676012352983
0.7497775620151457	0.25022243798485394
0.7494802161845802	0.2505197838154195
0.7492765757376609	0.25072342426233873
0.7502427980408105	0.24975720195918916
0.7497681643773033	0.2502318356226963
0.7493780694926064	0.25062193050739323
0.7494385393147156	0.2505614606852841
0.749382285358887	0.2506177146411127
0.7502808177504634	0.2497191822495362
0.7499100370426323	0.2500899629573674
0.7495641905371593	0.25043580946284033
0.7498852753068862	0.25011472469311347
0.7496633027910153	0.2503366972089844
0.7494552589816262	0.25054474101837343
0.7505112239442149	0.24948877605578484
0.7503433295767041	0.24965667042329548
0.7501463726973391	0.24985362730266059
0.7500071194736074	0.24999288052639224
0.7500049509613976	0.24999504903860204
0.7500459076840693	0.24995409231593035
0.7494817701017406	0.2505182298982591
0.7502992139325126	0.24970078606748708
0.7497195983438346	0.25028040165616505
0.7494834911247718	0.2505165088752279
0.7502641764037057	0.24973582359629404
0.7494654000675555	0.2505345999324442
0.7499296909666288	0.2500703090333709
0.750506396930593	0.24949360306940677
0.7500311638039676	0.24996883619603205
0.7492448600597554	0.2507551399402443
0.7503734616982961	0.24962653830170356
0.7503070903571087	0.24969290964289098
0.7503158237842333	0.24968417621576638
0.7499552314167042	0.2500447685832955
0.7501448878850028	0.2498551121149969
0.7495754233285634	0.2504245766714362
0.7498949012710853	0.2501050987289144
0.749337813481791	0.25066218651820865
0.7503357225319363	0.24966427746806336
0.7495489553615837	0.2504510446384159
0.7499783663702297	0.2500216336297699
0.749666200954796	0.2503337990452037
0.75004819610707	0.24995180389292976
0.7500336044374303	0.24996639556256944
0.7498205802247205	0.25017941977527913
0.7495367320897007	0.25046326791029894
0.7493660265418187	0.25063397345818095
0.7503456631185617	0.24965433688143795
0.7504944041280306	0.24950559587196908
0.7496488984207699	0.25035110157922985
0.7499159392564676	0.250084060743532
0.7493525804475586	0.2506474195524411
0.7493331565230347	0.250666843476965
0.7495709936803708	0.25042900631962883
0.7499728801928022	0.2500271198071975
0.7500051235832437	0.249994876416756
0.7497706682967272	0.25022933170327244
0.750294738631974	0.24970526136802568
0.7500823521059237	0.249917647894076
0.7494588636075363	0.25054113639246334
0.7504850139853669	0.24951498601463268
0.7498278342246625	0.2501721657753372
0.7492477013231776	0.250752298676822
0.750374523913757	0.24962547608624264
0.7495305655838782	0.2504694344161215
0.7496787474864963	0.25032125251350335
0.7495162706069689	0.25048372939303076
0.7492914122739228	0.25070858772607685
0.7500270529294449	0.24997294707055473
0.7503712961116065	0.24962870388839326
0.7494465694540264	0.25055343054597323
0.7492405413480527	0.25075945865194693
0.7499634230616432	0.25003657693835646
0.7502068497140215	0.24979315028597815
0.7492272516470692	0.2507727483529305
0.7499634356684389	0.25003656433156074
0.7497791115048831	0.2502208884951166
0.7495083718780388	0.2504916281219609
0.7498052019391185	0.2501947980608812
0.7492823336962613	0.2507176663037384
0.7501354956350959	0.24986450436490382
0.7498867252852877	0.250113274714712
0.7499944435179038	0.2500055564820959
0.7496985578742001	0.2503014421257995
0.7500883034072299	0.2499116965927698
0.749922467205941	0.25007753279405864
0.7496932204436216	0.25030677955637803
0.7500658894516145	0.2499341105483852
0.7492139651498203	0.25078603485017936
0.7501952876830671	0.24980471231693263
0.7497979492739926	0.2502020507260071
0.7501076327710304	0.24989236722896924
0.7492127001381598	0.2507872998618399
0.749222428452974	0.2507775715470257
0.750114912325075	0.24988508767492468
0.7495078517743081	0.25049214822569155
0.7503833487429712	0.24961665125702848
0.7497750181021099	0.2502249818978898
0.7496433533694005	0.2503566466305992
0.7492694960044649	0.25073050399553476
0.7496066343403904	0.25039336565960923
0.749390268489998	0.2506097315100017
0.74961582004569	0.2503841799543096
0.7494253544185596	0.2505746455814401
0.7496183891868864	0.2503816108131133
0.7492306483844713	0.25076935161552844
0.7503960857903231	0.24960391420967648
0.7502589864117378	0.24974101358826184
0.7494506054292209	0.25054939457077874
0.7499012552876576	0.250098744712342
0.7503324826489546	0.2496675173510451
0.7498315827935982	0.2501684172064015
0.7498863886155928	0.2501136113844069
0.7499790742386472	0.25002092576135243
0.7494640857662167	0.2505359142337829
0.7501368933028278	0.24986310669717182
0.7495142565777112	0.25048574342228846
0.7492982179998636	0.25070178200013604
0.7498810275370978	0.2501189724629018
0.7493759536679762	0.2506240463320235
0.7500823767153464	0.24991762328465322
0.749522049366782	0.2504779506332176
0.7498032114681128	0.2501967885318869
0.7504598204114148	0.24954017958858488
0.7501390369887193	0.24986096301128036
0.7498496956881462	0.2501503043118534
0.7504535813796789	0.2495464186203208
0.7495919515812819	0.25040804841871783
0.7503617278128818	0.24963827218711782
0.7503072337738763	0.24969276622612335
0.7492482079262075	0.25075179207379217
0.7496189613298636	0.2503810386701361
0.7500334399593823	0.24996656004061735
0.750362719962487	0.24963728003751262
0.7494450794187	0.25055492058129963
0.7494403005132269	0.2505596994867728
0.7494763026716263	0.2505236973283733
0.7495081902448683	0.2504918097551314
0.7505080764539513	0.24949192354604838
0.7500727343564598	0.24992726564353984
0.7492050981788746	0.25079490182112507
0.7502116111744164	0.24978838882558335
0.7491915897111479	0.2508084102888518
0.7503114140451475	0.24968858595485216
0.7504246078628276	0.249575392137172
0.7496576740404857	0.25034232595951406
0.749205892758886	0.2507941072411137
0.7503213612643067	0.24967863873569301
0.7499765248461474	0.25002347515385226
0.7498722846868273	0.2501277153131723
0.7500265729229922	0.24997342707700743
0.750076163637801	0.24992383636219867
0.7503441675258584	0.2496558324741413
0.749972128910761	0.25002787108923863
0.749286964490634	0.25071303550936563
0.7492986410290998	0.2507013589708998
0.75013773821177	0.24986226178822962
0.750027623969422	0.24997237603057765
0.7501936760877266	0.24980632391227314
0.7503818541572056	0.24961814584279407
0.7501720862800749	0.2498279137199248
0.7498593944256127	0.250140605574387
0.7501474382510733	0.24985256174892634
0.7493113915288232	0.25068860847117647
0.7501142262254183	0.24988577377458138
0.7496043099843795	0.2503956900156201
0.7502702891143762	0.24972971088562346
0.7492079667729834	0.25079203322701626
0.7493351483407471	0.25066485165925256
0.7504162563341119	0.24958374366588776
0.7505101913326258	0.24948980866737397
0.7496772402887223	0.2503227597112774
0.7501978110320473	0.2498021889679523
0.7497125238535708	0.2502874761464289
0.7502118317099629	0.2497881682900368
0.7503708212646129	0.24962917873538681
0.7493860183601381	0.2506139816398616
0.7499586165276827	0.25004138347231697
0.749357623729291	0.2506423762707086
0.7497198493946801	0.2502801506053196
0.7492912045356718	0.2507087954643279
0.7497197802546695	0.2502802197453302
0.7503353729513385	0.24966462704866127
0.7501259929480437	0.249874007051956
0.7496054418728421	0.2503945581271576
0.749768239442145	0.2502317605578547
0.7494367774818897	0.2505632225181099
0.749283421006628	0.25071657899337163
0.7502961277758012	0.24970387222419843
0.7497301172749502	0.2502698827250494
0.7497952556173226	0.25020474438267704
0.7502142925392707	0.24978570746072887
0.7495182440179176	0.25048175598208205
0.7494084000171447	0.25059159998285496
0.7502335358209401	0.24976646417905957
0.7498743310163709	0.25012566898362876
0.7503144803156789	0.24968551968432073
0.7505172844290122	0.2494827155709875
0.7499338216647361	0.25006617833526357
0.7503211510610857	0.24967884893891407
0.7497162842334575	0.25028371576654224
0.7493029812946284	0.2506970187053713
0.7499446125254173	0.25005538747458234
0.7499433389335153	0.25005666106648444
0.7494537507140099	0.2505462492859898
0.7504368336011509	0.2495631663988488
0.7504629253356668	0.24953707466433284
0.7501394689526735	0.2498605310473262
0.7503276508239491	0.24967234917605058
0.7492296816147975	0.25077031838520214
0.7495129780685932	0.2504870219314065
0.7494497635859229	0.2505502364140768
0.7504451126385832	0.24955488736141646
0.749917684785822	0.2500823152141777
0.7499148567253164	0.2500851432746833
0.7494680591027794	0.2505319408972203
0.7492424084050793	0.25075759159492045
0.7498678420132688	0.25013215798673083
0.7500044830811323	0.2499955169188674
0.7503352199962445	0.24966478000375508
0.7501376704873292	0.2498623295126705
0.749398348705447	0.2506016512945527
0.7494001950550314	0.25059980494496825
0.7495015721848162	0.2504984278151835
0.750290373552976	0.2497096264470237
0.7496094247169394	0.2503905752830603
0.7501477889893002	0.24985221101069943
0.7500834026461277	0.24991659735387195
0.7500159480856081	0.2499840519143916
0.7493368594005907	0.250663140599409
0.7492524515745425	0.2507475484254572
0.7496129824761562	0.2503870175238435
0.7502488079023152	0.24975119209768448
0.7500339780249299	0.24996602197506973
0.7494129120373442	0.2505870879626555
0.74940870141493	0.2505912985850696
0.7492913090825984	0.2507086909174012
0.7496417727385675	0.2503582272614322
0.7499273447544771	0.2500726552455226
0.7495677049059408	0.2504322950940589
0.7498878592569382	0.2501121407430614
0.7498933614374573	0.25010663856254234
0.7499098971317999	0.25009010286819977
0.7502074951983273	0.2497925048016723
0.7492807760894353	0.25071922391056434
0.7494518284588951	0.25054817154110454
0.7497936312453318	0.25020636875466784
0.7495041673267244	0.25049583267327524
0.7499179534896118	0.2500820465103879
0.7503663658362267	0.249633634163773
0.7504236574285742	0.24957634257142547
0.7498135019446022	0.2501864980553975
0.7495861410773115	0.25041385892268814
0.7498688209680464	0.2501311790319533
0.7501143991086388	0.24988560089136086
0.7503218225389907	0.249678177461009
0.7492958745464777	0.2507041254535219
0.7494471734644292	0.2505528265355704
0.7498874105033566	0.25011258949664306
0.7500069488800118	0.24999305111998776
0.7498782273234852	0.2501217726765145
0.74981280595943	0.25018719404056966
0.7501378496212961	0.24986215037870352
0.7503658298082092	0.2496341701917904
0.7494361757929088	0.2505638242070909
0.7495333242816345	0.2504666757183651
0.7499607790283087	0.25003922097169096
0.7498615703454693	0.25013842965453037
0.7502787087127729	0.2497212912872268
0.7503049707658687	0.24969502923413106
0.7501223009742355	0.24987769902576412
0.7501074511152814	0.2498925488847183
0.7496152945849072	0.2503847054150925
0.7497496013743745	0.25025039862562515
0.7500178924497247	0.249982107550275
0.7497662446878893	0.25023375531211034
0.74960857156499	0.2503914284350097
0.7500834108421923	0.2499165891578074
0.7494857730537148	0.25051422694628483
0.7504754703630996	0.24952452963690003
0.749669286625952	0.2503307133740477
0.750284842627899	0.2497151573721007
0.7496922079740092	0.25030779202599057
0.7497404391512834	0.2502595608487162
0.749696173856198	0.2503038261438017
0.7493604700716878	0.25063952992831184
0.7495742248734512	0.2504257751265485
0.7502361784271785	0.24976382157282118
0.7503059482132413	0.2496940517867584
0.7504650200681322	0.24953497993186752
0.7497886200422729	0.2502113799577268
0.7501255288327844	0.24987447116721523
0.7492229704439224	0.2507770295560772
0.7497380411591308	0.2502619588408689
0.7503108543125654	0.24968914568743422
0.749232422350938	0.25076757764906166
0.7494979754950527	0.25050202450494696
0.7493218270339522	0.25067817296604744
0.7494047845285903	0.2505952154714094
0.7498934703435773	0.2501065296564223
0.7500723844439715	0.24992761555602816
0.7500679794899143	0.24993202051008528
0.7498477772315795	0.25015222276842025
0.7501881469967047	0.24981185300329506
0.7499121766630488	0.2500878233369509
0.7501907482164015	0.24980925178359814
0.7494481538965126	0.250551846103487
0.7504847347411305	0.24951526525886913
0.7495244154150986	0.2504755845849011
0.7500264439583977	0.24997355604160204
0.7499264194541713	0.25007358054582834
0.7502718703152484	0.24972812968475122
0.7498513823335672	0.2501486176664325
0.7495058087224398	0.25049419127755995
0.7497071398537305	0.25029286014626917
0.7498724769200488	0.2501275230799509
0.7504983611169221	0.24950163888307753
0.7494157975555102	0.2505842024444895
0.7503193245190849	0.24968067548091477
0.7496700079925525	0.2503299920074472
0.7500692652875407	0.24993073471245897
0.7498209718763154	0.25017902812368426
0.7495846958530482	0.25041530414695146
0.7499939455109703	0.25000605448902935
0.7491913867031639	0.2508086132968358
0.749567215502223	0.2504327844977767
0.7503211803414458	0.24967881965855393
0.7503344785144641	0.2496655214855356
0.7502421074964247	0.24975789250357489
0.7500755526651415	0.24992444733485825
0.7501296788589011	0.24987032114109858
0.7501587885036065	0.24984121149639316
0.7500703070549715	0.2499296929450282
0.7498980859865803	0.2501019140134194
0.7502083537102322	0.2497916462897674
0.7496619766271239	0.2503380233728758
0.7492997801952996	0.2507002198047001
0.7495492857614133	0.25045071423858634
0.7504011684714383	0.24959883152856133
0.7500954081093721	0.24990459189062753
0.7495671387850175	0.2504328612149822
0.7504115506259815	0.24958844937401814
0.7497090023676606	0.2502909976323391
0.7504965491359232	0.24950345086407644
0.7496319803482202	0.25036801965177946
0.7494975761387133	0.25050242386128646
0.7501752370115582	0.24982476298844147
0.7494083872053994	0.2505916127946003
0.7495264620818947	0.250473537918105
0.7502602631774422	0.24973973682255746
0.7502975854218576	0.24970241457814207
0.7497330963945555	0.2502669036054441
0.750040637335194	0.24995936266480562
0.7493765209905064	0.2506234790094932
0.7500647530464476	0.24993524695355207
0.7500792536501169	0.24992074634988276
0.749405710435988	0.25059428956401164
0.7498066855496244	0.25019331445037524
0.7492733865521006	0.25072661344789904
0.7492472176908036	0.25075278230919607
0.7502756248053654	0.2497243751946343
0.7497327533298748	0.25026724667012495
0.7495396821721243	0.2504603178278754
0.7498876225712221	0.2501123774287775
0.7496860396512501	0.25031396034874953
0.7502135876226449	0.24978641237735477
0.7499199054501771	0.2500800945498226
0.7504216446654324	0.2495783553345673
0.7495919101044406	0.250408089895559
0.749490033608571	0.25050996639142864
0.7503726859771302	0.24962731402286947
0.7496072098532099	0.2503927901467897
0.750443479767599	0.24955652023240077
0.7494439434255779	0.2505560565744218
0.7503102919190631	0.2496897080809366
0.7504474518659071	0.24955254813409256
0.7504671654487358	0.2495328345512639
0.7502130967048123	0.24978690329518738
0.7501935567887281	0.2498064432112715
0.750491721054819	0.24950827894518063
0.7494551268377697	0.25054487316222995
0.7494387204633488	0.2505612795366508
0.7502820739543313	0.24971792604566834
0.7503855952376108	0.2496144047623889
0.7492325960692754	0.2507674039307243
0.7496857118984752	0.25031428810152445
0.7495511320130913	0.25044886798690835
0.7503709666022222	0.24962903339777737
0.7496167353361692	0.25038326466383043
0.7500585132424817	0.24994148675751793
0.7504210887597844	0.2495789112402153
0.7503375845635231	0.2496624154364766
0.7502838371056806	0.24971616289431903
0.7503151163428945	0.24968488365710517
0.7504999019862475	0.24950009801375217
0.7498456111603327	0.25015438883966695
0.7494061440362849	0.25059385596371475
0.7502396710577888	0.2497603289422109
0.7502197358699074	0.2497802641300923
0.7495596391931812	0.2504403608068184
0.749213587242948	0.2507864127570517
0.749919497406478	0.2500805025935217
0.749557831580004	0.2504421684199957
0.7493702499975964	0.2506297500024033
0.7492512755444181	0.25074872445558166
0.7492328153406939	0.2507671846593058
0.7504627601250238	0.24953723987497584
0.7502091778331201	0.24979082216687953
0.7504166855314175	0.24958331446858217
0.7494415992961643	0.2505584007038354
0.7502185604431343	0.24978143955686538
0.7504742361998318	0.24952576380016783
0.74943223098898	0.25056776901101957
0.7502548005734659	0.24974519942653367
0.7497272524313513	0.25027274756864837
0.7504704052100926	0.24952959478990716
0.7495728429023861	0.25042715709761354
0.7499670350912524	0.2500329649087472
0.750413029899714	0.2495869701002857
0.7504892984761403	0.24951070152385935
0.749316014190926	0.2506839858090737
0.7496205540669791	0.2503794459330205
0.749229870734346	0.2507701292656537
0.7497712739724582	0.2502287260275414
0.7500602079400002	0.2499397920599995
0.7500023648385777	0.24999763516142193
0.7495113321906859	0.2504886678093138
0.7503875495824188	0.2496124504175809
0.7502351601111547	0.249764839888845
0.7503338438587512	0.24966615614124849
0.7504220835142298	0.24957791648576988
0.7492447921630707	0.25075520783692895
0.7495463061612356	0.25045369383876404
0.749361246412609	0.25063875358739063
0.7504473517128487	0.2495526482871509
0.7494733615746483	0.2505266384253514
0.7500928988747826	0.24990710112521708
0.7501046618593133	0.24989533814068632
0.7502497721064088	0.24975022789359091
0.7496218052260429	0.25037819477395673
0.7492996274199499	0.25070037258004974
0.7504128945542445	0.24958710544575513
0.7500090825930583	0.2499909174069414
0.7495629955188768	0.2504370044811228
0.7493099733836577	0.250690026616342
0.7501145740303732	0.24988542596962654
0.7501086706192812	0.24989132938071845
0.7501219945026015	0.24987800549739814
0.7496634310195063	0.25033656898049333
0.749211251473203	0.25078874852679667
0.7504261182053944	0.24957388179460527
0.7499301066864135	0.2500698933135862
