0.24148428034949218	0.20681595990871263	0.10344739723635378	0.27593351230185514	0.172318850203586
0.2414858081604824	0.20687813917609138	0.10339429920609616	0.27592510112692276	0.17231665233040708
0.2414806320907375	0.2068395720746271	0.10343614235492116	0.275929736697015	0.17231391678269897
0.2414916421025847	0.20689195598597654	0.10338028237010961	0.2759233071065884	0.1723128124347405
0.2414747630482501	0.20682551366462246	0.10344636724849483	0.2759432323762451	0.17231012366238724
0.24149575527993283	0.20680619118565594	0.10344582970297425	0.2759429591337575	0.17230926469767924
0.24149174372700144	0.20682108487631273	0.10343209978610435	0.27593275340301837	0.17232231820756289
0.2415080658628269	0.20686096712241797	0.10337461505313905	0.2759471746178152	0.17230917734380066
0.24148981730768224	0.20689297320012745	0.10335148196551898	0.2759450790912603	0.17232064843541073
0.241492974470162	0.20682009336127927	0.10344459761722513	0.27593272107348066	0.17230961347785267
0.24147315625454885	0.2068121642139074	0.10346740056279871	0.2759249081176619	0.1723223708510829
0.24147671881588462	0.2068002040500284	0.10346807527228337	0.2759360471940952	0.17231895466770816
0.24150440420210634	0.20681802534429228	0.1034151929597193	0.275941144123536	0.17232123337034583
0.24147075588264028	0.20682143592182625	0.10345249018463726	0.2759342436488149	0.17232107436208102
0.24150229248977745	0.20681216068601238	0.10342546418385412	0.2759408239977383	0.17231925864261752
0.24147440142185853	0.20687183907029985	0.10341119464110639	0.27593056376499886	0.17231200110173614
0.24149023953383833	0.20685741848391279	0.10339280465667204	0.2759380664925602	0.17232147083301638
0.24149436482977873	0.20688190086945904	0.10337402674504254	0.27593673699631066	0.17231297055940878
0.2414959635161532	0.20681237273558487	0.1034318818216234	0.27594683440663276	0.1723129475200055
0.24150418702633297	0.20680356667946836	0.10344879715271173	0.27593467254773274	0.1723087765937539
0.2414827927252277	0.20683771582715996	0.10343265466260833	0.27593711449017555	0.1723097222948282
0.24150252614437	0.20681404034600961	0.10343363439977452	0.2759298526477332	0.17231994646211246
0.24146880818790803	0.20680626776224578	0.10347608872123269	0.27594058635241037	0.1723082489762029
0.2414709694618384	0.20688292028987273	0.10339860224885572	0.27593266316731546	0.1723148448321174
0.24149488081130166	0.20681935657128944	0.10344189967965298	0.2759311589665018	0.1723127039712539
0.24146843377249966	0.20683983764300504	0.10343108522275413	0.2759465932488475	0.17231405011289339
0.2415075681022784	0.20684389371275116	0.10338990993789648	0.2759461469819227	0.17231248126515097
0.24150039699745957	0.20681765854627313	0.10344122678541823	0.2759259147505303	0.17231480292031853
0.24147851215880967	0.2068416769929423	0.10343302528455013	0.2759333372409605	0.17231344832273712
0.24150927843323472	0.20686221885147174	0.10338013336549648	0.2759326055454174	0.17231576380437943
0.241494785716322	0.2068907967074266	0.10337226022562847	0.275930270359344	0.17231188699127872
0.24149539224574507	0.20689148296691007	0.10337259896547923	0.2759232432786464	0.17231728254321899
0.24148177017107636	0.206805565822137	0.10346238114790275	0.2759377972160615	0.1723124856428222
0.24148183233879258	0.20682490022250558	0.10343223944892609	0.2759386801643493	0.17232234782542616
0.2414749921038466	0.2068699298197129	0.10341168356619226	0.27592995578146384	0.17231343872878416
0.24150655705842916	0.20680509937532532	0.10344083453218386	0.2759321042921037	0.17231540474195772
0.24147478233205483	0.20681417248995843	0.10345836596804622	0.2759322026311849	0.17232047657875538
0.24148613362745708	0.20681121483805368	0.10345516553692889	0.27592942273062954	0.17231806326693055
0.2414884574511315	0.20682587357976479	0.10342822585462552	0.27594676146131236	0.17231068165316557
0.2414910667255289	0.20683674173782915	0.10342199599428421	0.27593009001916236	0.1723201055231951
0.24148978463124238	0.20681323216957986	0.10345392752635821	0.2759325874380983	0.17231046823472101
0.24148344049073062	0.20685110923603206	0.10340837536887963	0.27594144905736795	0.17231562584698948
0.24150224910104878	0.20682945747746928	0.10340945236193032	0.27594192545813456	0.17231691560141682
0.2414971216186683	0.2068079462871849	0.1034364706639574	0.2759434400553409	0.17231502137484825
0.24146827601361978	0.20682490058737907	0.10345593927209197	0.27594076296218567	0.17231012116472325
0.2414917033949818	0.2068018528777771	0.10345323286554149	0.27594307232015036	0.17231013854154897
0.24147521637150152	0.20684226376394188	0.10341650921037615	0.27594608788197283	0.17231992277220737
0.241507229344468	0.20686233761940567	0.10339331137958821	0.2759234886528545	0.17231363300368338
0.24150684197090888	0.20686613587681915	0.10336347323747047	0.2759473507586333	0.17231619815616792
0.24149102258021612	0.20683325144359502	0.10342039142248413	0.2759389469838922	0.1723163875698123
0.24150369460461588	0.2068654940792166	0.10339111758826988	0.27592360782517444	0.17231608590272296
0.2415018040762814	0.20680594466103747	0.10344209650715386	0.2759272732392	0.17232288151632702
0.2414889004142128	0.20680544962209088	0.10344669070532288	0.27594096514859767	0.1723179941097755
0.24150574703063238	0.20684860042132827	0.10338649551763697	0.27593726339086583	0.1723218936395363
0.24147636467647132	0.2068583797901618	0.1034222040602934	0.275923864973916	0.17231918649915723
0.2414833804239046	0.20684486448501654	0.10341557492651703	0.27593717824451525	0.1723190019200463
0.24150331751925805	0.20683233516652139	0.10340605256284682	0.27593598492406635	0.17232230982730717
0.2415049348354954	0.20687265654451398	0.1033758580139653	0.2759244735815576	0.1723220770244675
0.24149994394405228	0.20685926533399152	0.10338307358774444	0.27594544449053765	0.17231227264367385
0.24147505200937294	0.2068299735712678	0.10343277306810378	0.27594520703762637	0.17231699431362885
0.24147774745286843	0.20683571160207165	0.10344055564601155	0.2759375911611662	0.17230839413788196
0.24148441481347765	0.2068428406650986	0.10343381179167331	0.2759270657438865	0.1723118669858637
0.24150313252572309	0.2068440463872475	0.1033983121655851	0.27593995558816153	0.17231455333328255
0.2414788544242287	0.20684091906707694	0.10341479422606929	0.27594275536465374	0.1723226769179711
0.24148285456126523	0.20688931199080335	0.10337622170285102	0.2759367887386954	0.17231482300638473
0.24150123571285137	0.20686567459997413	0.10338291084954068	0.2759361543354246	0.17231402450220898
0.2414897689169257	0.20684097647282373	0.10342324626498589	0.2759369280921547	0.1723090802531097
0.24149282954725335	0.2068923542489489	0.10337310679405433	0.27592869775486445	0.17231301165487878
0.24147121703544333	0.20681404734720865	0.10345652786767608	0.27594486024590825	0.1723133475037634
0.24148192651877304	0.20682094877921714	0.10344746264155176	0.2759283294944818	0.17232133256597595
0.2414957540650562	0.20686653319123055	0.10339005866787095	0.27592482843255706	0.17232282564328505
0.24148999612746203	0.2068652123711346	0.10339289891638474	0.275933573539065	0.17231831904595335
0.24147927533750851	0.20682633360766717	0.10344669281474761	0.2759306323018736	0.17231706593820284
0.24149505964785736	0.20683554613598593	0.10341667167187492	0.27593642504115	0.17231629750313154
0.24150341747821932	0.20685671086641086	0.10339112612588519	0.2759288362932885	0.17231990923619586
0.24148428658910104	0.2068588996447606	0.10342197851331184	0.27592472647589417	0.17231010877693206
0.24150542397177027	0.2068063474695153	0.10345043247198138	0.2759288628154731	0.17230893327125973
0.2414836274566452	0.2068618011639751	0.1033994923926649	0.2759402509806441	0.17231482800607043
0.24147875961224452	0.2068586282094514	0.10340049519214886	0.27594645740184953	0.1723156595843055
0.24149700621262357	0.20689286009362984	0.10335582708273648	0.2759382523523711	0.17231605425863877
0.24147119813389462	0.20687710417822902	0.10339686885738318	0.27593824302456493	0.17231658580592807
0.24148807907819853	0.20688247392035997	0.10337459549096967	0.2759439671806616	0.17231088432981004
0.24147610146238885	0.20688861130010058	0.10338733773928803	0.2759363424999301	0.17231160699829218
0.24149373621620576	0.2068636828937794	0.1034061369248073	0.27592429172532357	0.17231215223988375
0.24147658027983535	0.20685909036084876	0.10340982498815678	0.27594182151964564	0.17231268285151322
0.2415025808962139	0.2068415111488401	0.10341132939984318	0.275936481198209	0.1723080973568935
0.24149958237884467	0.2068150772636985	0.10343025358799396	0.2759394623695258	0.17231562439993675
0.24149555248578375	0.20683080798313327	0.10342470530164043	0.27593740810499345	0.17231152612444886
0.2414980863888323	0.20683119709841993	0.10341659869575386	0.27593452792769807	0.17231958988929552
0.2414986421257099	0.20682465178459883	0.10341532640901524	0.2759396067096837	0.17232177297099205
0.24147571106049326	0.20680400145743602	0.10348316024283102	0.27592675939733713	0.17231036784190235
0.24150175434096505	0.2068243079505993	0.10342584420071278	0.27592816013286425	0.1723199333748584
0.24149088920805112	0.20686630709736606	0.10339961678725443	0.2759304440316398	0.1723127428756884
0.241478843790443	0.20686485795172152	0.10339558296813195	0.2759438402000861	0.1723168750896172
0.24147974086710725	0.20684214034938003	0.10343719596047288	0.2759323246525176	0.17230859817052208
0.24149846321867274	0.2068235146302696	0.10343242966797811	0.27593159128474115	0.17231400119833812
0.24149957466242739	0.2068332080012999	0.10341927117769782	0.2759260904236168	0.17232185573495784
0.24150774442568956	0.2068236401015863	0.1034016406194173	0.27594645715429317	0.17232051769901344
0.24149781041820054	0.20684281023973172	0.10339703875851866	0.2759464699792757	0.17231587060427317
0.2414835939352431	0.2068545694925486	0.10340571726070569	0.2759390966110449	0.17231702270045748
0.2414702060647187	0.20680297410699264	0.10347743226640854	0.27593740090779356	0.1723119866540863
0.2415060697935198	0.2068270111923049	0.10342027958239648	0.27592924067302055	0.17231739875875804
0.24148810148078054	0.20680866291009253	0.10344522059793856	0.2759420904758711	0.17231592453531702
0.2414943838811854	0.2068865567876537	0.10336802694137112	0.2759379886627458	0.17231304372704373
0.24149425468197633	0.2068036257192689	0.10345290631231105	0.2759323677823291	0.17231684550411433
0.2414791045425033	0.20680033201033193	0.10345869894678437	0.27594762637646486	0.17231423812391533
0.24147509249212654	0.20687443560467414	0.10339049512661341	0.2759457683300994	0.17231420844648632
0.24148349744521014	0.20683654761190626	0.1034261986062394	0.27593500617569366	0.17231875016095027
0.2414893629277542	0.20686457942111386	0.10341189048462031	0.27592456558848083	0.1723096015780306
0.24148390072448694	0.20685724051967339	0.10340714677492915	0.2759420037768092	0.17230970820410102
0.24147942095258582	0.20685189756196798	0.10341784792418506	0.2759309528120302	0.17231988074923077
0.2415024928350623	0.20684465441350947	0.10340449465507169	0.27593494971042254	0.17231340838593381
0.24150494982540488	0.20682649615850615	0.1034043982574523	0.27594523767745316	0.17231891808118324
0.24148289772058093	0.2068704191768539	0.10339247657673228	0.2759316642142961	0.17232254231153651
0.24149676110049387	0.2068849535880445	0.10337143793962744	0.2759262384080272	0.1723206089638067
0.24150570466769716	0.2068369808092172	0.10339265651187994	0.2759469154856478	0.17231774252555762
0.24147892429491302	0.20685613192665467	0.103415767904358	0.2759330931339558	0.17231608274011825
0.24149994198177976	0.2068100316423815	0.103452801431274	0.27592661567372795	0.17231060927083652
0.2415053097016866	0.20685521083535222	0.10337367448145904	0.2759474049063379	0.17231840007516402
0.24148558890742783	0.2068807701583113	0.10339183840815126	0.27592534149235415	0.1723164610337552
0.2415040412359166	0.20688447985256075	0.10335701858658634	0.27594064387510975	0.17231381644982632
0.24149690856037143	0.20687808015120224	0.10336461450729764	0.27593868737324284	0.17232170940788563
0.2415046214299893	0.20687429409750577	0.10337300000484488	0.27593849706111595	0.17230958740654384
0.24150061938995487	0.20688002747661835	0.10335851075296063	0.2759394349677014	0.17232140741276447
0.24150853277374162	0.20680790493833914	0.10343520614369124	0.27593535887370924	0.17231299727051855
0.24148591816509757	0.20682766299766142	0.103438324413711	0.2759284274702066	0.17231966695332313
0.24147606857179543	0.20685140076380584	0.10342669931340749	0.2759307875770242	0.17231504377396673
0.24150015241763986	0.2068417401914868	0.10339653136109546	0.27594258005731653	0.1723189959724611
0.24149963457249832	0.2068003798995231	0.10346276859463517	0.2759258444489532	0.17231137248438996
0.2414930071710313	0.20688830084089324	0.10337512619514398	0.2759345666197835	0.1723089991731477
0.2414801761902675	0.20687175264541546	0.10340417951491916	0.27592881880192366	0.17231507284747397
0.24147470610827718	0.20683888874583467	0.10344325753421352	0.2759231843171836	0.1723199632944908
0.24148363749211824	0.20682650072195555	0.1034403918989824	0.2759370502391605	0.17231241964778304
0.24148284240055262	0.20681369536534627	0.10344543681375423	0.27593872528590485	0.17231930013444174
0.24147186348194366	0.20681506859490797	0.10347626187469088	0.27592803056946247	0.17230877547899479
0.24146837461580845	0.20685451549185033	0.10343025721904478	0.27593158185153643	0.1723152708217598
0.24146855142168241	0.20683042383908962	0.10345708539549571	0.2759327856327491	0.1723111537109829
0.2414923436925751	0.20680477532715166	0.1034356884596781	0.27594470529067283	0.17232248722992205
0.24148467157965686	0.20680051072098218	0.10345763878533357	0.2759470634051607	0.17231011550886646
0.24150390106203823	0.20683892666934703	0.10342246128570244	0.27592433637611635	0.17231037460679574
0.24147259116375155	0.20683271395281833	0.10345436534567581	0.27593133261081987	0.17230899692693416
0.24149160481983079	0.20687766057316656	0.103376063546893	0.2759405033219618	0.17231416773814762
0.24147117766534276	0.20684351319273897	0.10341788197126676	0.275945575868226	0.17232185130242525
0.24147543246809444	0.20680171443967188	0.10346966539120792	0.27594129444467935	0.17231189325634616
0.241475848228943	0.20685080924023663	0.1034088978440499	0.2759467887797563	0.1723176559070139
0.24147053349433792	0.20684589642393902	0.1034432796404188	0.275931672237721	0.17230861820358298
0.24147535882933271	0.20683895208753061	0.10343107231489808	0.275945334932046	0.17230928183619237
0.24148463775946793	0.20680806707635294	0.10346392370195483	0.27593448389413244	0.1723088875680916
0.2414710019388402	0.2068302917603633	0.10346107532465193	0.2759283660390248	0.17230926493711948
0.2414774907500255	0.2068591617561476	0.10341518376947945	0.2759266234153402	0.17232154030900704
0.24150761364332873	0.20689371069150356	0.10336336160842613	0.27592689590038594	0.1723084181563554
0.24150222428458323	0.20683294614121436	0.10341762363752316	0.27593857936103056	0.1723086265756484
0.24148155530105334	0.20688039212389173	0.10339081431141312	0.2759374349741297	0.17230980328951187
0.24150747215032503	0.20687749059853905	0.10335308728104686	0.27594290787993164	0.17231904209015714
0.24150876897028145	0.20684085634785748	0.10340101386250677	0.2759316641066053	0.17231769671274877
0.24149523563208516	0.20682261130111962	0.10342380718909328	0.27593571613203094	0.1723226297456708
0.2414873163258639	0.20684103321207165	0.10341478049205495	0.2759428427019247	0.1723140272680845
0.24148895114070118	0.2068476802080301	0.10340996619645436	0.27593463539509944	0.17231876705971466
0.24147986096409824	0.20689117845859814	0.1033717111519457	0.27594266787540156	0.17231458154995613
0.24149377678392503	0.20689193960568614	0.10335132386412355	0.27594604749649265	0.1723169122497724
0.24150725846440046	0.2068888568140888	0.10335445007558743	0.2759355297051814	0.1723139049407416
0.24150404993975838	0.20684077544391444	0.10340096324163298	0.27594459663817544	0.17230961473651854
0.24147786173971048	0.2068521585410582	0.1034202811790417	0.2759411551499662	0.17230854339022314
0.24150835584480246	0.2068441325478662	0.10338285767878409	0.2759459661572849	0.17231868777126208
0.24150764606123376	0.20684293716956414	0.10340568871500448	0.275925130772984	0.1723185972812134
0.24150643013126183	0.20687652610570226	0.1033596982188373	0.2759345303842433	0.17232281515995507
0.24146802173542464	0.2068477242585542	0.10343404644678258	0.2759349299165903	0.172315277642648
0.24148046739696388	0.20682907314808782	0.10342539612516882	0.2759434416837403	0.17232162164603887
0.24150239205972387	0.20680272760454127	0.10343044937234913	0.27594312082144984	0.17232131014193564
0.24149989934759425	0.2068547118002241	0.10338833293135706	0.27594568007561726	0.17231137584520706
0.24150843867577004	0.2068756308524427	0.10337004757518138	0.27593181029471264	0.17231407260189296
0.24149630523845933	0.20682084604107176	0.10343523110160324	0.27593288582573766	0.17231473179312778
0.2414809466508686	0.20680783788985765	0.10346036674806602	0.2759404049097855	0.17231044380142196
0.24148330180015778	0.20682649928782643	0.10344615235641817	0.27593199009292557	0.1723120564626718
0.24149611057416728	0.20689177434026712	0.10334945668647541	0.27594611909990674	0.1723165392991832
0.2414680367941077	0.20681248251932932	0.10346702561119579	0.2759428439417514	0.17230961113361554
0.24149228677908482	0.20685725621290124	0.10340107116697098	0.27593069594774905	0.1723186898932937
0.24147233355685174	0.20688633664766246	0.10340035139072616	0.2759321354744476	0.17230884293031176
0.24150855645581454	0.20687785566465933	0.10336279926983424	0.27592890169185164	0.17232188691784
0.24148827973936704	0.20687895808828946	0.10338294659296605	0.2759331888529127	0.17231662672646453
0.2414944636695145	0.20685452903009313	0.10338778263227659	0.27594365378303964	0.17231957088507588
0.241470816072192	0.20682606222489316	0.10346720859269781	0.275925719865903	0.17231019324431382
0.24148292764967658	0.2068248205703099	0.10343111069615193	0.2759470272949044	0.17231411378895695
0.24148332768987582	0.20686399096994376	0.10340072109682191	0.275937472544368	0.1723144876989902
0.24147050750686705	0.206847271250785	0.10342929748267964	0.2759315862965217	0.17232133746314637
0.24149784044217604	0.20687109329215175	0.10336630250365929	0.27594195956770196	0.17232280419431073
0.24146964677093746	0.20681418579610666	0.10347430002018441	0.27592333055507506	0.17231853685769616
0.24149951579625056	0.20687508312331476	0.10336600643716477	0.27594258538681493	0.17231680925645473
0.24150806531259572	0.20687953300671277	0.10335830606594945	0.27593521342845184	0.17231888218629
0.2414953235475667	0.20680081221677693	0.10344692755003275	0.27593492704195693	0.17232200964366645
0.24146843022384878	0.20685470106904297	0.10343998349868312	0.27592878002452764	0.17230810518389722
0.24148446855380515	0.20680773360094895	0.10346752686592425	0.275928672165817	0.1723115988135044
0.24150218306669713	0.20683732911787137	0.10342567418598848	0.27592319611228555	0.1723116175171572
0.2415047443076989	0.20681570335931926	0.10342427204283508	0.27593765610400167	0.17231762418614488
0.24148461921351264	0.20681437224454324	0.10346315254213573	0.2759286635707345	0.17230919242907364
0.2414858016688964	0.2068502925552644	0.10340976831723563	0.2759411252253254	0.1723130122332779
0.24147707484194675	0.20687503641948368	0.10339918593324075	0.27593195249330005	0.1723167503120285
0.24148451261234877	0.20682700792861267	0.10344841898623477	0.2759243039215712	0.17231575655123232
0.2414911822405746	0.20681664307394904	0.10343071871370133	0.27594480829940704	0.1723166476723678
0.2415036869682733	0.2068154274490888	0.10341803483889883	0.27594092385697366	0.17232192688676515
0.24148283527155628	0.20687987451569184	0.10338421846251863	0.27593086925853716	0.17232220249169586
0.2414773801034053	0.2068655223165994	0.1034015096778385	0.27594136579868433	0.1723142221034722
0.2414768785744516	0.20683657227407723	0.10343864049152898	0.2759366636960432	0.17231124496389874
0.24147546595566555	0.20685991588186387	0.10341113163660012	0.2759450494890907	0.1723084370367795
0.24147848293835558	0.20680451388165189	0.10347337116915838	0.2759237574751896	0.1723198745356443
0.24150848037716244	0.2068134571138856	0.10344188771851405	0.2759237399739788	0.17231243481645891
0.24150408476221913	0.20680507392024314	0.10345288953453571	0.2759230734306169	0.17231487835238488
0.24147610522275229	0.20689355535427048	0.10337921947316017	0.27593086483163487	0.17232025511818194
0.2414806796361966	0.20688444318208155	0.10338423757205834	0.27593570338448625	0.17231493622517702
0.24147167031653827	0.20681160319736272	0.10345771296343387	0.2759423583079026	0.1723166552147623
0.24148271349243655	0.20681840449210045	0.10345356965115186	0.2759336008792672	0.1723117114850436
0.24147341815415319	0.2068313365037346	0.10346025234058136	0.27592608689099274	0.17230890611053792
0.24148263351255828	0.2068397985567749	0.10341260280139035	0.27594697365241544	0.17231799147686083
0.24149252997135176	0.2068084697347653	0.103457803187117	0.2759300551859315	0.17231114192083424
0.24147021874239621	0.20680554690511704	0.10346799969302864	0.2759453840869076	0.1723108505725502
0.2414818590626764	0.20681293534866838	0.10345746404391724	0.2759273974878266	0.17232034405691113
0.24147974422230675	0.2068420378239858	0.10343553835959701	0.27592311347994775	0.17231956611416244
0.2414680268217053	0.20682542975052484	0.10345748043663751	0.2759266509634526	0.1723224120276795
0.2414925757582364	0.2068558675665602	0.1033904548963774	0.27594163835882246	0.17231946342000332
0.24146992614536544	0.20680329721122526	0.10348374712998187	0.27593295718994804	0.17231007232347914
0.24147341705490655	0.20686779951150433	0.10340011727365196	0.2759467384481399	0.17231192771179707
0.2414804347970278	0.2068264874837335	0.10342598160570539	0.2759451132457704	0.17232198286776262
0.24147660005850433	0.20687170346398293	0.10340877309668993	0.27592647120184066	0.17231645217898192
0.24148126412422943	0.2068373533238816	0.10342427834112387	0.27594346339752673	0.1723136408132381
0.24148679648745802	0.20682429018852702	0.10342707383104041	0.2759408034171197	0.17232103607585464
0.2414785321528854	0.20685849574624907	0.10340809262321324	0.2759379334321769	0.17231694604547515
0.24150601029170454	0.2068272866235978	0.10341787252912586	0.2759351537368197	0.17231367681875184
0.2415107717683882	0.2068851896296592	0.10335824550645256	0.2759298649708343	0.17231592812466548
0.24146810404218538	0.20686182703537198	0.10342292135029886	0.275928810373244	0.17231833719889947
0.24147827003400257	0.20688475554300056	0.10337391136809207	0.27594010815072856	0.172322954904176
0.2414860588255265	0.20686636063226152	0.10339370031616753	0.27594247276442174	0.1723114074616224
0.24147967916980548	0.20684326684896964	0.10343224957205312	0.2759266784838683	0.1723181259253032
0.24148555540726788	0.20681533374315098	0.10344088181972368	0.27593668040879626	0.172321548621061
0.2414967742700792	0.2068661650937614	0.10338767186934177	0.275933415635838	0.17231597313097935
0.2414769938814452	0.2068885952562145	0.10339087875840236	0.2759339387847869	0.17230959331915077
0.24150401534301413	0.20686641413194864	0.10337633515341482	0.27593189518712047	0.17232134018450168
0.2414727561558875	0.20683139020420066	0.10343871397627259	0.27594002886049873	0.17231711080314027
0.2414693841882936	0.20688272898102314	0.10339701904686457	0.2759360446212805	0.17231482316253793
0.24150612219853404	0.20687296390571477	0.1033770060161882	0.27593021735298195	0.17231369052658077
0.24150923710779537	0.20686693880754395	0.10337907843345034	0.2759241872233447	0.17232055842786537
0.24147072196907074	0.20687616434069553	0.10341024038592096	0.2759300954416475	0.17231277786266505
0.24149078219141878	0.20683912980626898	0.103406970530764	0.27594755684878736	0.17231556062276063
0.24146931597348528	0.20684167225044628	0.10342645896708534	0.2759399197473272	0.17232263306165568
0.2414957809192326	0.20684218145327649	0.10340633878582989	0.27594432819815173	0.17231137064350904
0.24149633690194222	0.20685869865834375	0.10338299187809406	0.2759452118645566	0.17231676069706314
0.24147642417110798	0.20685444253699223	0.10341497372899436	0.27594434780885724	0.17230981175404794
0.24150895237860384	0.2068456455409194	0.10339795567264115	0.2759254437409262	0.17232200266690917
0.24149972341405662	0.20685266190736185	0.1033933528733841	0.27594023927245426	0.17231402253274292
0.24150764988875956	0.206812672805419	0.10342449319612707	0.2759416620319678	0.17231352207772638
0.24146848879208543	0.20685959034933868	0.10340941850166165	0.2759440642568721	0.17231843810004185
0.24148606295169145	0.2068355227923112	0.10344115082983811	0.27592782423750206	0.17230943918865696
0.24150347141730752	0.2068172817314813	0.10341864087408939	0.2759474141416784	0.17231319183544314
0.24149525945747236	0.20682743930869688	0.10343102308226067	0.2759240229022623	0.17232225524930753
0.24147088989580723	0.20684545235795743	0.10343513245622506	0.27593896429855863	0.17230956099145145
0.24148159927759685	0.20685024818384098	0.10340939935313335	0.27594009314213364	0.1723186600432949
0.24147147343291647	0.2068818984247102	0.10338691652078626	0.27593781751272	0.1723218941088668
0.2415021163426789	0.2068857586921262	0.10336133672120561	0.2759302270620638	0.1723205611819252
0.2414844834586522	0.20688985217487169	0.10337279276298078	0.27593178969910626	0.17232108190438886
0.24147836874474554	0.20687645274346916	0.10339817475974927	0.2759289352145107	0.17231806853752515
0.24149171349241166	0.2068427448205556	0.10340901831433065	0.2759478765178546	0.1723086468548473
0.24147601064381397	0.20688810991254158	0.10338982732580597	0.2759235054444107	0.17232254667342756
0.24148557472723442	0.2068579879520271	0.10341012746859954	0.2759301245800119	0.1723161852721268
0.24148184245080853	0.2068885880139894	0.10337455516088782	0.2759407787371999	0.1723142356371141
0.24150522777848496	0.20687309206493973	0.1033791156353569	0.2759233987388806	0.1723191657823375
0.2414724339543306	0.20689296820916103	0.10338374115958085	0.27592974163977224	0.17232111503715503
0.2415038260419139	0.20684436582405255	0.1034077314550421	0.27592485536624545	0.17231922131274574
0.2414977745341398	0.2068112537601709	0.10342642799991135	0.27594683248648616	0.17231771121929162
0.24149763190870632	0.20684832776618087	0.10340441876377023	0.27593953174902497	0.17231008981231732
0.2414822441978483	0.2068813676812634	0.10337183025244721	0.2759449076857504	0.1723196501826904
0.2415030869102761	0.20686716136993447	0.10337422121007703	0.2759372240090817	0.1723183065006304
0.2414914070509783	0.20681649869470697	0.10345557595402793	0.2759271330950605	0.172309385205226
0.24148018185701264	0.20680284301093893	0.10346981004324053	0.2759292405003939	0.17231792458841366
0.24149284178473193	0.206829784100773	0.10342583857411791	0.2759312217466758	0.1723203137937011
0.24148824513095904	0.20683594133905422	0.1034411812906868	0.27592343057259944	0.17231120166670028
0.24148736110871993	0.2068487266171293	0.10342289423007676	0.27592494250063376	0.17231607554344
0.24149760862375252	0.20686075791033426	0.10338523413763531	0.27594719410318086	0.1723092052250968
0.24148128996344065	0.20684120871737402	0.10342772034264419	0.2759326275612129	0.172317153415328
0.24148301834476965	0.20688407187276425	0.10338808904398436	0.275927413359743	0.17231740737873844
0.24147540529481537	0.20681401619856396	0.10345787245435713	0.2759331120350591	0.17231959401720418
0.24150222396031015	0.20684864800996655	0.10340681271321307	0.27593277347537515	0.17230954184113487
0.24149960256626146	0.2068172322703869	0.10341371671834945	0.275947684999855	0.17232176344514694
0.24149368602393573	0.20685655713573525	0.10340390290205569	0.27593125401070806	0.172314599927565
0.24150968745823817	0.20686230389294694	0.10338011372920548	0.27593524671637826	0.1723126482032309
0.24149277976083774	0.20686850439067148	0.1033752343655612	0.27594302276958227	0.17232045871334709
0.24149410228073476	0.20680747101020058	0.10344285805683515	0.2759377452816063	0.17231782337062296
0.2414782043136282	0.20680791567253504	0.10346278483488008	0.27592870204937103	0.17232239312958542
0.24149845882425514	0.20684502099553614	0.10340454023776327	0.27593365786650814	0.17231832207593709
0.24149454535615428	0.20680671158229957	0.1034504109138105	0.27593764485739186	0.17231068729034357
0.24150950974523339	0.20683647025567511	0.10341736690474186	0.27592301131185437	0.17231364178249506
0.2414931619195302	0.20686985319069157	0.1033845413724295	0.27593166730939467	0.17232077620795377
0.24147789156535363	0.20680978408549192	0.1034651002569292	0.27592851018226267	0.17231871390996237
0.24149317276312074	0.20686984631388636	0.1033798775610157	0.2759382420032556	0.17231886135872132
0.24147872256707612	0.20686597167473436	0.10339924462300432	0.2759417847329202	0.17231427640226477
0.241480470882739	0.20683917887933503	0.10342156816069668	0.2759403132750211	0.17231846880220794
0.24150063566002444	0.20686202203368947	0.10339421526012556	0.2759277641354377	0.1723153629107226
0.2414923439896041	0.20685330402870034	0.10339803936632694	0.2759476483954049	0.17230866421996346
0.24151012400903743	0.2068711136262976	0.10337738595208437	0.27592911152473326	0.17231226488784704
0.24147571957047959	0.20686623988696937	0.10342152943922796	0.27592621754622637	0.17231029355709646
0.24149407766445471	0.20684287298533302	0.10341957856883265	0.2759249110034594	0.17231855977792002
0.24148796586566568	0.2068353155326264	0.10341391549431479	0.2759407158832343	0.17232208722415854
0.2414859193950621	0.20681618178768285	0.10346119311130642	0.27592839010459697	0.17230831560135143
0.24147232734115825	0.20681156973519665	0.10345985153874118	0.2759479563900789	0.17230829499482475
0.24148448768846406	0.20682301266222758	0.10344832536650436	0.2759305156035307	0.17231365867927304
0.24147035405616457	0.2068381045045738	0.10344171193944068	0.27593612519701877	0.1723137043028019
0.24149834469081477	0.20683812686803002	0.10340483541768772	0.2759399553107501	0.1723187377127172
0.2414872576651183	0.20686121351638267	0.10339414484461823	0.27594008289453636	0.17231730107934418
0.24149249807054196	0.20689006339055474	0.10336706487398192	0.2759401371681959	0.17231023649672522
0.24149640234613917	0.2068892422108202	0.10335397164625755	0.2759433100644097	0.1723170737323731
0.24149223184135626	0.20686403334035866	0.10340124783132705	0.27592564527257235	0.17231684171438538
0.24149862367698643	0.2068891035600699	0.10337342340388467	0.27592937730126066	0.17230947205779812
0.24148549612575337	0.20686180741283985	0.10338744537112186	0.27594284594797	0.17232240514231467
0.24149427090981246	0.20688133625899427	0.10338113045707335	0.2759282476211043	0.17231501475301536
0.2415018166428043	0.2068597832579918	0.10339649482293894	0.2759246957275593	0.17231720954870544
0.24147249520478153	0.20685750282982096	0.10340693411641758	0.27594384043516657	0.17231922741381314
0.24151036226424222	0.2068808046480245	0.10335752237272725	0.27592981191227217	0.17232149880273356
0.2414687201044329	0.20688612455070896	0.10340508791852894	0.27593047338458476	0.1723095940417442
0.24147888554738353	0.20689325240526335	0.10336858193504876	0.27594417104359287	0.17231510906871125
0.24147609029151218	0.20687410150382216	0.10340033587692372	0.27592727942005035	0.17232219290769132
0.24147669384129464	0.2068073538674938	0.10346624255361378	0.2759376766713641	0.17231203306623344
0.2414681589905452	0.20682530891540143	0.10346904054982206	0.27592890035876333	0.17230859118546776
0.2414868548643858	0.20680762522046914	0.10345760170383908	0.27593862458709617	0.17230929362420952
0.24148227471502387	0.20682466774498473	0.10346015090305063	0.2759241094530519	0.1723087971838886
0.2415099403780543	0.20687365276316524	0.10337484278022668	0.27592791105921605	0.1723136530193375
0.24149285420856897	0.20685230814949956	0.10340954890701022	0.27592568131845524	0.17231960741646576
0.24149745681228535	0.2068239652221179	0.10341968457176814	0.275937501563863	0.17232139182996536
0.2414965198407643	0.20685067979121236	0.10339673787437935	0.2759431156765819	0.17231294681706183
0.2414883044490811	0.2068022801420828	0.10345439419470571	0.2759423794246867	0.17231264178944347
0.2414776421429027	0.20685821113236272	0.10343108994956661	0.2759233768742185	0.17230967990094925
0.24148752687612554	0.20683848173366845	0.10343222919703847	0.27592576899806787	0.17231599319509944
0.24148964275541399	0.2068405432562982	0.10342837811548947	0.2759239089947667	0.17231752687803137
0.24150721567734598	0.20682003729284887	0.10340934873031196	0.27594217103428764	0.17232122726520532
0.24148847324234024	0.20684141024261812	0.10341957888142564	0.2759318586917909	0.1723186789418249
0.2414826336800418	0.20684240556150127	0.10341898320169726	0.2759348971285843	0.1723210804281751
0.2415012185100787	0.2068538008766405	0.10339847754686812	0.2759240051184009	0.17232249794801158
0.24149491907834988	0.20684812771752129	0.10340370148841552	0.27593040156815113	0.17232285014756193
0.24147331629966515	0.20682364881542492	0.10346076169757104	0.2759339248021514	0.17230834838518727
0.24148434745941483	0.2068061970355231	0.10345784696567974	0.27593217759110056	0.1723194309482815
0.24147500791497495	0.20680847161334176	0.10346257890340253	0.2759392345578624	0.17231470701041812
0.24151038886231987	0.206818024842921	0.10341727443774475	0.27593326999602197	0.1723210418609922
0.24150539166193952	0.2068701710057505	0.10336626933689734	0.2759369269699138	0.17232124102549862
0.2414956152808948	0.20687892110831296	0.10337711452344271	0.2759269779369046	0.17232137115044466
0.24148632341564413	0.20689104867408104	0.10336488273809527	0.2759437894772332	0.17231395569494617
0.24146876494134706	0.20686574673505886	0.10340545323848106	0.2759394939143845	0.1723205411707283
0.24150935694813136	0.2068174317168721	0.10343744101033263	0.2759233046218805	0.17231246570278316
0.24149053829032052	0.20680120664730597	0.10346434011437183	0.27593127356021774	0.17231264138778365
0.24150414166618545	0.2068510341974469	0.10339840476960577	0.2759319534258039	0.17231446594095778
0.2415017603748296	0.20685881884542368	0.10337282873913463	0.275945720114096	0.17232087192651582
0.2414864357538148	0.20684804380076321	0.1034126093190331	0.27593633171316606	0.1723165794132226
0.24147983402077977	0.2068651799812344	0.1033873545485814	0.27594644767727877	0.1723211837721254
0.24149511061939272	0.20687025850284319	0.10338595306778639	0.2759282048937056	0.1723204729162719
0.241470822696174	0.2068076405803377	0.1034739805046566	0.2759323638301966	0.17231519238863482
0.24147185264826138	0.20680495673232158	0.10346424525124277	0.2759426340194497	0.17231631134872433
0.24146979248158354	0.20686875453207124	0.10340854254174765	0.27593381230499675	0.1723190981396006
0.2415074243242608	0.20685302123419902	0.10339527907217369	0.2759267760724892	0.17231749929687704
0.2414993964298807	0.20687448309970066	0.10338566699321211	0.2759245860274191	0.17231586744978722
0.24147239219786498	0.20685505554975891	0.10342403688754877	0.27593848202535165	0.1723100333394754
0.24149069628487274	0.20688019325598087	0.10337300691728313	0.27594346201263087	0.17231264152923215
0.24147961479533142	0.20689036713372205	0.10338196778237474	0.2759319083579962	0.17231614193057535
0.2414813697734228	0.206854204853281	0.10342213755056649	0.2759245489578697	0.17231773886485974
0.2414681365563885	0.2068336580258932	0.1034581816001243	0.27593141550874534	0.17230860830884845
0.24149925357497343	0.20683791529176387	0.10341559468123068	0.2759389626705326	0.1723082737814992
0.2414858094162154	0.2068747127432076	0.10339826621333092	0.275928416806724	0.17231279482052192
0.24148837271751328	0.20681127532267232	0.10345215126254888	0.2759326943464172	0.17231550635084808
0.2415081080367557	0.2068105355304619	0.10342409639661948	0.2759444113473881	0.17231284868877456
0.24149279349335745	0.2068441189559985	0.10341407966580973	0.2759334227359208	0.17231558514891332
0.2414896430593934	0.20685076219798493	0.10340441261978996	0.2759410890917082	0.17231409303112322
0.24150485123218285	0.2068095594382149	0.10344389450985061	0.27593336914816846	0.17230832567158294
0.24147818551870023	0.20681721566885758	0.10345874349465645	0.27593696795834743	0.17230888735943806
0.24149318579378073	0.20680338553618427	0.10343459718381007	0.275947688591765	0.17232114289445968
0.24148432454226296	0.20687992378745157	0.10338146209278712	0.27593993852243043	0.1723143510550677
0.2414990831007045	0.2068632745852143	0.10337723729151344	0.27594143255386083	0.1723189724687067
0.24150159587747283	0.20683126333091906	0.10341805124969325	0.2759291520534008	0.17231993748851385
0.24150617087638482	0.2068765056417451	0.10336193545115072	0.27594007711730706	0.17231531091341207
0.24149187744962752	0.20686080598264117	0.1033880803795305	0.2759443141887454	0.17231492199945517
0.24147893676387328	0.20681131501677508	0.10346505060227058	0.27593182952064543	0.17231286809643542
0.2414802245252642	0.20687023555493772	0.10339745087167611	0.27593355813360065	0.1723185309145211
0.2414798560726537	0.20682717619448984	0.10344327266908261	0.27592998192754825	0.17231971313622535
0.24149156912186553	0.20680626580745423	0.10344703029949431	0.2759340309562447	0.172321103814941
0.24147067771189462	0.20681654696020788	0.10346888798672084	0.2759239570508685	0.17231993029030795
0.24151075206626776	0.20686455265276354	0.10337306155302846	0.27592920539665733	0.17232242833128264
0.2414879930625858	0.20689106575644564	0.10337494375227169	0.27592902593556	0.17231697149313663
0.24148729725285165	0.20687111315973383	0.10337722497022658	0.275946725149712	0.17231763946747566
0.24147863246057494	0.20685248165217857	0.10341854169454354	0.2759422387887579	0.1723081054039448
0.24147149912879767	0.20684312389920947	0.10341857836544868	0.2759464388724431	0.17232035973410087
0.24147442733044916	0.20681258512119122	0.10347052748579884	0.27593087180205356	0.17231158826050696
0.24146817524855874	0.20686786877312466	0.10340873244793668	0.27594703917965235	0.1723081843507273
0.2414753857863825	0.2068722800150309	0.10339646239509795	0.27593572807684463	0.17232014372664373
0.24148052776237205	0.2068208403840822	0.10344243732463139	0.2759464456333887	0.17230974889552536
0.24150870840203267	0.20682924107349906	0.10341758590354685	0.2759244642865149	0.17232000033440628
0.2414923129996676	0.2068758953145361	0.10336762581703153	0.2759432803703375	0.17232088549842703
0.24150441032231995	0.20688864091261272	0.10334914115935988	0.275936937609122	0.1723208699965852
0.24150627405912117	0.2068820681143335	0.10335642719314488	0.2759431929241911	0.17231203770920908
0.24147096358825748	0.20687008414433955	0.10340231424674148	0.2759364679358378	0.17232017008482342
0.2415036558418751	0.20681632863127936	0.10342944962891198	0.275940943235792	0.1723096226621413
0.24147419458754796	0.20684191462488266	0.10343326062435115	0.27593839714056323	0.17231223302265478
0.24147540236236384	0.2068474232607555	0.10342984419026766	0.27592715276198576	0.17232017742462702
0.2414977667937592	0.20686766152772212	0.10337643880452879	0.27594733438693175	0.17231079848705788
0.24149114781855158	0.20687380579476392	0.10339106956646557	0.2759265236138337	0.172317453206385
0.24148510907789839	0.20685686402799386	0.10341871180431968	0.27592749925623306	0.1723118158335548
0.24150585686654746	0.20685642514312405	0.10339756557558698	0.2759312228467767	0.17230892956796456
0.24146840903303057	0.20681715171448625	0.1034742017801393	0.2759246772343822	0.17231556023796143
0.2414745532232032	0.20681973945607565	0.10346982291981809	0.27592701465422975	0.17230886974667303
0.24150037867334026	0.20681237467415853	0.10343824795004701	0.2759296248301369	0.17231937387231708
0.24148676262260638	0.20681737374405978	0.10345579819177904	0.2759268803329925	0.17231318510856206
0.2414861111804831	0.20682097371327154	0.103441853329138	0.2759330943355092	0.17231796744159789
0.24149978073601452	0.20681959825687152	0.10341612458867899	0.27594371791766814	0.1723207785007666
0.2414893877571868	0.20682021010053878	0.10343347797264739	0.2759404177594549	0.1723165064101719
0.24147091576152258	0.20681657723813918	0.10346098761991347	0.27594299805144623	0.1723085213289783
0.2414856608954783	0.2068099615659614	0.10345263171693529	0.2759311724719396	0.17232057334968515
0.24150808902452342	0.2068846852731116	0.10335602888039473	0.27593144489378757	0.17231975192818244
0.2414725149299178	0.20686604965131977	0.10340113576344293	0.2759467446351767	0.1723135550201425
0.24147901158767687	0.206804783153022	0.103473090280339	0.27592328621451945	0.1723198287644424
0.24147290496562973	0.20680789674847302	0.10346713915488298	0.275930588649904	0.17232147048111002
0.24149571405955572	0.20687962488622613	0.10337065425732334	0.2759457839950229	0.1723082228018717
0.24150695066738298	0.20684275403453156	0.10339969011972946	0.2759396046224474	0.17231100055590837
0.24147418553835454	0.20689005614538478	0.10339039349596464	0.2759331962670332	0.17231216855326256
0.24151003710212254	0.20687298976550575	0.1033768316605722	0.2759245157545386	0.1723156257172606
0.24149462512702224	0.2068396778086655	0.10343250948499032	0.2759242154623851	0.17230897211693663
0.24150950119719597	0.2068420709215989	0.10341352447270541	0.275925597672544	0.1723093057359555
0.24148705211317056	0.20685326092427062	0.10341893994748025	0.27592656388837683	0.17231418312670146
0.24148098515483668	0.2068689180390667	0.10339972732367349	0.2759413905667529	0.17230897891566999
0.24148867171090438	0.20684301140361613	0.10340776940112421	0.2759422049064949	0.17231834257786008
0.24150276261235806	0.20683113083511792	0.1034315422017278	0.27592627415875737	0.17230829019203864
0.24149743346551522	0.2068421682867061	0.10341754050846366	0.275926220014941	0.17231663772437378
0.24150667681477092	0.206814485899668	0.10342453757097321	0.2759365646285588	0.1723177350860288
0.2415091483789069	0.20680583683260303	0.10343572221535957	0.27594017398518056	0.1723091185879497
0.24148751979738592	0.20688833621768637	0.10337511430863831	0.2759298775945213	0.17231915208176785
0.2414977618030067	0.20684635575123428	0.10338834831421806	0.2759473957403092	0.17232013839123156
0.24147838031879426	0.2068329208354144	0.10343913557313268	0.2759282608209369	0.17232130245172153
0.24149518039192644	0.20682900826781075	0.10341018972474122	0.27594508487304015	0.17232053674248116
0.2414911584176863	0.20683355130134815	0.10342488143166101	0.2759314023630732	0.1723190064862311
0.24151039766058002	0.20684856028113857	0.1033880996890073	0.27593025142366184	0.17232269094561203
0.24150219970889816	0.20685915410339625	0.1033969842689997	0.27593335363709137	0.1723083082816143
0.24148528581183998	0.20685020273479623	0.10340115091864543	0.2759460609761595	0.17231729955855862
0.24150011733549764	0.20684637028164954	0.10341632657391014	0.27592558930457023	0.1723115965043722
0.2414952787269297	0.20683537935627835	0.10341741124221153	0.2759434537445151	0.172308476930065
0.24150722449772097	0.20684320843515971	0.10338922559580944	0.2759399102947382	0.17232043117657142
0.24149040241276065	0.2068449723783648	0.10342606049388214	0.2759267871347875	0.1723117775802046
0.24149707504447532	0.20685301440441636	0.10341619922900666	0.27592408590759304	0.17230962541450837
0.24148495484128413	0.20682134073826547	0.10345591776024515	0.275924027699869	0.17231375896033604
0.24150687184127634	0.20684266369854304	0.10340041943684573	0.27593950343537604	0.17231054158795858
0.24147235356126975	0.20682560393568095	0.10344759008994164	0.27594262647308854	0.17231182594001887
0.24146895113110786	0.20685998057453955	0.10343032131961749	0.2759258126384224	0.17231493433631243
0.24148259865541233	0.20680462494269986	0.10344684121901651	0.2759455131005712	0.1723204220822999
0.2414851520366978	0.20682693472653363	0.1034355592680782	0.27593156564323773	0.17232078832545242
0.24147412805715723	0.20688291718477475	0.10338850766096412	0.2759376885590297	0.17231675853807393
0.2414792989431867	0.20684650742568222	0.10343568985512847	0.2759262185312556	0.1723122852447468
0.24148058696143979	0.20686300123153403	0.10342119339319376	0.2759258269016649	0.17230939151216731
0.2414756870025806	0.206851695833894	0.10342576766424745	0.2759300034420807	0.17231684605719705
0.24149906525443862	0.20689282147722038	0.10336649093618185	0.27593325979777306	0.17230836253438586
0.24150309009534976	0.20684570314206854	0.10340183256784401	0.2759389017447167	0.17231047245002074
0.24149337128134205	0.2068929960152376	0.10335761911973065	0.275935410364541	0.17232060321914844
0.24148047391504726	0.2068296485891104	0.10344135993830446	0.2759275849083348	0.1723209326492028
0.24147495935881358	0.20686716865036459	0.10341300697555787	0.27592946827775966	0.17231539673750407
0.24150301489694692	0.20687942731904405	0.10335271816284179	0.2759427776309786	0.1723220619901884
0.24146830527346036	0.20687735490550319	0.1034119866001991	0.27593173844152435	0.17231061477931275
0.24150932108242798	0.20685625166526078	0.10339514951315078	0.27592528269051864	0.17231399504864156
0.2414730780261175	0.20686026280340533	0.10341591871190359	0.2759287705188395	0.1723219699397338
0.2414734605704856	0.20683732844070243	0.10343892454019984	0.27594131153449813	0.17230897491411373
0.24149026519444522	0.2068153431870036	0.10343974329781525	0.27594318489533115	0.17231146342540452
0.24149247623932316	0.20682544607710485	0.10342890788305066	0.27593479655292663	0.17231837324759447
0.24148573982745886	0.20687163277094883	0.10339264212057739	0.27593699851714104	0.1723129867638736
0.24147575545999372	0.2068733134033204	0.10339947141024804	0.2759417994642109	0.17230966026222672
0.24149697320662944	0.20683032855002645	0.1034328566965621	0.27593119812320055	0.1723086434235812
0.24147864952795234	0.20680879156219711	0.10347818572793485	0.2759233139566726	0.17231105922524287
0.24150223433300327	0.20683373569673422	0.10341687453705119	0.27593411805987567	0.17231303737333536
0.24148017004853978	0.20689174289886203	0.10337874143906518	0.27593670528198927	0.17231264033154348
0.24147873501993766	0.20686178534217248	0.1034053214303059	0.27594229442251716	0.17231186378506655
0.24148136254107327	0.2068131101220365	0.10345817874975219	0.27593037567566914	0.17231697291146866
0.24148851904343593	0.20686985325932947	0.10339892053075762	0.2759257324231147	0.17231697474336205
0.2414751158923169	0.20688482423611776	0.10339976168608965	0.2759316983852125	0.172308599800263
0.24147814718901076	0.20686847217909773	0.10340072611143525	0.2759445022596717	0.17230815226078428
0.24149030027649832	0.2068815259429141	0.10339106781700637	0.2759237998961337	0.17231330606744727
0.2414904369647447	0.20680855588582997	0.10345777830617066	0.27593176303064193	0.17231146581261245
0.24149067567970273	0.20683408635336692	0.10342379672212132	0.2759300530841917	0.17232138816061712
0.24148451676913735	0.20686669874634622	0.10338355251896011	0.2759423673903282	0.1723228645752279
0.2414843254353481	0.20689089518796508	0.10337690296943125	0.2759362323100816	0.17231164409717373
0.24150201551736966	0.20686821442033343	0.10337510172864835	0.27594468761197494	0.17230998072167342
0.24149208873282052	0.20680211501152287	0.10346985704169125	0.2759275331746674	0.17230840603929773
0.24151091019153031	0.2068354875003319	0.1034138952924136	0.27592681517686757	0.1723128918388564
0.2415022650964666	0.20683710365127728	0.103399599088795	0.27594552798257255	0.17231550418088834
0.2414940432014726	0.2068446213771871	0.1034022274759604	0.2759407698263789	0.17231833811900077
0.2414796982628702	0.2068120590170495	0.10346599686947296	0.27592603642292995	0.1723162094276772
0.24148701425088767	0.2068742212694037	0.1033769658029565	0.27594535258364405	0.1723164460931079
0.24150997014513598	0.20683467336565453	0.10339870034869117	0.2759435489897283	0.1723131071507898
0.24150626993251553	0.20687029058956352	0.10337170765678276	0.27592883486559977	0.17232289695553815
0.24147741358814234	0.2068418280959323	0.10342336484377161	0.275944636280653	0.17231275719150047
0.24148286947076908	0.2068165224828842	0.10346063266809821	0.27592897894711643	0.17231099643113185
0.2414926627028443	0.2068934636909674	0.10336368696933568	0.2759325794773637	0.1723176071594886
0.24148293801279141	0.20685159457876812	0.10340874959774712	0.2759368475993502	0.17231987021134287
0.2414961781797965	0.20686862005441292	0.1033892126411344	0.2759248314305842	0.17232115769407175
0.2415099575871624	0.20688881964105174	0.10336052092384856	0.2759298093547677	0.1723108924931694
0.24147500507674133	0.20689293894559282	0.10337080472859403	0.275941348242761	0.17231990300631053
0.2414881592392646	0.20685738853432892	0.10340543413941926	0.275927087116182	0.17232193097080498
0.2414933684471549	0.20684931766725603	0.10340453314343329	0.27593795093259643	0.1723148298095591
0.24147242991308449	0.20680817713383434	0.10346018874184067	0.275943182800749	0.17231602141049124
0.24147443375792274	0.20683989316915014	0.10343110396835391	0.2759384674806959	0.17231610162387706
0.24150893354648748	0.20680470545087565	0.10344806710860353	0.2759297669540087	0.17230852694002435
0.24150270816646316	0.20685214692011503	0.10340691272518868	0.27592341826140043	0.17231481392683248
0.24150287677699578	0.20686187966717728	0.10338236853789612	0.2759405946903638	0.17231228032756676
0.24148053652429607	0.20688176220282573	0.10337494699846857	0.2759451376490467	0.17231761662536263
0.24149430160073582	0.20684984487358127	0.10339804413105207	0.2759407286089069	0.17231708078572366
0.2414685858514151	0.20683048266513518	0.10343588534761307	0.2759422680436993	0.17232277809213709
0.24151031425638664	0.20682718782685325	0.10340932681120067	0.2759340756115657	0.17231909549399346
0.24148791310111178	0.20681223979635413	0.10344440459093393	0.27593937583351374	0.1723160666780862
0.2414761386594132	0.20683730554681323	0.10343917875221105	0.2759363792002122	0.17231099784135012
0.24150404059150613	0.2068826439058163	0.10336075604118862	0.2759349003923057	0.17231765906918295
0.24148412295265842	0.20683222943369545	0.10343857980085452	0.2759314002308265	0.17231366758196487
0.24149912590032752	0.20680416491810966	0.1034425799957473	0.27594378135209885	0.17231034783371646
0.24148800235102708	0.2068898641633311	0.10338097530022229	0.27592565721248585	0.1723155009729334
0.2415067334401814	0.20683707653504804	0.10339767564344189	0.2759403165920133	0.17231819778931518
0.24149258148966518	0.20685010133045595	0.10341439437048991	0.27592934156935356	0.17231358124003515
0.24151063471674517	0.2068365182201613	0.1034025669225362	0.27593071353089565	0.1723195666096614
0.2414738839498826	0.2068768111577535	0.10339567766569625	0.2759378955808659	0.1723157316458015
0.24147033882640212	0.20689134815194724	0.10338458477547158	0.27594197230069784	0.17231175594548104
0.24147450099907605	0.20680079954686634	0.10345754033978659	0.27594671810053095	0.17232044101373986
0.24149026200517004	0.20681573247679177	0.10345180162210042	0.27592563228451106	0.17231657161142644
0.2415031175847712	0.20681145683980204	0.10343228657805582	0.27593348403249707	0.17231965496487364
0.24147814888391472	0.20681422934901483	0.10346664815358012	0.2759240614427786	0.1723169121707115
0.24150016913047923	0.2068163202177973	0.10343622055514531	0.27593033303515474	0.17231695706142314
0.2414724684234395	0.20683539577222432	0.10342786135791546	0.27594202110625377	0.17232225334016674
0.24150356941417944	0.20688960166606787	0.10336343221759745	0.2759317857933187	0.17231161090883634
0.24150938143818185	0.2068626744983562	0.10338130168922763	0.27592601496161806	0.17232062741261597
0.24148519323495965	0.20687692501681476	0.10337587920497947	0.27594209149783605	0.17231991104540986
0.24149067838793042	0.20688807611751692	0.1033705087442442	0.275938741420906	0.17231199532940222
0.24147406458673648	0.2068183879709561	0.10345592086604045	0.27592979139906365	0.17232183517720306
0.2415034457361427	0.20683161716327542	0.10341180747968969	0.2759412789957526	0.17231185062513937
0.24147832116478582	0.20680027566690393	0.10347397911433548	0.27593079694527345	0.17231662710870105
0.24146955400186015	0.20683748907067204	0.10344995524836104	0.27593490154785194	0.17230810013125453
0.24148193200365747	0.20684674051518634	0.1034228793038886	0.27592975512296414	0.17231869305430322
0.24147599725489277	0.20680593573202102	0.10347463577498539	0.2759254080432767	0.17231802319482387
0.24148569531443542	0.20683565300297124	0.10342238917936251	0.2759449905649337	0.1723112719382969
0.24149095054755446	0.206843956365532	0.10341123035288108	0.2759445999133092	0.17230926282072304
0.24150515994398689	0.2068655370229598	0.10338875846708132	0.2759301336031864	0.17231041096278538
0.24150273224706248	0.20688942458738044	0.10335883610566601	0.27593455085136487	0.17231445620852595
0.24149701666572837	0.20684762671655185	0.10340164618693751	0.27594101990825265	0.17231269052252934
0.2414923876201956	0.20682235523497852	0.10342087520089925	0.2759473365648194	0.17231704537910703
0.2414892989230762	0.20688131655941572	0.10338336839129672	0.2759363693411001	0.172309646785111
0.24147917921252968	0.2068276846025748	0.1034398635571688	0.27593772192491084	0.17231555070281562
0.2414733173376935	0.20681994151126662	0.1034666162412515	0.27593098274787026	0.1723091421619179
0.24147340912979073	0.2068284592853221	0.10345232728910772	0.27592873299382514	0.17231707130195406
0.2414717637459399	0.20686445755744345	0.10341006285521942	0.27593227493385725	0.1723214409075397
0.2415106817171004	0.2068120760305588	0.1034400629944137	0.2759277995113709	0.17230937974655594
0.24149949758558809	0.20687225002350548	0.10337289845429672	0.27593759249662164	0.17231776143998787
0.24146818225999628	0.2068244505070273	0.10345336298697996	0.27593368525942363	0.17232031898657257
0.2414686381911359	0.20680726399517482	0.10346207535985551	0.2759413350143648	0.17232068743946874
0.24147800611874654	0.20681225643895346	0.10347291692204343	0.2759245200036212	0.17231230051663515
0.2414727773636305	0.20680820192903074	0.10346969628168673	0.2759306799518997	0.17231864447375214
0.24147890127587077	0.2068581156539067	0.10340470332710676	0.2759422951399152	0.17231598460320033
0.24151075098306557	0.20685658813848043	0.10338239236340688	0.27594054634838416	0.17230972216666268
0.24147033293615605	0.20688179225218373	0.10338173409317171	0.27594729807487006	0.17231884264361824
0.2414958105485582	0.20686351714648185	0.10338862377871327	0.27593713924230295	0.17231490928394344
0.24149113976622294	0.20687452006655588	0.10337700100842595	0.2759354864508747	0.17232185270792028
0.24149427913689608	0.206887852683555	0.10336583629829643	0.275931364715013	0.17232066716623923
0.24150686201839525	0.20687146701630618	0.10336188852092953	0.27594603359021436	0.17231374885415443
0.24150678197698758	0.2068632861718102	0.10338433238388012	0.27592963064242243	0.1723159688248994
0.24150712887280446	0.20680733419457434	0.10344728223910366	0.2759279852177727	0.1723102694757446
0.24147813358455844	0.20685275195658287	0.1034081985200257	0.2759443839312816	0.17231653200755115
0.2415071856472376	0.206853748031344	0.10339488265074048	0.2759276162110991	0.17231656745957852
0.24149529374235856	0.20683963454937504	0.10341722904378946	0.2759319072525014	0.1723159354119753
0.24150119896409497	0.20685246337180208	0.10340517978446845	0.27592987701600136	0.1723112808636329
0.24148679182319632	0.20689292174883558	0.10336001874563311	0.27594293771033407	0.17231732997200067
0.2414824155260939	0.20681022713988215	0.10345671493826676	0.27593340708750486	0.17231723530825208
0.24149855187408314	0.20689166597356484	0.10335735460035342	0.2759363959509542	0.17231603160104417
0.24147839345511363	0.2068680209448922	0.1033964417027164	0.275938340698211	0.17231880319906653
0.24147231572097733	0.20687643190128652	0.10339365004311721	0.2759475567442679	0.1723100455903508
0.24149475657620928	0.2068934956044749	0.10337215584324548	0.2759294863501727	0.17231010562589733
0.24147997431944385	0.20685415863429155	0.10340643014642449	0.27594065012557656	0.1723187867742633
0.24148254785020765	0.2068554042426119	0.1034139482817477	0.2759397742829545	0.17230832534247797
0.2415084147606283	0.20683162475321537	0.10340754548154793	0.275938623644124	0.17231379136048414
0.241508766535953	0.20683503679635992	0.10341522467809157	0.2759302845710181	0.17231068741857714
0.24147686665125961	0.2068245256253862	0.10345515492556044	0.275924442308882	0.17231901048891146
0.24148880790749802	0.20681000099319158	0.10345361084998381	0.2759250213325472	0.17232255891677917
0.2414936302753616	0.20680492153297952	0.10344678782353574	0.2759321213362317	0.17232253903189115
0.24148155968208102	0.206800705263412	0.10346751717144119	0.275932131535772	0.17231808634729354
0.2414870663595838	0.20685359072328702	0.10340490054526355	0.2759452815887622	0.1723091607831032
0.24149875696193318	0.20683896534914323	0.10341099407263671	0.275935468897895	0.17231581471839164
0.24149903915525237	0.20686457866182031	0.10339334271321478	0.2759313308231495	0.17231170864656276
0.24149567708922606	0.2068816274660146	0.10337934594451577	0.27592560508110353	0.1723177444191398
0.2414954144005142	0.20687729332862295	0.10336265760857956	0.2759435371856708	0.17232109747661226
0.24148565596808183	0.20687832255371819	0.10340045482313154	0.2759268595110861	0.1723087071439821
0.24150565293211163	0.20686841755559054	0.10336237479629927	0.2759471866542303	0.172316368061768
0.24147805286540563	0.20687620445926394	0.10339070706789714	0.2759450893629466	0.17230994624448645
0.24149768782776632	0.20680270854568752	0.10345383276464885	0.2759345799034404	0.17231119095845668
0.24148802659890503	0.20686368339277705	0.10340695282624579	0.27592978326604134	0.17231155391603054
0.2414881068521308	0.206862777169066	0.10339045481684407	0.275944226178551	0.17231443498340784
0.2414784372879098	0.20687889992644506	0.10338917655075414	0.2759316724005068	0.17232181383438394
0.24150202996203163	0.20686418177289498	0.10339699765169584	0.27592512753690207	0.17231166307647522
0.24150982610044813	0.20680325831141516	0.1034315979608039	0.2759411650280616	0.17231415259927096
0.24150800594701327	0.20680185628499628	0.10342764829287984	0.2759426501053542	0.17231983936975614
0.2414736554410634	0.2068505209703459	0.10343464142472253	0.2759282727638004	0.17231290940006755
0.24146908439713521	0.2068686407444313	0.10340184858216955	0.2759385147782192	0.1723219114980445
0.241496345953079	0.20689374518746498	0.10336761201363164	0.27593389462906104	0.1723084022167631
0.2415071134108211	0.20685238003012807	0.10337613899380745	0.27594613733090195	0.17231823023434126
0.24150838374611627	0.20687875878164116	0.10335812799261634	0.27593458378574465	0.17232014569388132
0.24150326937596472	0.20688640563504843	0.10336325445934086	0.2759314611359534	0.17231560939369236
0.24150978470219203	0.2068555184661085	0.10339510380100106	0.27592535662248335	0.1723142364082148
0.2414734014622335	0.2068056568750365	0.1034540248684091	0.2759442352055529	0.17232268158876776
0.24148390679090928	0.20680491643081345	0.1034593211015565	0.2759327344243879	0.17231912125233262
0.24149324530561644	0.20683878618987514	0.103417333476611	0.2759358310447425	0.17231480398315463
0.24148633919743206	0.20685026527999728	0.10341040810623463	0.27593678212149614	0.17231620529483968
0.24149539655984914	0.20684389525797886	0.10340189124513827	0.27593752434804675	0.1723212925889867
0.24150033285319883	0.20683417076528024	0.10341023829544546	0.2759452822060817	0.17230997587999342
0.2414894496885454	0.2068220363795732	0.10342833521901527	0.2759453140551672	0.17231486465769869
0.24148692857034637	0.20682610608738167	0.10343656668207417	0.2759338713737369	0.1723165272864606
0.24148359642863004	0.20685166417354942	0.1034088209411752	0.275933776257743	0.1723221421989021
0.24150185157998383	0.2068428761572734	0.10340706512661266	0.27592996702685896	0.1723182401092709
0.2414996464343508	0.2068727124263977	0.10338102276572578	0.27592526363394276	0.17232135473958274
0.2414941273209974	0.20685521279981503	0.10340853912897374	0.2759260709110408	0.17231604983917273
0.24149059713233637	0.2068669243719438	0.10340775590389759	0.2759241427621153	0.17231057982970677
0.2414774662631626	0.20685081609840458	0.10340950894114168	0.2759459011286244	0.1723163075686665
0.24147563277647993	0.20680807009861113	0.10346581759689263	0.275936495772639	0.17231398375537701
0.2415035960946555	0.20686439083211405	0.10338211565487042	0.2759413317517047	0.17230856566665503
0.24148177794629822	0.20684205737282113	0.10341135570594642	0.27594493983283575	0.17231986914209826
0.24148363245430907	0.20686482870146433	0.10340162955565474	0.2759302040607857	0.1723197052277859
0.2414902226922883	0.20686869930793536	0.10338710254135142	0.2759402886419552	0.1723136868164695
0.24150421877981515	0.20688112374434287	0.1033672824848631	0.27593040189343676	0.17231697309754188
0.24150769284897675	0.2068653674038949	0.10338319800808946	0.27592914094846055	0.1723146007905781
0.24148698647760206	0.2068162674421673	0.10344533918842566	0.2759291635674338	0.17232224332437093
0.24146801981533764	0.2068218561398349	0.10345736511919461	0.2759306374899681	0.1723221214356645
0.24148962858227752	0.20680888139011055	0.1034574134959713	0.2759243827543736	0.1723196937772668
0.24150505325953436	0.20682922265536002	0.1034144343198117	0.2759416408118212	0.17230964895347245
0.24150234924142555	0.2068388658273643	0.10341226382077127	0.2759263749122003	0.17232014619823838
0.2414876172494224	0.20683686785364874	0.10342418437717471	0.27593549670369044	0.17231583381606347
0.24149737223646253	0.2068170185798649	0.10342706877544547	0.275945458658989	0.17231308174923787
0.24147729894298003	0.20680239646917614	0.10347698236342251	0.2759343868130056	0.17230893541141545
0.24147176722808877	0.2068315132634036	0.1034557964117887	0.275924019225501	0.17231690387121767
0.24147221839345773	0.20686272437383416	0.10342275201549046	0.2759283105859799	0.17231399463123753
0.2414737956091838	0.2068024406862197	0.10347649944422857	0.27592579755751107	0.1723214667028566
0.24149497525683267	0.20681936553315083	0.10343006381607332	0.275935640990786	0.17231995440315695
0.24150018423562908	0.2068778564161615	0.10338390703654558	0.2759242590817029	0.17231379322996068
0.24147983131634146	0.20688399239632663	0.10336741577542288	0.27594647637037795	0.17232228414153078
0.2414856072641383	0.20683636706261985	0.10341589481091418	0.27594640602619525	0.17231572483613217
0.24148450301748253	0.2068236380711107	0.10344262805238613	0.27593454773388565	0.17231468312513473
0.24147545406060456	0.20680073237679963	0.10346485605539105	0.27594234315752064	0.17231661434968393
0.24150113324080086	0.20682651375776648	0.1034138608894873	0.27593635944009176	0.17232213267185342
0.24149175118835942	0.2068036504379944	0.1034491300555854	0.2759458570720686	0.17230961124599198
0.24147777657468666	0.20680459056071548	0.1034734393040438	0.27593456910663317	0.17230962445392065
0.24149589323160897	0.20687495952702073	0.10337605044028542	0.27593298112093556	0.17232011568014907
0.24149364328911554	0.2068885057387653	0.10336831390219015	0.2759348423752229	0.17231469469470587
0.2414714679937683	0.2068797735395327	0.10339020572600933	0.275946398035124	0.17231215470556538
0.2414971196297872	0.20683647249910206	0.10341476248885632	0.27594224180171634	0.1723094035805378
0.2415005419328558	0.206825603904774	0.10341016512806385	0.27594198187726127	0.17232170715704484
0.2415064653331469	0.20685639964175379	0.10337376772463804	0.2759471470073551	0.1723162202931059
0.24150365546547392	0.20688664338043225	0.10336711613495106	0.2759329399434145	0.172309645075728
0.241493756959331	0.2068749429993215	0.10338039769822692	0.27593012954448587	0.17232077279863445
0.24149042041521823	0.20686005156142412	0.10338358101097406	0.2759474443789449	0.1723185026334384
0.2414769160552116	0.20680931290827764	0.10347486956650473	0.2759278944918159	0.17231100697818993
0.24148611185431457	0.20683749085619432	0.10343124333679078	0.27593501599515124	0.17231013795754882
0.24149641817506953	0.2068463139739775	0.10340698283578076	0.27593835577186976	0.17231192924330221
0.24149682332940967	0.20685436934848234	0.1033985440042269	0.27593620641759	0.1723140569002909
0.2414729952705483	0.20681966397430107	0.10343916579413125	0.2759479081498833	0.17232026681113585
0.2415107396664488	0.20685632253218433	0.1033883425490895	0.27593487068227324	0.17230972457000393
0.24147137814443245	0.20683917999460036	0.10344400506138864	0.2759271284655091	0.17231830833406922
0.24149417694571337	0.20687528492445656	0.10339556321920636	0.2759268552756656	0.17230811963495787
0.24149269014741226	0.20685238650838472	0.10340735183671179	0.275928283777435	0.172319287730056
0.24149176999115998	0.20688825256749604	0.10336841068284265	0.27593177649061384	0.17231979026788724
0.24147394609342637	0.20686681565850962	0.10340494009377897	0.27593360614149604	0.17232069201278877
0.24148403069991978	0.2068865580866934	0.10338075918488998	0.275929625816808	0.17231902621168854
0.2414880016600946	0.2068409305386573	0.10341932338911555	0.27593706264459517	0.17231468176753711
0.24148547186888097	0.20688392868557856	0.10338132304167909	0.2759335640545206	0.17231571234934054
0.24148741301668247	0.20688417605444603	0.10337021062997112	0.2759361993343505	0.17232200096454964
0.24148689156614309	0.20687168327366015	0.10339812106626618	0.27592446383624947	0.1723188402576809
0.2414959233259582	0.2068891144706514	0.10337277844787246	0.2759258871185293	0.17231629663698841
0.2414968586105643	0.20682067700160917	0.10343077113974801	0.2759311047568492	0.1723205884912291
0.2414965659606252	0.2068357346408591	0.10340146691621123	0.27594611530676894	0.1723201171755353
0.2414974023541303	0.20682684295428985	0.10342841416988269	0.2759347090651482	0.17231263145654868
0.24147751565934555	0.20681320572594708	0.10345814310036604	0.27593322609025306	0.17231790942408803
0.2414833703565566	0.2068347401899141	0.10342227354476716	0.275945629844068	0.17231398606469386
0.24147703312871824	0.20685913084785884	0.10340283069356555	0.275943620042278	0.1723173852875791
0.2415058623236891	0.20684107103919788	0.1034040039302291	0.2759395858740491	0.17230947683283462
0.24148840942893451	0.20683407057649758	0.10343856565829389	0.275926467290318	0.1723124870459558
0.2414964730704755	0.20687207844517894	0.10337222735412618	0.27593999616508014	0.17231922496513896
0.24150979102482062	0.20682269244794835	0.10341236972853446	0.2759366979837537	0.1723184488149426
0.2415039377847466	0.20685388725417067	0.10340929990957996	0.27592398508118643	0.17230888997031601
0.24147069441690255	0.206823352426553	0.10346518716935095	0.2759233374991828	0.17231742848801046
0.24150130378907492	0.20687662760112172	0.10336938159631603	0.27593110926941045	0.17232157774407664
0.24148312614099715	0.20687691249734141	0.10337894641574334	0.27594106908098054	0.17231994586493726
0.241487859040721	0.2068937416247933	0.10337102430250551	0.2759347821606611	0.17231259287131884
0.2414773538152888	0.20686780528733514	0.10340260969959747	0.27594401723463446	0.17230821396314389
0.2414721172561124	0.20686808215131344	0.10340400713375994	0.27594292890853506	0.17231286455027894
0.24151007330387358	0.20682198258902845	0.10341900259328184	0.2759351335441359	0.17231380796967996
0.24150390964273846	0.206816997509166	0.10343694614154304	0.27592970394050415	0.17231244276604812
0.24150188443506945	0.20686068961142937	0.10337974837328061	0.27594216601665456	0.17231551156356575
0.24149765969140308	0.2068380500143144	0.1034118607839537	0.275935994906997	0.17231643460333157
0.24148910759826372	0.20681461650577282	0.1034310985700944	0.2759426498391543	0.17232252748671453
0.24150639898165632	0.20680842099895538	0.10342975974993425	0.2759435340616566	0.1723118862077972
0.24149708183276017	0.20686057471684213	0.10337547560242127	0.27594467774924736	0.17232219009872884
0.2414940883934387	0.20683188782272907	0.10341941789515936	0.27593261742313036	0.1723219884655423
0.2414877611599672	0.20684319638066623	0.10341492500301377	0.2759371668903636	0.17231695056598895
0.24149423990222305	0.20680257128678536	0.10345325776851118	0.2759284717625973	0.17232145927988288
0.24150953904798206	0.20682023474294942	0.10343103645125988	0.2759310937261944	0.17230809603161407
0.24147039257042463	0.20687486114665948	0.1034087806647799	0.27593614639551883	0.17230981922261687
0.24147871938629883	0.2068064579554446	0.10347322588403679	0.2759256486703174	0.17231594810390216
0.24150534480068436	0.2068402151569513	0.10341595274789686	0.2759262886070515	0.17231219868741574
0.24150154293062695	0.20688689493887477	0.10337262289364144	0.2759252264283323	0.1723137128085243
0.24149158897756617	0.20687325544371157	0.103395309707359	0.27592576055959184	0.17231408531177114
0.24150557950311674	0.20689057977427006	0.10336826611128906	0.2759243380417446	0.1723112365695793
0.24148238318391327	0.20687870113725387	0.10337635193130042	0.2759422510383098	0.17232031270922238
0.24149925328768035	0.20686676653471273	0.10338768232166222	0.27593745716679907	0.17230884068914543
0.2414699271715093	0.2068770220498108	0.1034089412594344	0.2759348121248283	0.17230929739441697
0.2414973984121609	0.2068187921702473	0.1034512004834354	0.2759237978200739	0.1723088111140822
0.24147481789394792	0.20685770413783888	0.10340923965512831	0.2759374662643796	0.172320772048705
0.24147101082688366	0.20684179993701465	0.10343560929036896	0.275935411501563	0.1723161684441695
0.24146826326984422	0.2068121429402948	0.10347144864278135	0.2759359859253635	0.1723121592217159
0.24146960155070918	0.20686030602654032	0.10340936546832892	0.275945336901895	0.17231539005252636
0.24148410189441383	0.20683995763606766	0.10341757121720255	0.275939067789644	0.1723193014626717
0.2414828311226726	0.20687997386402626	0.10337353791370969	0.27594544462021453	0.17231821247937668
0.2414747425931844	0.20688888944539968	0.10339388049344489	0.2759258271461278	0.17231666032184303
0.24148000818991877	0.20681337735651925	0.10344497148634427	0.2759447583706245	0.17231688459659297
0.24149823200789544	0.20683712200670923	0.1034147707332048	0.27592946045695366	0.1723204147952366
0.24148150885833936	0.2068522333661969	0.10341551510269338	0.2759327180534749	0.1723180246192952
0.24150633885667322	0.20681592717209896	0.10343431456397419	0.27592323725342144	0.1723201821538319
0.2414841472880471	0.20684740750866032	0.10343445469928275	0.2759239459315779	0.17231004457243174
0.24150915614211146	0.20686015090118254	0.10337020741325746	0.2759417004968099	0.1723187850466384
0.24149816214502637	0.20685022116284926	0.1034068281994466	0.27592703069913926	0.17231775779353825
0.24149229046244974	0.2068015919162118	0.10346218645001101	0.27592747996136113	0.17231645120996608
0.24148390345990423	0.20681320003646655	0.10346470558336868	0.2759288888984287	0.1723093020218316
0.24147459727385667	0.20684156853924135	0.10341924798907949	0.2759467186785897	0.17231786751923253
0.24149250268404332	0.20682040697918602	0.10344230317637121	0.27592799024199943	0.1723167969183998
0.24146914367028416	0.20688021439639623	0.1033960539286441	0.2759421653152255	0.17231242268944982
0.24147409275541037	0.2068860955784263	0.10338527747500031	0.27594539050644895	0.1723091436847138
0.24147214206654868	0.2068617778427406	0.10341412700521256	0.2759405588577733	0.17231139422772462
0.24148327364032457	0.20680045279220197	0.10345425218645983	0.2759415335214571	0.17232048785955628
0.24150733567838345	0.20681220491686939	0.10342061122494259	0.27593862064343155	0.17232122753637277
0.24148097890555664	0.2068053312475007	0.10345854879324798	0.27594211937689583	0.17231302167679857
0.24148363564128542	0.20680639270892748	0.10347484519409787	0.27592444929051096	0.172310677165178
0.24148854568391212	0.2068479267641714	0.10342372547970305	0.2759281788337632	0.17231162323844998
0.24148693715541952	0.20680104842236124	0.10346945387177442	0.27592939353475454	0.17231316701569
0.24148899829294732	0.20684136484215404	0.10341948993133594	0.2759355776328474	0.1723145693007151
0.2414723842157051	0.20688954433754447	0.10339023702062579	0.27593838365065027	0.1723094507754741
0.2414834282168579	0.2068887419472762	0.1033670194376492	0.27594186175400787	0.1723189486442086
0.24149012414217041	0.20683909464239647	0.10342873610986458	0.27593238344288673	0.1723096616626816
0.24147496385128192	0.20682111407766826	0.10344622749749563	0.2759407445226473	0.1723169500509067
0.24147251128419694	0.20682800758426692	0.10345575689564093	0.27592914240697	0.17231458182892495
0.24149180329996442	0.20684024798635434	0.10342300351966395	0.2759246983379328	0.17232024685608424
0.24151072914396762	0.20685176348921394	0.10339452451505805	0.2759334997081204	0.17230948314363975
0.24147174213430764	0.20688739830527622	0.10337736684421073	0.27594447934118665	0.17231901337501854
0.2414833347512853	0.2068873316163859	0.10338025337027788	0.2759291070919805	0.17231997317007017
0.24146918903886996	0.20680244270721532	0.10347434329957145	0.2759315653350556	0.17232245961928747
0.24149739830331918	0.2068900941077605	0.1033497022814125	0.2759427231001727	0.17232008220733486
0.24147825820699942	0.20684489304384024	0.1034309215800049	0.2759291518454808	0.1723167753236744
0.24151061309302313	0.20686111723643882	0.10337277839466368	0.2759407051321942	0.1723147861436799
0.24150478272328846	0.2068688353330135	0.10335995632958801	0.2759445960567186	0.17232182955739117
0.24146947810714037	0.20680957047099213	0.10347357025859498	0.27593036599653453	0.17231701516673772
0.24150243729301635	0.20684250165337467	0.10338780974548437	0.2759471251369109	0.17232012617121353
0.24148432293158817	0.20686496004069088	0.10338115174898134	0.275947265402843	0.17232229987589634
0.24147777605808723	0.20685859623672945	0.10340656015282308	0.27594767790926633	0.17230938964309364
0.24149223301030293	0.20686080969023296	0.10338307129963717	0.2759448922731742	0.1723189937266525
0.24146844663277017	0.20687945468219385	0.1033900783920352	0.2759451407431358	0.17231687954986474
0.2414948988100327	0.20684241364516173	0.10342951025861911	0.2759234033056522	0.17230977398053401
0.24146959475590335	0.20689111018943346	0.1033905567952527	0.27592771822235385	0.17232102003705638
0.2415063434089812	0.20688256463787458	0.1033555003530294	0.27593967433914435	0.1723159172609702
0.24148748879153392	0.20687385277995915	0.103384292382915	0.27594528000236845	0.17230908604322323
0.24147291272248284	0.20684014635468098	0.10343841070794016	0.27594031239326045	0.17230821782163533
0.24150633162901264	0.20689033851532215	0.10335807981799108	0.2759261394972631	0.17231911054041074
0.24150106968859714	0.20683617563442033	0.10342182001345775	0.27593092894228555	0.17231000572123895
0.2414857370973619	0.20689208989014687	0.10335828033217753	0.27594243796610723	0.17232145471420618
0.24150390422284387	0.2068144285872145	0.10343502776802192	0.27592513547582614	0.1723215039460933
0.24150873710226156	0.20681611859170515	0.10343485078809371	0.27592593788671993	0.17231435563121938
0.24150950297788487	0.20680823643501478	0.1034229555305292	0.27594434777357396	0.17231495728299692
0.24147552294310282	0.20686483128527403	0.10341243910418203	0.275933499350686	0.17231370731675494
0.24149641713955333	0.20688343335285692	0.1033674536609079	0.27594280574385277	0.17230989010282885
0.24146873005457895	0.2068835860807157	0.10340529648831515	0.27592637709324774	0.17231601028314222
0.241480118603305	0.20680242731271226	0.10346794649883263	0.2759277595317005	0.17232174805344933
0.24148041075851018	0.20685600771172993	0.103405366072361	0.2759398188873337	0.1723183965700649
0.24147661670706674	0.20685337474259285	0.1034101140555461	0.27594661115362173	0.17231328334117232
0.24146875710831944	0.206876433699811	0.10340095162367927	0.2759404570623069	0.17231340050588312
0.24147950335177817	0.20686951871169287	0.10340547032163858	0.2759366261901783	0.17230888142471185
0.24148812795919292	0.20683719655942678	0.10341020011521423	0.2759456709556437	0.17231880441052214
0.24150937153594684	0.20684366510339716	0.1034012110483453	0.2759338296038203	0.17231192270849016
0.24150309639727469	0.20683016057287879	0.10341127205652838	0.2759365681346589	0.17231890283865905
0.24146934499916692	0.20688502972929376	0.10340422798092065	0.2759261211176759	0.1723152761729425
0.2414698080394555	0.20685134153230889	0.10341411794183293	0.2759454152797306	0.17231931720667187
0.2414794714706486	0.2068467560376378	0.10342512196554819	0.27593804640226227	0.17231060412390287
0.24147281891495267	0.20688487682422319	0.103379667395261	0.2759434063483706	0.17231923051719228
0.24151005484065707	0.2068358603147217	0.10341656117327001	0.27592582849281444	0.17231169517853653
0.24149758496144863	0.2068595847607516	0.1033869684217581	0.2759340437966235	0.17232181805941788
0.24148591303226394	0.20687896508299816	0.10337649697972859	0.27593881456811664	0.17231981033689242
0.2414702695336918	0.20686767857039168	0.10339383394225464	0.2759476903624585	0.17232052759120314
0.24148274455789515	0.20688302555264126	0.10336655773777474	0.27594659544432143	0.17232107670736715
0.2414878483277279	0.20682093088448614	0.10342885415790977	0.2759409798055726	0.17232138682430334
0.2414736938369871	0.20687626759321304	0.1033827334217324	0.2759449852675099	0.1723223198805573
0.24149876863252737	0.20681426926968732	0.10343722919258311	0.2759302516643415	0.17231948124086052
0.24150082255682453	0.2068883336838666	0.10336190101652627	0.2759362273459196	0.17231271539686271
0.2415067676368501	0.20689004786229942	0.10336028608290669	0.27592373760856825	0.17231916080937526
0.24150300556131418	0.20687348612531722	0.10337974998699881	0.2759244311227739	0.1723193272035956
0.24147394709266848	0.20688030673984398	0.1033798374603095	0.275943014577325	0.1723228941298528
0.2414916737593488	0.206849565948954	0.10339688172772804	0.27594313946939353	0.17231873909457535
0.24148216841477516	0.2068417041058504	0.10343343071422201	0.27592434103686897	0.17231835572828322
0.2414831829065667	0.20681231121974183	0.10346571635439848	0.27592631991743666	0.1723124696018561
0.24147297298681117	0.20687223661669474	0.10338583912155888	0.27594690572617203	0.1723220455487629
0.24147545493445036	0.2068550426021917	0.10342994964395155	0.2759255722557232	0.172313980563683
0.24149178392734125	0.20681238439021452	0.10343669477101432	0.2759420636854623	0.17231707322596737
0.24147959310701145	0.20681104172595643	0.1034633979986499	0.2759305933326473	0.17231537383573473
0.2415003464174031	0.2068082251462215	0.10345640000533494	0.2759248054276882	0.17231022300335203
0.24151044902882338	0.20683434409062992	0.10340793036274834	0.27592906977568804	0.17231820674211007
0.2414838234091321	0.20684621980593423	0.10342198468706762	0.27593023698502006	0.1723177351128457
0.24149891294774709	0.20687104003000964	0.10338150961594166	0.2759273453985998	0.17232119200770157
0.241510835764726	0.20683979426168603	0.10339770726112812	0.2759333918353314	0.17231827087712825
0.24147904678380516	0.2068335236114086	0.10343748589196518	0.2759393576428373	0.17231058606998353
0.24146858267697904	0.20680364384773472	0.10347054090438441	0.27593459706519236	0.1723226355057092
0.2414914945643297	0.20681014126757577	0.10346471981090663	0.27592439288784926	0.1723092514693384
0.24147801658168122	0.2068232499824424	0.10344930175653147	0.2759351553575543	0.17231427632179033
0.2414777326536119	0.20687694349377855	0.10339026707026766	0.2759350514737597	0.17232000530858196
0.24148910684736385	0.2068934648168959	0.1033563447455613	0.2759427329890436	0.17231835060113512
0.24149600035424412	0.20688437194210318	0.10336556796948239	0.2759437058603943	0.17231035387377577
0.2414816674375077	0.20687896693425267	0.1033922068130799	0.27593404616220074	0.17231311265295873
0.24148151530253203	0.20683494674951686	0.1034260252895693	0.2759350597647184	0.1723224528936632
0.24147755716370692	0.20681248160040933	0.10346264388775714	0.27593305020194575	0.1723142671461806
0.24148601086947205	0.20683292905457393	0.10343533207669807	0.27593714834161004	0.17230857965764568
0.24147769875221714	0.20686542236665428	0.10339936235006966	0.27593750634069536	0.17232001019036333
0.24148066847085722	0.2068624820082363	0.10340403292471155	0.2759419690979983	0.17231084749819645
0.24149736995977855	0.20680043174643586	0.1034589903654189	0.2759316644178086	0.17231154351055789
0.24150611554481802	0.20685284219632427	0.10337477719337285	0.2759458582621128	0.17232040680337185
0.24148620441129987	0.2068488313334958	0.10342279589673391	0.2759294650127741	0.17231270334569607
0.24150037572167116	0.2068075294715689	0.1034374304922284	0.2759406723168172	0.17231399199771413
0.24147475665034074	0.20683181854656535	0.10344281419925269	0.2759379775987588	0.17231263300508215
0.24147044734638512	0.2068228396481286	0.10347346866562436	0.27592328379012326	0.1723099605497384
0.24150082834873438	0.2068024780384022	0.10344465977856451	0.2759332359472223	0.17231879788707638
0.2415034097950845	0.20689034512761503	0.10336216160715923	0.275928022073949	0.172316061396192
0.241476276027143	0.20682066405219338	0.10346636461685493	0.2759269818951645	0.17230971340864393
0.24148650608691838	0.206847784857405	0.10340210808271491	0.2759472772679681	0.1723163237049934
0.2414869188235867	0.2068822806532895	0.10339290545854314	0.27592498435910506	0.17231291070547528
0.241477738291269	0.2068805537603861	0.10337378403339441	0.2759452705847874	0.1723226533301628
0.24148711666438633	0.20688297389280136	0.10337337836821409	0.27593371051515114	0.17232282055944687
0.24149462348971595	0.20685019704764399	0.103403401196827	0.2759345664446417	0.17231721182117113
0.2414785957362518	0.20688699499976915	0.10337603205488986	0.2759475350558819	0.17231084215320705
0.24150119110176377	0.2068769009829777	0.1033584907476032	0.27594226721088644	0.17232114995676862
0.24149329443695902	0.2068488262171245	0.10339299949603066	0.2759426742283893	0.17232220562149628
0.24148934581326406	0.20685787178050774	0.10339277952562674	0.27593725886592135	0.17232274401467984
0.24150320297341613	0.20686253162649879	0.10338610472381554	0.27593729613917944	0.17231086453708985
0.24150091393800105	0.20688653893305434	0.10336284874881481	0.27593485271514173	0.17231484566498784
0.2414815110545899	0.20687337438385325	0.10338545607269292	0.2759408908510991	0.17231876763776455
0.2415050758865191	0.20684652725801653	0.10340348211727084	0.2759230707687735	0.1723218439694198
0.2414972783032603	0.20684565304400135	0.10340852982195414	0.27593337179307653	0.17231516703770747
0.24147906217709983	0.20684833499904343	0.10342132471423322	0.27594115537123765	0.17231012273838556
0.24147010521798024	0.2068719033349114	0.10340288785151493	0.2759429294230787	0.17231217417251452
0.24146862279350173	0.20688645386838786	0.10339859759471218	0.2759280047243325	0.17231832101906552
0.24150199362971916	0.20685260099412026	0.10339045657686191	0.2759415215522611	0.17231342724703733
0.241492689068949	0.20683933142128005	0.10340929315141903	0.27594006232474894	0.17231862403360274
0.24150689763635003	0.20684146434748157	0.10340028847949488	0.27593652674527513	0.17231482279139812
0.24147064299542031	0.20683099803410995	0.10345778516139338	0.2759286123407408	0.17231196146833533
0.241505839429472	0.20686727628316048	0.10337937092710185	0.27592519304996665	0.17232232031029868
0.24150993728983813	0.2068058629435321	0.10343290067429749	0.275941657052044	0.17230964204028806
0.2414687272515476	0.2068239944236544	0.10346884425508433	0.2759279592932338	0.1723104747764796
0.2414773638919055	0.20687026528297353	0.10340894890574735	0.27592953524811786	0.1723138866712555
0.24150439489683145	0.20688351424597692	0.10336800766761613	0.27593604384261516	0.1723080393469601
0.24150912457835766	0.20687562389590175	0.1033588618468845	0.27594184415204404	0.17231454552681186
0.24147285734251478	0.20680251251158147	0.10347128441741525	0.2759307690203736	0.1723225767081146
0.241490294434551	0.20687226218410715	0.10338414970911586	0.2759397020474541	0.17231359162477167
0.24148090071738146	0.20681517236760058	0.10347002670251691	0.2759252098363833	0.1723086903761175
0.24148128576840655	0.2068098620328927	0.10346481006480837	0.27593269564244177	0.17231134649145033
0.2414814886095793	0.20681870699527052	0.10344379619523718	0.2759416626054605	0.17231434559445227
0.24148533237905997	0.20680219937166833	0.10346482836116408	0.2759337808073358	0.17231385908077154
0.24149237071638868	0.2068786179084829	0.10336702682428439	0.27594154284007133	0.1723204417107725
0.2414931447733052	0.20683429876936463	0.10341148627352552	0.27593813566823855	0.17232293451556588
0.24148786498703495	0.20683149894558453	0.10342423104426318	0.27593544513255724	0.17232095989055984
0.2414719724490471	0.2068871236481796	0.10340303441006876	0.27592534869969654	0.17231252079300774
0.24149490498539097	0.2068002234422224	0.10346207666612992	0.2759248235320961	0.1723179713741604
0.24148798416121475	0.20686323683264926	0.10341120901489044	0.27592384517880325	0.17231372481244206
0.2414735483597884	0.20687329303726462	0.10341915760445317	0.27592474187877575	0.17230925911971784
0.24148807496567304	0.20688281294514219	0.10337358319481446	0.2759445491205732	0.17231097977379692
0.24149385882963312	0.20685428309239617	0.10339813963112708	0.27593532047342384	0.17231839797341958
0.24149456265825714	0.20687926292759168	0.10337476840057096	0.275933423427312	0.17231798258626801
0.24147417437849733	0.20681564320285892	0.1034652044297963	0.2759331511429269	0.1723118268459203
0.2414803941610259	0.20682120336886714	0.10343876644785242	0.2759473303015691	0.17231230572068518
0.241485831903904	0.20685059949021628	0.1034110068246827	0.2759367732619612	0.1723157885192356
0.24149986650977306	0.20681365034673213	0.10343434336906854	0.2759361359528813	0.17231600382154472
0.2415020820600839	0.20682335631187154	0.10342080863785366	0.27594200867796737	0.1723117443122233
0.24150834355698897	0.2068585075721847	0.10339585061677864	0.2759289351967637	0.1723083630572837
0.24150791980959738	0.2068891273472469	0.10335639472004116	0.2759302891616903	0.172316268961424
0.2414897818021802	0.2068293525313076	0.10344179555517825	0.2759275184508824	0.17231155166045128
0.24147021339322103	0.2068165039147873	0.10345370491032072	0.2759404027424976	0.1723191750391731
0.24149608365652203	0.20681798012328165	0.10343209630841127	0.2759401470585051	0.1723136928532797
0.24148081627630807	0.2068147897706553	0.10346391246199531	0.275927255494554	0.17231322599648707
0.2415082052508561	0.2068391766870788	0.10341545640150956	0.2759265191331287	0.1723106425274266
0.24150846904911089	0.20682593014914413	0.10340182954693766	0.27594411040093136	0.17231966085387568
0.24147519072995183	0.20684083484557406	0.10344468582162775	0.2759289921405085	0.17231029646233764
0.241495542720299	0.2068915778077527	0.10336120265632036	0.2759312540462201	0.17232042276940762
0.24147669728110782	0.2068485093062951	0.10343030573037815	0.27593183181737374	0.17231265586484495
0.24150720377015328	0.20684340212709068	0.10340634909930148	0.27592988602053287	0.17231315898292143
0.24150633646778127	0.20684480488567714	0.10338897988280006	0.27594068553394174	0.17231919322979955
0.24150981795757348	0.2068878454092904	0.10335214582704441	0.2759317226162491	0.17231846818984234
0.24147579435975025	0.20680915329457825	0.10345609534287879	0.2759392714337935	0.17231968556899893
0.24149806300606255	0.20682411942641862	0.10342447186804643	0.2759358229102337	0.1723175227892384
0.24150765571733945	0.20685239142975625	0.10340235346025783	0.27592472761934567	0.1723128717733005
0.24148261274253538	0.20688759763164744	0.10337415836701544	0.2759397951769873	0.17231583608181417
0.24148409886589073	0.20685079288706498	0.10340056639615132	0.2759429788738085	0.17232156297708426
0.24150893949264607	0.20687333350308187	0.10335831952672772	0.2759411441196702	0.1723182633578739
0.24149610702959357	0.20687400704791997	0.10338983613731956	0.27593030499106586	0.17230974479410083
0.24148083568612289	0.20686427775110636	0.1034138325171321	0.27592405888420973	0.17231699516142868
0.24149402207378437	0.20682427117702748	0.10344150096353058	0.27592660705127114	0.17231359873438615
0.24148976228164576	0.20685676756315627	0.10339755738202935	0.27594660085879524	0.17230931191437315
0.24150613369677465	0.20682890941842672	0.10340199314123198	0.2759478057814166	0.17231515796214986
0.2414921094730122	0.2068855731782212	0.10335442766549026	0.27594507976275406	0.172322809920522
0.2415018953597376	0.2068183445090606	0.10342145108234548	0.2759442590182827	0.1723140500305734
0.24150655837375307	0.20684772471162177	0.10338747555925586	0.2759418810658397	0.17231636028952935
0.2415053657728946	0.20687859048988755	0.10336605371154954	0.2759351897478003	0.17231480027786772
0.2414960194229639	0.20687082061048986	0.1033686368145672	0.2759416774832608	0.17232284566871794
0.24150485501389837	0.20684897880738617	0.10338840866609457	0.27594657137690026	0.1723111861357204
0.24148559947431508	0.20682714662225357	0.10344210066391868	0.2759333315007476	0.17231182173876483
0.24147144924701136	0.20683350974414946	0.10344122805132398	0.27594549350499104	0.1723083194525239
0.24149674471490312	0.20680111267269372	0.10345434229891018	0.2759278428014297	0.17231995751206297
0.24150854288448304	0.20688312871741008	0.10334956693933406	0.2759458505314202	0.17231291092735235
0.2414704302860456	0.2068747858404512	0.10339903198281568	0.2759385505820577	0.17231720130862963
0.2415039790237472	0.20681067571469414	0.10342475955886099	0.2759424838043002	0.17231810189839725
0.24147263445321537	0.2068096245063755	0.10345278293945565	0.2759458026736274	0.17231915542732582
0.24150558909848788	0.20680432538924678	0.10343548630728286	0.27594556028480655	0.17230903892017574
0.24150686239586674	0.20680770664078346	0.10343750664733237	0.2759296740326644	0.17231825028335282
0.24147616553336837	0.20681903942129204	0.10346503642396393	0.2759281982376715	0.1723115603837039
0.24149870568624598	0.2068275134489488	0.10342248853685791	0.2759302072860772	0.17232108504186988
0.24146867116974158	0.20688788053957066	0.10339673498766375	0.27593788211928905	0.1723088311837348
0.24148453385665125	0.2068814226870859	0.10338595183308788	0.275929897479504	0.17231819414367064
0.2414805676043757	0.2068293793672373	0.10342607409667863	0.27594718583932987	0.1723167930923782
0.24149862772489245	0.20686011495861686	0.10339907149327718	0.27592635726579673	0.17231582855741656
0.24148230105802132	0.20687607402125044	0.10339316146714649	0.27593087683892015	0.17231758661466134
0.24147036527041482	0.20687498118311282	0.10340947590666334	0.2759307425972059	0.17231443504260285
0.24148761170019087	0.20680888088477897	0.10344869926106602	0.27593891560706857	0.17231589254689533
0.24149153073764712	0.20681641110411933	0.10343031795288797	0.27594454214554676	0.1723171980597986
0.24149171003912226	0.20688360014776763	0.10336127330557805	0.27594383295891267	0.17231958354861915
0.2415069596024677	0.2068822886214083	0.10336491813701981	0.27592627108749507	0.17231956255160885
0.24150051032365158	0.20681565858505682	0.10344078591501049	0.27592968590307276	0.1723133592732081
0.2414945704610632	0.2068239648941771	0.10343832282051452	0.27592411411588036	0.1723190277083646
0.24148752803527584	0.20680480377135843	0.10346261186610885	0.27592708567355484	0.1723179706537018
0.24149523984436688	0.20684891573465355	0.1034010243504989	0.27593775325098796	0.17231706681949244
0.2414921061943598	0.2068820207589442	0.1033821446585123	0.2759246016116501	0.17231912677653333
0.2414705876079232	0.20684599790757136	0.10342219428402728	0.27594201267460955	0.17231920752586835
0.2414799919556157	0.20689002378290128	0.10339074351296301	0.27592346614387453	0.1723157746046452
0.24148984349793345	0.20685741387127982	0.10341109256947897	0.27593228726804486	0.17230936279326264
0.2415073691319728	0.2068235863480676	0.10341074052948691	0.2759379382188304	0.17232036577164206
0.24148418318091813	0.20683214978577935	0.1034155244309605	0.2759463066267337	0.17232183597560807
0.241475865453587	0.20680795320205472	0.10346532682445217	0.2759407871784253	0.17231006734148052
0.24148959197212078	0.20681045087424266	0.10345401331570504	0.2759337849135921	0.17231215892433913
0.24148929232324598	0.20684762545745047	0.10342163794793673	0.2759308682125779	0.1723105760587887
0.24146830331506053	0.20686933113587297	0.10341887876318169	0.27592320594597664	0.1723202808399079
0.24150160858952308	0.20687297356487555	0.10337425251940767	0.27593929815829504	0.1723118671678984
0.24147176740420306	0.20688351321189585	0.10338748620397449	0.2759355815613896	0.17232165161853677
0.24150851083961972	0.2068798794102346	0.10335276792284559	0.27594227888732475	0.1723165629399751
0.2414767615527502	0.20685108001585092	0.10343731304230662	0.2759240912446316	0.17231075414446045
0.2414837135937526	0.20682072194390105	0.10343487702497385	0.2759436800936492	0.17231700734372302
0.24150106363823604	0.20681025608473824	0.10343595819391722	0.2759433650735034	0.17230935700960484
0.2414768025137605	0.20685193923865272	0.1034245438239756	0.2759278293932321	0.17231888503037882
0.24150082873188883	0.20688807348201796	0.10334850340902907	0.2759401491460789	0.172322445230985
0.24148150196239848	0.20682482049752393	0.10343076265358289	0.2759407560318831	0.17232215885461133
0.2414896374750471	0.2068381053947769	0.10342904013824764	0.27592303598350476	0.17232018100842336
0.2414934743930563	0.20684809507743976	0.10340793618761616	0.27593173446177244	0.1723187598801151
0.24149942177598294	0.20683631669988403	0.10343229249243979	0.2759231971815059	0.1723087718501871
0.24149196948734575	0.2068417401817586	0.10341252066915906	0.27593791517696103	0.17231585448477532
0.24147151286103585	0.20684892370313998	0.10342129649604954	0.2759360336002067	0.1723222333395677
0.24148193346359975	0.20680284506813715	0.10346059242168348	0.27593917834449916	0.1723154507020802
0.24148437362229913	0.20682023682874293	0.10343841335205668	0.27594475831816534	0.17231221787873566
0.24147176629363218	0.20685600950533678	0.10342328392539678	0.2759370611791201	0.17231187909651394
0.24148193182647032	0.20685526985988828	0.1034083515797052	0.27593319458941984	0.1723212521445161
0.24150367532417372	0.20688300695782613	0.10336128107059117	0.27592930817210437	0.17232272847530442
0.2414823930367084	0.20687518723687742	0.10340179559530573	0.27592917092236724	0.17231145320874097
0.24148058302828024	0.2068172685880526	0.10345417066914814	0.27592962790215	0.17231834981236882
0.24147801375009487	0.206834944324806	0.10342073791372709	0.275946455504515	0.17231984850685678
0.24148535086648798	0.20687674258467836	0.103386333135391	0.2759316758129852	0.17231989760045718
0.2415066705458873	0.2068686821972878	0.10338196870688109	0.27592407714124656	0.17231860140869704
0.24147496536763802	0.20688809542824288	0.1033793326969911	0.2759408639995625	0.17231674250756523
0.24150104192204142	0.20682750787314813	0.1034146658370289	0.27594729610662116	0.17230948826116013
0.24148200806670986	0.20685574230912743	0.10342135204180722	0.27593051336609725	0.17231038421625797
0.24150856285027408	0.20683017421417885	0.10341521169442597	0.2759288460172443	0.1723172052238765
0.2415039869941785	0.20685277095769597	0.10338931314656188	0.2759343219843121	0.17231960691725132
0.24150853313259357	0.20685894369647304	0.10338199554437956	0.27593330248528014	0.17231722514127346
0.24149497483539598	0.2068575372088905	0.10340067111939844	0.2759318254654798	0.17231499137083506
0.2414880599410338	0.20689221255111512	0.10336536881408918	0.2759329252079613	0.17232143348580037
0.2414977456701166	0.20686804126898134	0.10338838478784541	0.27593289366643436	0.17231293460662203
0.24147072134792494	0.20687231369674305	0.10341349930837904	0.27592521255316804	0.17231825309378465
0.24148871402169791	0.20680632360126566	0.10345365571390376	0.2759320755123542	0.1723192311507782
0.2414833506803439	0.20688343224033467	0.10337143373259723	0.2759433983380932	0.17231838500863073
0.24148375408860517	0.20687624079772887	0.1033844180422431	0.2759449986194465	0.17231058845197614
0.24150072060098343	0.20683495638680802	0.10340026971510127	0.275945627108961	0.17231842618814605
0.24149170016081103	0.20686624518956712	0.10337761702639507	0.27594382746322155	0.17232061016000494
0.24147123866498652	0.20682450321050064	0.10344886902515209	0.27593305884085156	0.1723223302585089
0.24148637834687836	0.2068255187640549	0.1034383028766809	0.27592897609996225	0.17232082391242334
0.2414896249531227	0.20680022174256216	0.10344377122552201	0.27594422651462414	0.1723221555641688
0.2414806590550926	0.206837688225324	0.10343611221812538	0.2759332275310774	0.17231231297038033
0.24149892610999685	0.20687453154964805	0.10337722812631712	0.2759358834458793	0.17231343076815842
0.24150531980063705	0.2068793010407458	0.10336903481822153	0.27593300080506294	0.17231334353533242
0.2414703982753103	0.2068043251135144	0.1034733487423237	0.27593920593475957	0.17231272193409175
0.2414898743031939	0.20687538982837958	0.10338814187507228	0.27592869633491146	0.17231789765844258
0.24150050110611695	0.20682776229840974	0.10341232269987256	0.275945660449654	0.17231375344594646
0.24150860317126388	0.2068779861089564	0.10336804570234832	0.2759283812734346	0.1723169837439965
0.24149832794378295	0.20685916759077413	0.10337586272904693	0.27594791501670973	0.17231872671968598
0.24150207528795786	0.20685560308347797	0.10339215540751028	0.2759409467105369	0.1723092195105167
0.24148670488412097	0.20686947553351337	0.1033886171905274	0.2759360251443218	0.17231917724751616
0.24147732691993246	0.20681682588549943	0.10346258183625023	0.2759235579214943	0.17231970743682334
0.24147515876340875	0.2068874494715863	0.10338167879201456	0.27594139037011023	0.1723143226028799
0.24146923044177024	0.20689376552581631	0.10339614501477248	0.27592692066316726	0.17231393835447345
0.24148732665163647	0.20686497370943963	0.10340631583313026	0.2759276806397625	0.1723137031660309
0.24146986881690496	0.20689364469741614	0.10338034425104245	0.27593416859649894	0.17232197363813728
0.24149737515886863	0.20682125120651326	0.10343524811859987	0.27592468368597944	0.17232144183003856
0.2414888031869617	0.20682224772760327	0.10342547034228845	0.27594056339513906	0.17232291534800726
0.24149663358403464	0.2068149331454725	0.1034388882211369	0.2759375211508343	0.1723120238985214
0.24148657354526537	0.20684256541390453	0.10341163659003094	0.2759449871887447	0.1723142372620542
0.24147745785648084	0.20689071947910376	0.10337346424297075	0.27593887243576065	0.17231948598568375
0.24150166537280654	0.20687858753870078	0.10335656510350438	0.275945194179165	0.17231798780582303
0.24148728339294792	0.20687836211678898	0.10339319349980404	0.27592937146354585	0.17231178952691295
