0.01143398729937034	0.21043732425537548	0.7781286884452543
0.010753298733372607	0.25037195879669544	0.738874742469932
0.010310258545455864	0.35245329730763797	0.6372364441469063
0.010254958123585234	0.35859300705086383	0.631152034825551
0.008880559051514636	0.34604896199408824	0.6450704789543973
0.004701716246989007	0.36355781704152823	0.6317404667114829
0.006068525431836558	0.3523607957618734	0.6415706788062902
0.009824976361949733	0.2614317139680905	0.7287433096699598
0.008053701257012491	0.25846431067184006	0.7334819880711476
0.013632437757611138	0.8269196574735488	0.15944790476884022
0.00364527344402088	0.8972508825690008	0.09910384398697847
0.0029282340919074	0.8430818096803441	0.15398995622774855
0.013006219361575755	0.8350263547870068	0.15196742585141748
0.011952606555240552	0.781082926415263	0.20696446702949664
0.007321159880644967	0.7725960034310559	0.2200828366882992
0.007822016531555231	0.7223827963152861	0.2697951871531588
0.011673296359248742	0.6811751705327919	0.3071515331079595
0.010338723254266158	0.6200275332974372	0.3696337434482968
0.008683642478902298	0.6461107938320398	0.34520556368905797
0.0022892759543901575	0.657463731070798	0.340246992974812
0.00767456286548418	0.6346133940865664	0.3577120430479495
0.013481869667607893	0.6458672386088	0.3406508917235922
0.0025596031525983998	0.6549006698429944	0.3425397270044072
0.006307185016245109	0.6108571451302827	0.3828356698534723
0.012845166402204955	0.6021900738172594	0.38496475978053574
0.0067575761140795665	0.35162068226668075	0.6416217416192398
0.011309592519865408	0.355116421567316	0.6335739859128187
0.0012380324882622085	0.3649860142460335	0.6337759532657044
0.005754398926634763	0.42142785102866137	0.572817750044704
0.003866502603131261	0.43386880950908235	0.5622646878877865
0.013035916234407086	0.4515128266207945	0.5354512571447986
0.0068334334117958195	0.4841430064462705	0.5090235601419337
0.01190310198693334	0.4828714525699411	0.5052254454431258
0.00987818307196775	0.4825946811682311	0.5075271357598012
0.010228333411011148	0.4959585536717268	0.49381311291726215
0.003783206804862327	0.4721920885019071	0.5240247046932307
0.010636675485493186	0.19043188838011363	0.7989314361343933
0.0081232896664582	0.15483458646065973	0.8370421238728821
0.0033936882245934052	0.24017555691381143	0.7564307548615953
0.00944101985487733	0.18923048879560644	0.8013284913495163
0.0016300937268257654	0.19901344151854816	0.7993564647546261
0.010117152324957412	0.17145937145910536	0.8184234762159374
0.013300882829047345	0.17281969371556777	0.813879423455385
0.00782896604959199	0.1959554934774024	0.7962155404730057
0.004756984087979588	0.12022487321502268	0.8750181426969978
0.011732446885006964	0.1462496374367839	0.8420179156782093
0.010501629934414836	0.1348819688242743	0.854616401241311
0.008564534481424468	0.10607697850073416	0.8853584870178416
0.009518493239945414	0.09522185846108372	0.895259648298971
0.0049836932012682356	0.5781553122619435	0.41686099453678843
0.006158172536739226	0.8712133199668552	0.12262850749640564
9.688504945091214E-4	0.2711668533916572	0.727864296113834
0.004682725683652078	0.25645442132391394	0.7388628529924341
0.009065605084317141	0.2267692008164801	0.7641651940992029
0.010115705878241177	0.23848432921068688	0.7513999649110721
0.010069014436222434	0.24630072886015741	0.7436302567036204
0.0059335117812400195	0.21970845056783234	0.7743580376509278
0.007038671400182939	0.25080302371358065	0.7421583048862365
0.005901498164560481	0.25079706768383914	0.7433014341516004
0.009986051273061847	0.07348591174223729	0.916528036984701
0.005076059264644439	0.0697145643593961	0.9252093763759596
0.00362983020797103	0.05043252767036288	0.9459376421216662
0.0030355752313065976	0.10269496102006342	0.89426946374863
0.00998361496816852	0.2903161119312556	0.6997002731005759
0.007990302592358056	0.33469484997904553	0.6573148474285966
0.012957745313108227	0.2942978569872209	0.692744397699671
0.008924542671697011	0.41490461306823173	0.5761708442600714
0.003053186247810591	0.42197305730452495	0.5749737564476646
0.004016132274075046	0.35627824060836427	0.6397056271175608
4.936949318281592E-4	0.14186727249020215	0.8576390325779698
0.00942524567357711	0.12951771825680108	0.8610570360696219
2.938107436415427E-4	0.14560583051363263	0.8541003587427259
0.011607146478563868	0.1742446919060177	0.8141481616154186
0.01021135672526402	0.16332598589599198	0.8264626573787441
0.005080527876919927	0.16328060781272088	0.8316388643103594
0.008608519209117538	0.15851571805404796	0.8328757627368346
4.004473985400048E-4	0.22347368475116497	0.7761258678502951
0.0035749016375655196	0.224682941842333	0.7717421565201017
0.004980816838980495	0.4134853407053937	0.581533842455626
0.007462016951546024	0.3802341591706556	0.6123038238777985
0.01034521855134607	0.3849363984076478	0.6047183830410061
0.009570309601966587	0.3381364562807906	0.6522932341172429
9.967785824973041E-4	0.3635951110581162	0.6354081103593866
7.67826377075731E-4	0.4025935227550759	0.5966386508678485
0.0022933599290219098	0.41791055514767117	0.579796084923307
0.007686650131514927	0.3033218220211542	0.6889915278473311
0.006616840573433758	0.31450929288475826	0.6788738665418081
0.007815237292375543	0.1777068553432993	0.8144779073643253
0.007107991570078853	0.24780762117202468	0.7450843872578965
0.010155413231387134	0.2494187266982359	0.7404258600703771
9.899308480869062E-4	0.27878076922572786	0.7202292999261855
0.007600434113340104	0.37834379576527516	0.6140557701213848
0.01287605217985932	0.354961067227078	0.6321628805930628
7.356110595760912E-4	0.8710192159459812	0.12824517299444277
0.0032970176172849586	0.8756857590073275	0.12101722337538776
2.9291303313022654E-4	0.8742307458050964	0.12547634116177353
0.005770008777326641	0.8669871926534052	0.12724279856926823
0.012282560281332622	0.8757292629217783	0.11198817679688916
0.0034481175236895645	0.9363553904260301	0.06019649205028049
0.00880647984287114	0.9459074168341061	0.04528610332302285
0.0011394933678574026	0.8998116063734829	0.09904890025865976
5.631717811387382E-4	0.9358708807970733	0.06356594742178823
0.003482470764832768	0.9314625266601388	0.06505500257502855
0.0020875655590419373	0.9311565191894925	0.06675591525146568
0.012808081580712394	0.916321328271385	0.0708705901479027
0.006744604819329203	0.8267025542291235	0.16655284095154746
0.01119368571315027	0.9132076410184707	0.0755986732683791
0.013405698807478494	0.935423262098961	0.051171039093560744
0.0077558147750190765	0.9341391473792495	0.05810503784573151
0.0025125984797063627	0.9502778401083422	0.04720956141195165
0.010013767253905792	0.7124636472636467	0.27752258548244757
0.013628387373393558	0.7061520115488786	0.2802196010777279
0.011506088162120232	0.803924008313296	0.18456990352458386
0.004613711891101213	0.7937300572731101	0.2016562308357889
0.010352863105129617	0.7797563506126969	0.2098907862821736
0.006330878546725982	0.7343760211485564	0.25929310030471775
0.011818481786157964	0.6982672342960925	0.28991428391774965
0.012600044384716014	0.6225342237558908	0.3648657318593933
0.012072780319388188	0.6672818711971871	0.32064534848342485
0.008007918773930811	0.7178208078992856	0.27417127332678365
0.0016062755998785816	0.7236022976538531	0.2747914267462685
0.004441237872623682	0.8350854272227	0.1604733349046764
0.00892352801866958	0.8894287483986317	0.10164772358269883
0.0013027903715333577	0.8613089074609277	0.137388302167539
0.00889304032770133	0.8538225106651005	0.13728444900719827
0.011402671618395033	0.7710959275695088	0.21750140081209615
0.007529846872344315	0.8251587120026922	0.1673114411249637
0.004701372994785069	0.7836761392026417	0.21162248780257342
0.009441650420731196	0.8125173656356234	0.17804098394364554
0.007776123866541085	0.8023714308225851	0.18985244531087397
3.95725900150079E-4	0.8802653475279283	0.11933892657192174
0.011966162616271925	0.5901336487932789	0.39790018859044923
0.01262402783700367	0.5432426827121045	0.4441332894508919
0.010589643427683093	0.5381549561786101	0.45125540039370693
0.0057874505867884785	0.5249512592571248	0.4692612901560868
0.0015452840528418221	0.5044207364886302	0.4940339794585282
0.006238175558287706	0.4729898983645184	0.520771926077194
9.16834190452076E-4	0.5411086486107637	0.45797451719878435
0.010439374939039348	0.5523361253019182	0.4372244997590425
0.004025098217136258	0.5056985791623643	0.49027632262049964
0.0036977891864608536	0.5438973844704624	0.45240482634307677
0.0033784290322529387	0.46920885941720225	0.5274127115505449
0.012702328823635367	0.5633393334489469	0.42395833772741787
0.0012479163487644218	0.5878958405505681	0.4108562431006677
0.010851559102066255	0.6383484022796553	0.35080003861827863
0.003815360688725955	0.6511816829057973	0.34500295640547685
0.01331769185063214	0.6576983827245495	0.3289839254248184
0.00613710383055055	0.6757040620743272	0.31815883409512236
0.013458075071033804	0.6712693358102269	0.3152725891187394
0.004126048239828206	0.6326427748768381	0.3632311768833339
0.0021312216219271374	0.6570661998380233	0.3408025785400497
0.007520112838015014	0.6369226260661032	0.355557261095882
0.011507952811816546	0.606138935961174	0.38235311122700955
0.011071581027380761	0.6262552939504681	0.3626731250221513
0.008227027828164257	0.5822187528176964	0.4095542193541395
0.01338199568414089	0.6025104795968073	0.3841075247190521
0.006455114989869837	0.5889214186600908	0.40462346635003943
0.012819645146087522	0.5378966994641623	0.4492836553897503
0.005822439426522608	0.5765349712852736	0.4176425892882039
0.0012438509355877647	0.5941238973050706	0.4046322517593417
0.010448817656876108	0.438802811377718	0.550748370965406
0.009753165000693231	0.4314608911218092	0.5587859438774977
0.012733802797222915	0.3949818180259363	0.5922843791768408
0.013037751682120957	0.3920015184516564	0.5949607298662227
0.010887999702937079	0.2916435522448046	0.6974684480522584
0.005574953392125437	0.30925970040996886	0.6851653461979058
0.007247988298116292	0.2845333498759383	0.7082186618259456
0.004484879586332535	0.31738318964899154	0.678131930764676
4.479501151798959E-4	0.30999182873463726	0.689560221150183
0.009872135387021086	0.2816574783161413	0.7084703862968378
0.008538848460673876	0.25118293449581786	0.7402782170435085
0.003197095433523589	0.27174778725618126	0.7250551173102953
0.009225060913228944	0.46368039734911365	0.5270945417376576
0.009888968731664893	0.45112645456473044	0.5389845767036048
0.007464221619541633	0.49803924343175304	0.4944965349487055
0.012748232866461873	0.437624478101307	0.5496272890322312
0.006770041131002769	0.6206771725063001	0.3725527863626974
0.008886663605228162	0.626634770055589	0.364478566339183
0.006312652547132702	0.6112203000235996	0.3824670474292679
0.002763793312207552	0.6172651153839614	0.3799710913038311
0.011597568479923714	0.6490560565130763	0.3393463750070001
0.0012987307676776139	0.4576704343767776	0.5410308348555449
0.0016668193329518743	0.485619278536785	0.5127139021302632
0.0070369205122737255	0.7031990533848963	0.28976402610283014
0.009739950114194484	0.6931650281657891	0.29709502172001656
0.009798212989344024	0.6733225825997515	0.31687920441090456
0.003924193492150507	0.6749054550306419	0.3211703514772078
0.00711507199881678	0.2104682772421265	0.7824166507590569
0.0022572667200318475	0.17691226397993012	0.8208304693000382
0.013634089976484798	0.17809478004064389	0.8082711299828714
0.0060359474513406175	0.1815507379892672	0.8124133145593924
0.006852634806614966	0.27568332693821096	0.7174640382551742
0.008532137951654029	0.27424708566364486	0.7172207763847013
0.0017012573152475063	0.2585394732441916	0.739759269440561
0.013407100947524064	0.23843765000266937	0.7481552490498067
0.009839893759718998	0.2744865436459859	0.7156735625942953
0.013327727439156112	0.2622831067912462	0.7243891657695978
0.0136095372817151	0.25298534260733196	0.733405120110953
0.011510988604492012	0.1845066479948895	0.8039823634006187
0.012280580695587462	0.19255674472948348	0.7951626745749292
0.011102590981228011	0.051082184250402785	0.9378152247683693
0.002869489929318514	0.08097197410093393	0.9161585359697477
0.0013608952114228523	0.06735069163873059	0.9312884131498466
0.009569535899103976	0.08097543821761066	0.9094550258832855
0.012861308236379876	0.06909928830959333	0.9180394034540269
0.011740523251099755	0.12733665659246557	0.8609228201564348
0.01139087990160953	0.10746385679766529	0.8811452633007253
0.009048146934434176	0.12703489952738733	0.8639169535381787
0.0018127443704230028	0.126669614158709	0.8715176414708681
0.004722212769753487	0.1305618936974439	0.8647158935328026
0.008515775233993328	0.18217088927913794	0.8093133354868689
0.005933164242073186	0.16814396835224144	0.8259228674056855
0.008952796565993792	0.15114069342569808	0.8399065100083082
0.007457973721033906	0.19810617747951348	0.7944358487994527
0.011897144930165915	0.23325610707596117	0.7548467479938731
0.006711112208506287	0.2172365947513772	0.7760522930401167
2.91935106487895E-4	0.6479936958978193	0.3517143689956929
0.008831535439730032	0.6731996075338165	0.31796885702645367
0.012083331227499217	0.6641585063336993	0.3237581624388016
0.012391137243983774	0.6577101710754057	0.32989869168061065
0.012254079668300888	0.5407263232925863	0.4470195970391129
0.0032082041447297205	0.402442985452683	0.5943488104025874
0.010383403453640139	0.39620542607868364	0.5934111704676763
0.005768718204596346	0.403802909324962	0.5904283724704418
0.01183719218302548	0.4054023317967358	0.5827604760202388
0.009965524542191073	0.44507388741461545	0.5449605880431936
0.006054427339124591	0.48525308083666086	0.5086924918242146
0.011168534827329046	0.5246911829582567	0.4641402822144144
0.007542777951125457	0.48925948855523016	0.5031977334936445
0.005797762231991133	0.49375199591419483	0.5004502418538141
0.008413751870737729	0.46845612404072046	0.523130124088542
0.004800091056988864	0.5101938129200405	0.4850060960229708
0.008952597281524532	0.5301143182785287	0.46093308443994685
0.0013030891011696633	0.5178266250571546	0.4808702858416759
0.010486164235738116	0.4891366132348818	0.5003772225293802
0.010737661673554721	0.525003386932902	0.46425895139354323
0.012046411233160859	0.47372334462081284	0.5142302441460265
0.008564213953502597	0.5116271052412391	0.47980868080525846
0.0035519775866531544	0.43943902766385445	0.5570089947494925
0.0036782144802101624	0.26374411723117913	0.7325776682886109
0.009525935368299376	0.2738374645234868	0.716636600108214
0.012813840779362984	0.27174903858017263	0.7154371206404645
0.007949035065431653	0.41752925756302306	0.5745217073715454
0.00741555997299681	0.4424314612532474	0.550152978773756
0.007884887524577389	0.4607115127857971	0.5314035996896257
9.250658356430019E-4	0.4773137031284681	0.521761231035889
0.009506322495082264	0.3896793168953276	0.6008143606095903
0.006762017966937928	0.3528990785457782	0.640338903487284
0.010217168853676406	0.45556140827030234	0.5342214228760214
0.012454021645158131	0.5405686830225676	0.4469772953322744
0.012341439924295039	0.5136976166496598	0.47396094342604517
8.916682996166214E-4	0.5485277470519679	0.45058058464841555
0.012421839245517652	0.4770888955283446	0.5104892652261379
0.009717037324743105	0.4718596325512371	0.51842333012402
0.00864026326082351	0.47737643257558604	0.5139833041635906
0.006444507168655078	0.46501598228055424	0.5285395105507908
0.010366668996679262	0.44343370956886186	0.5461996214344591
0.006768724553285033	0.3384979128671245	0.6547333625795906
0.01026497257288872	0.33993206134608134	0.64980296608103
0.0038187666049675495	0.3376997388950956	0.658481494499937
0.0034030562071256654	0.4710819387450921	0.5255150050477824
0.003480326284568347	0.4858615158949052	0.5106581578205266
0.010250098786633077	0.1908711141072854	0.7988787871060816
0.007572128346744977	0.1318434773852229	0.8605843942680322
0.012815206752676	0.14391989863419152	0.8432648946131326
0.008360127237751425	0.07606766237545165	0.915572210386797
0.008892760224126495	0.17992695663164918	0.8111802831442245
0.0091416131917616	0.11677668466124774	0.8740817021469908
0.00930968598610743	0.12698415577273253	0.8637061582411601
0.012339698143386146	0.10408581584637625	0.8835744860102378
0.009027717656476753	0.11051659832141775	0.8804556840221056
0.002807132169043658	0.15446104448253536	0.8427318233484211
0.011063890735207693	0.14537400745903512	0.8435621018057573
0.008901269013780189	0.15069057320958962	0.8404081577766304
0.0014325619341562512	0.1873520506132632	0.8112153874525806
0.013411341744591965	0.8146655786603436	0.17192307959506464
0.004047839569416234	0.7377004114249623	0.2582517490056215
0.012407390500269067	0.8346606483940794	0.1529319611056517
0.004178512555201075	0.5016727240261025	0.4941487634186965
0.01278298905846964	0.3732296024531397	0.6139874084883907
0.01006063871115881	0.42641544650316926	0.5635239147856721
0.012890217338127508	0.4266820134460084	0.5604277692158641
0.006976051164608532	0.4691610325158094	0.5238629163195823
0.007710542004051635	0.48198776667048066	0.5103016913254678
0.004350190904326201	0.6556831670608843	0.3399666420347896
0.005438607525062256	0.7359708716420138	0.2585905208329241
0.0017114091474531579	0.7046718698526331	0.29361672099991387
0.01347270428050329	0.7374500251675036	0.24907727055199325
0.004339299315168799	0.7809230982978046	0.21473760238702672
0.01171845204500277	0.752253776964621	0.23602777099037628
2.8211571320985174E-4	0.733883533110823	0.26583435117596727
0.00868705261559255	0.6944562361479714	0.2968567112364362
0.003794055230553983	0.6965713915362969	0.29963455323314925
0.0010786621280187147	0.7770664554405393	0.2218548824314422
0.004762843988806442	0.8021846970648537	0.19305245894634002
0.011375281911220891	0.8233458190875008	0.16527889900127846
0.0027781440166027016	0.8329670922097188	0.16425476377367879
0.010448053250382061	0.7846948596639751	0.20485708708564296
0.0035970568854074014	0.7922568712899228	0.2041460718246699
0.012737327136543186	0.7847395914763389	0.202523081387118
0.003240896798356707	0.8135542595875312	0.1832048436141121
0.012059553175302717	0.8428872738348481	0.14505317298984935
0.006809803446040041	0.8612109489492636	0.13197924760469645
0.011003578214640597	0.839057858839521	0.14993856294583846
0.008510350866031635	0.8318528934470907	0.1596367556868778
0.00935360093420634	0.6564477608341122	0.33419863823168167
0.010784202776936813	0.6904061471532652	0.2988096500697981
0.011005358745451554	0.9434540391430981	0.0455406021114505
0.011187902035325992	0.9372086003380868	0.051603497626587225
0.010980397928090024	0.8775809195377533	0.11143868253415679
0.012929196919313435	0.8822496378411804	0.10482116523950635
0.005364901651567722	0.7885466152663474	0.2060884830820849
0.007669750188135593	0.7857080741734275	0.20662217563843707
0.00875771671403014	0.8388974777672399	0.15234480551873006
0.00957797942750771	0.7784426412189642	0.21197937935352817
0.002486975773924538	0.24549325794191557	0.75201976628416
0.006236271547740979	0.19402112246853187	0.7997426059837273
0.007135556339795623	0.1724724165273106	0.8203920271328939
0.0019480478376891486	0.10993015397661712	0.8881217981856939
0.01217108218589652	0.10962378300003431	0.8782051348140693
0.0049471925439359965	0.09591313987131453	0.8991396675847496
0.008227022428466846	0.08042813714842623	0.9113448404231071
0.0037180531123521265	0.16322742258186276	0.8330545243057852
0.010995347627403784	0.18961976446572448	0.7993848879068719
0.01167170832960679	0.16146210346023354	0.8268661882101599
0.009191436846692602	0.13759054869001996	0.8532180144632876
0.0015584033310652723	0.1310630596257174	0.8673785370432175
0.013506951663812328	0.16411712422407923	0.8223759241121085
5.925742056961392E-4	0.24481980015538302	0.754587625638921
0.004319339446364312	0.17797228330003587	0.8177083772536
0.00564816892650577	0.13500005302656748	0.859351778046927
0.00997975424136438	0.06367242954171748	0.9263478162169182
0.007086636310361938	0.052497042930740645	0.9404163207588976
0.0037929906207633257	0.11690781025565175	0.8792991991235851
0.0030826965458009004	0.11666054527743941	0.8802567581767597
5.57483398256009E-4	0.23669689180088516	0.7627456248008591
7.839202126816436E-4	0.2616729709329083	0.7375431088544102
5.08463000191195E-4	0.2647522009834363	0.7347393360163726
3.954604154393637E-4	0.3799333380065959	0.6196712015779648
0.010179723630800441	0.3339639379394667	0.655856338429733
0.0010062977355767	0.2960132455154736	0.7029804567489498
6.306626852888852E-4	0.11486757233717387	0.8845017649775374
0.004050433300620326	0.07703829142995622	0.9189112752694236
0.006556281176801848	0.08705748856819834	0.9063862302550001
0.011615414511341127	0.2550013461720354	0.7333832393166235
0.010871279526773026	0.2980858421938837	0.6910428782793434
0.005568791776820847	0.30479576181039236	0.689635446412787
0.011309898389616546	0.27317362871283857	0.715516472897545
0.007491110394154898	0.1973434075617339	0.7951654820441113
0.011867771171378216	0.2641707160736161	0.7239615127550059
2.835452600712385E-4	0.2676309438002834	0.7320855109396455
0.013313719948886082	0.22799597945175823	0.7586903005993557
0.008351744532364425	0.19581991056748704	0.7958283449001486
7.726251947224316E-4	0.31563780067619135	0.6835895741290864
0.007560536365345483	0.3754068810715647	0.6170325825630899
0.01263890113833166	0.3691231935424713	0.6182379053191971
0.00948382022537625	0.5907017445700635	0.3998144352045603
0.0057500724050599805	0.5637050188188151	0.4305449087761251
0.005714627050938614	0.6659870360495117	0.32829833689954985
0.0038746371558235904	0.1820551917036195	0.814070171140557
0.00885728839918748	0.17364384688370563	0.8174988647171071
6.56364672741383E-4	0.18162075379790527	0.8177228815293535
0.001362372658879396	0.5382497504802026	0.4603878768609181
0.004156521424961812	0.47236645240023784	0.5234770261748005
0.01033646974817859	0.4901984168421911	0.4994651134096305
0.006656957823221177	0.49341845618438895	0.49992458599239004
0.002956130152358516	0.5042650592544939	0.49277881059314765
0.007257142314753884	0.770641132301238	0.2221017253840083
0.0035776856217231146	0.8311097919353744	0.16531252244290254
0.0024798769108997365	0.8331361528903937	0.16438397019870674
0.010170515611730713	0.9176916894706041	0.07213779491766531
0.011347267952202145	0.7021521641953974	0.2865005678524005
0.013034805785633097	0.7044370835443505	0.28252811067001643
0.01204539517588743	0.7551924398649318	0.23276216495918098
0.01231542192364482	0.6052845846552224	0.38239999342113284
0.007141264406610226	0.5844262728752698	0.40843246271812017
0.004662897258810195	0.5730045959470866	0.4223325067941033
0.012002609096306405	0.5730515451439403	0.41494584575975335
0.0038260631155552782	0.5868817436732738	0.409292193211171
0.003169463762925484	0.7666066361382882	0.23022390009878663
0.0054762101264826946	0.7716140321011403	0.2229097577723771
0.006686195973182707	0.741073032667579	0.2522407713592384
0.009571461249398616	0.6856505256974835	0.3047780130531181
0.011840178061988615	0.7091613007176997	0.2789985212203119
0.004089764460310064	0.7397449482566595	0.2561652872830306
0.010280847998744846	0.7724147799656462	0.21730437203560907
0.007188733829852856	0.7731473872214624	0.2196638789486849
0.00788372716044794	0.7022801244538095	0.2898361483857426
0.0028897667563638207	0.6700285188810811	0.32708171436255523
0.006302541653079197	0.5616606126240167	0.43203684572290424
0.008427099277441619	0.41104161801037775	0.5805312827121807
0.0049586042909879335	0.42956044465974264	0.5654809510492695
0.012878852746641967	0.535565545744253	0.4515556015091052
0.00776362564964217	0.6084564645779205	0.3837799097724376
0.010286817871370424	0.5909728918844566	0.3987402902441732
0.003792085238401466	0.7107612169441653	0.2854466978174334
0.006104476284446547	0.7123894030056033	0.2815061207099503
0.011986587195912668	0.7091566658699096	0.27885674693417783
0.013480352833479703	0.7159902915392908	0.2705293556272296
0.0038365236380298318	0.6332196058535604	0.3629438705084099
0.009512285385108399	0.6542941987036102	0.3361935159112816
0.010304102406311855	0.6494234560452556	0.34027244154843267
0.01358295197117071	0.6288346996097693	0.3575823484190601
0.0018020183825099845	0.6407718329088945	0.35742614870859557
0.0020309939773588415	0.6203329686208103	0.3776360374018309
0.01356005564599927	0.6199017850626496	0.36653815929135125
0.005644165239675869	0.6353661447252221	0.35898969003510206
0.0032488262152960967	0.6848211648994864	0.31193000888521766
0.012104705225598922	0.7682266544683476	0.2196686403060536
0.01099013132512594	0.7533881851469773	0.23562168352789697
0.00940768166114192	0.6962085786040482	0.29438373973481013
0.002517611083497906	0.6224593962859069	0.37502299263059535
0.005451643863739197	0.4958451625837905	0.49870319355247045
0.013570099475639141	0.5312242801405558	0.4552056203838052
0.006704002703922574	0.5381472820530503	0.4551487152430273
0.009686162018933242	0.5312607613695354	0.4590530766115315
0.006850243556450808	0.5203048434702479	0.4728449129733015
0.011185244575092679	0.5191653361324665	0.469649419292441
0.004218736146346713	0.45167393458457095	0.5441073292690825
0.006586203491320053	0.6446993037099931	0.348714492798687
0.009454777498545508	0.6499487770571453	0.3405964454443092
0.00561181334790084	0.6683900079144074	0.32599817873769193
0.007742464234973767	0.6615338082000473	0.3307237275649791
0.006453930964573806	0.6788473202127342	0.31469874882269205
0.004183077086996667	0.6694795098522232	0.3263374130607803
0.007788334561065813	0.6914941286083995	0.3007175368305347
8.683472205344711E-4	0.7205874678625088	0.27854418491695687
0.0033989759727886537	0.7550530470480075	0.24154797697920402
0.00934283115350626	0.6947652096549606	0.2958919591915332
0.013498957140339107	0.6845900303339603	0.30191101252570063
0.003242591442638554	0.6837035652626997	0.3130538432946619
0.003030657402499193	0.7036986674583554	0.2932706751391455
0.0038511717605825835	0.7008074159211891	0.2953414123182284
0.012090916963253873	0.672722006634076	0.3151870764026702
0.0030242285599525465	0.6896623502892227	0.30731342115082483
0.0056612004698270435	0.7177739614476888	0.2765648380824844
0.009819204202986709	0.746656156095506	0.2435246397015075
0.0059635883529634	0.43852271472317855	0.5555136969238582
0.012558757881170446	0.511449787344288	0.47599145477454163
0.006411386265788965	0.5044502689101087	0.48913834482410257
0.005209831112763075	0.5544919159306061	0.44029825295663094
0.004691455187887883	0.5984718658903694	0.3968366789217429
0.006005302371403454	0.1915088954310056	0.8024858021975911
0.00809102813612983	0.15408735183604766	0.8378216200278226
0.006619725573273061	0.1899040665810388	0.8034762078456883
0.012755412784998366	0.10002601860923133	0.8872185686057704
2.7060793385613735E-4	0.052895929708538625	0.9468334623576053
0.0017379309705516377	0.15795463644210922	0.8403074325873392
0.004530494313258859	0.15256205858696387	0.8429074470997774
0.00662257150916179	0.053461163373229426	0.939916265117609
0.01061827823153233	0.05273131047036583	0.9366504112981019
0.001086580733596687	0.09814921022435999	0.9007642090420435
0.0028080568002429307	0.3160242324983265	0.6811677107014307
0.012550340838947238	0.299914199255955	0.6875354599050979
0.010344112672665773	0.32757539825701637	0.6620804890703179
0.008551443182551188	0.3189073831968306	0.6725411736206184
0.009849481427153195	0.26935042052955954	0.7208000980432874
0.004837671884268313	0.25947639724654653	0.7356859308691853
0.005670630437721591	0.3114314793729953	0.6828978901892833
0.00807630699497458	0.27859341592980214	0.7133302770752235
0.012578095068065231	0.2981982193704789	0.689223685561456
0.0016450235541174418	0.2501077015107199	0.7482472749351627
0.005650635528371917	0.25735619013484834	0.7369931743367799
0.012452613424483228	0.2755847700269207	0.7119626165485962
0.0018207993649709264	0.26025240578834474	0.7379267948466844
0.009121068255326492	0.23502865227979064	0.7558502794648829
0.012208499682972385	0.20844597448094	0.7793455258360877
0.006489931090597423	0.2860023579880231	0.7075077109213797
0.005009766217363265	0.31078719185822623	0.6842030419244106
0.004844916276401878	0.2830258029778699	0.7121292807457283
0.013382839406234692	0.28380563681202325	0.7028115237817422
0.009216964684839346	0.29640496048214865	0.6943780748330122
0.001683787048666785	0.29548553083039664	0.7028306821209367
0.013313635953681568	0.19924586471590156	0.7874404993304169
0.0078528796685563	0.25244358188017124	0.7397035384512726
0.012217038254322687	0.2615130134933016	0.7262699482523758
0.0031198313670119937	0.31836993253201973	0.6785102361009683
0.009778660990273025	0.7558670543203576	0.23435428468936953
0.0014338053827736563	0.7143165953653521	0.28424959925187426
0.0027908112170336175	0.6862538866621086	0.3109553021208578
0.008619656867277725	0.6773507671413843	0.3140295759913381
0.007023812382611461	0.6774125035429386	0.3155636840744501
0.0061903654702025745	0.7076859673096793	0.2861236672201183
0.0035730592768696834	0.6674546802813058	0.3289722604418246
0.0032912269019446105	0.9027314056808302	0.0939773674172254
0.01017440048017676	0.9178247136022435	0.07200088591757992
0.009243404791182297	0.9495236039206603	0.041232991288157494
0.009804014731349675	0.9426438746889035	0.04755211057974695
0.006797743329268302	0.9268811385318817	0.06632111813885011
0.010303234515918636	0.9181830245438092	0.07151374094027235
0.007780889689105952	0.9316982379559989	0.06052087235489523
0.007156844448215294	0.920570239489028	0.07227291606275682
0.004322303062052724	0.937202607527548	0.05847508941039925
0.01283352880540084	0.9349551051402625	0.05221136605433685
0.0016015867796442262	0.9530703524511452	0.0453280607692107
0.007673840910975782	0.9326142971934732	0.05971186189555111
3.1981818122217565E-4	0.9330464874038569	0.06663369441492101
0.003704906584051648	0.9380470361645601	0.058248057251388485
0.013442249526646743	0.8949109201068255	0.0916468303665279
5.631209021924599E-4	0.8857180254475316	0.11371885365027604
0.003662487709187423	0.608484446623176	0.38785306566763667
0.0051236141703006055	0.6595194611444601	0.33535692468523937
0.007901434376692662	0.6442200343384654	0.34787853128484214
0.00395038662331626	0.663730549068343	0.332319064308341
0.0027395712075025114	0.8412943196579856	0.15596610913451206
0.012765782792596547	0.8214953104240714	0.1657389067833322
0.003588355102759566	0.5457523615161284	0.45065928338111216
0.0035977459026605985	0.814342539046973	0.1820597150503665
0.004999849410244672	0.8803962892559539	0.11460386133380143
0.012948306532331977	0.8464062918963587	0.14064540157130942
0.00724208235484014	0.9060800890192223	0.0866778286259377
0.0030048229630163514	0.9074540058150291	0.08954117122195465
0.01200838980605623	0.8855250795721535	0.1024665306217904
0.007088842456656863	0.9459054204357201	0.047005737107623125
0.003760261896758932	0.9422071145283986	0.054032623574842675
0.00871955453093809	0.28287947225257	0.708400973216492
0.0034795255615610587	0.31292954004263807	0.683590934395801
0.012506090820714189	0.39175220278689454	0.5957417063923915
0.005672179815210843	0.3966166750209886	0.5977111451638007
0.00416936592587408	0.41637280997857795	0.5794578240955481
0.01063849928960936	0.5085145397638569	0.480846960946534
9.7954843141701E-4	0.24539057111403884	0.7536298804545443
0.010712209025422637	0.29652016696493444	0.692767624009643
0.009169220885506812	0.28729174748552117	0.7035390316289722
0.0018101781908431147	0.383684837710527	0.6145049840986301
0.009101335100643704	0.3599268202017395	0.6309718446976169
0.011186108077035017	0.36047751732011635	0.6283363746028487
0.007633258941459997	0.0836020276450477	0.9087647134134924
0.0108558238074411	0.09348659457771036	0.8956575816148487
0.011088271426703655	0.13335824530947465	0.8555534832638217
0.001955072084805831	0.5594739037580254	0.4385710241571689
0.009640507208430904	0.5374867819870638	0.4528727108045054
7.891274821085204E-4	0.4709471608286368	0.5282637116892548
0.009517320932957318	0.623496987690991	0.36698569137605186
0.012091755301831542	0.6273309304043302	0.3605773142938383
0.007219517804169795	0.3302396393894556	0.6625408428063748
0.003463185936480706	0.3397194726830214	0.656817341380498
0.00838321168621603	0.4093220982031597	0.5822946901106243
0.004175941519743431	0.41587908367895177	0.579944974801305
0.007653941903697781	0.4277208676474791	0.5646251904488233
0.00501004984825526	0.5800927260708517	0.41489722408089313
0.005902970315381173	0.5638936639946648	0.43020336568995415
9.283062313283352E-4	0.47878188087618645	0.5202898128924853
0.009951103199528966	0.46187173380917423	0.5281771629912969
0.004253189266392621	0.48300379628021217	0.5127430144533953
0.00795745578311191	0.5446024230236434	0.4474401211932449
0.003030665713507852	0.5625434426418431	0.4344258916446492
0.006137838882682434	0.7307531148818187	0.26310904623549897
0.0018473327946021967	0.7475387794168863	0.25061388778851157
0.0030907839924418368	0.7504547673538633	0.246454448653695
0.007100410882017016	0.7134617977155571	0.27943779140242603
0.00543857579500967	0.7323822665087371	0.26217915769625344
0.00528391041710663	0.7257917741946847	0.2689243153882088
0.007687787874366081	0.7342054661055095	0.2581067460201245
0.008972878834236586	0.2877655438622828	0.7032615773034807
0.0010136968569313676	0.2405729682162991	0.7584133349267697
4.90940551275354E-4	0.2518027489327478	0.747706310515977
0.006916593055949938	0.2919712984409153	0.7011121085031349
0.009016395939673072	0.27538566888522	0.7155979351751071
0.00309007026971736	0.281605041830017	0.7153048879002657
7.467374176367003E-4	0.9531339811923697	0.04611928138999366
0.00733936795534379	0.9365613638346993	0.05609926820995692
0.011699517556532146	0.9371376116810914	0.05116287076237658
9.904639327648623E-4	0.9384596255280667	0.06054991053916858
0.008198820603587231	0.9148187624064602	0.07698241698995267
0.0017886022525383516	0.7796636262110883	0.21854777153637342
0.011702261058635366	0.24427225060590294	0.7440254883354618
0.003748152694487805	0.28221970587701856	0.7140321414284938
0.006903328238611783	0.3411433244087505	0.6519533473526378
0.0024144793488718452	0.3855187598645752	0.6120667607865531
0.007580539766733341	0.3843832901499197	0.6080361700833471
0.002106013836346954	0.6750558193802801	0.32283816678337307
0.013263766530473342	0.6733655073302118	0.313370726139315
9.95740681862145E-4	0.3939801246798091	0.6050241346383289
0.006597626595786943	0.68594022609922	0.3074621473049932
0.00512885792173523	0.7094006947595681	0.28547044731869686
0.008593642538186064	0.7102801644838548	0.28112619297795927
0.008813682641010179	0.6426210622751762	0.34856525508381375
0.013509701538682306	0.6512827904811429	0.335207507980175
0.01356625032790687	0.6585621949024424	0.3278715547696509
0.006068759789870981	0.6476296081506231	0.34630163205950604
0.012375868483204377	0.6644040823411648	0.32322004917563096
0.006118695319896839	0.6577419495718337	0.3361393551082696
0.004982770139105808	0.7487041519331558	0.24631307792773854
9.661095389696395E-4	0.6931762104825046	0.30585767997852586
0.007446734737655447	0.6953904185044554	0.29716284675788923
0.005951161199347799	0.7150411033079123	0.2790077354927401
0.01236242759534012	0.7142417375193897	0.2733958348852702
0.010171311774427705	0.7737239625808249	0.2161047256447475
0.006764516978615964	0.822839633940115	0.17039584908126917
0.013399973200457826	0.7472624288798773	0.23933759791966497
0.009804700753029194	0.7356272139913803	0.2545680852555906
0.00122665388292309	0.7267259357817618	0.2720474103353152
0.01067672682827936	0.6785563863312627	0.31076688684045806
0.008807834424538141	0.09379654463838294	0.8973956209370789
9.182706826471598E-4	0.08433175588609937	0.9147499734312536
0.005204628839316439	0.07923311543914974	0.9155622557215339
0.0032764344883792207	0.08933989955981067	0.9073836659518103
0.01164640985312898	0.11409722864211408	0.874256361504757
0.009945473945475736	0.20610470996585226	0.7839498160886721
0.0024876075550879784	0.1680224122097913	0.8294899802351208
0.009531625241149755	0.16033193663878104	0.8301364381200693
0.004364287476292139	0.765444431919724	0.23019128060398403
0.00983824437248404	0.7510338697500261	0.23912788587748998
0.006367250543358849	0.8046056807094789	0.18902706874716232
0.01229406377929726	0.8562814695858136	0.13142446663488921
0.0049059277389332245	0.6245817708881898	0.37051230137287705
0.006001532892953354	0.5865913331705461	0.4074071339365006
0.008568821107152236	0.8672484426210982	0.12418273627174958
0.01033717763808456	0.8709927748123689	0.11867004754954669
0.010147134792420853	0.7953518606045512	0.19450100460302808
0.008433145595035552	0.8092884860263836	0.18227836837858097
0.00237314127665883	0.9231378204092053	0.074489038314136
0.003531515998522139	0.9175305899882524	0.07893789401322565
0.008806612612702769	0.8698994198140032	0.12129396757329419
0.006110853054320131	0.8979108587170717	0.09597828822860827
0.005561907583378045	0.8842649574458562	0.11017313497076592
0.0018049736419899487	0.8695424257306653	0.12865260062734485
0.009977521473377493	0.8865690988142414	0.10345337971238122
0.0057183596874152975	0.9191039342540201	0.07517770605856466
0.006957659051482268	0.927608875093864	0.06543346585465382
0.012055512623337039	0.45958691372501237	0.5283575736516508
0.0012042179755370475	0.4855324394010668	0.5132633426233963
0.010446091672074775	0.4638650402629679	0.5256888680649575
0.0022264305606872203	0.6992939038732753	0.29847966556603756
0.013672090599104514	0.7526229131521018	0.23370499624879387
0.011587173375182835	0.7509173740676629	0.23749545255715437
0.010560753341684603	0.5554698014728155	0.4339694451855
0.00927007059449525	0.5199595121531437	0.4707704172523611
0.010986523647609214	0.6000948974093832	0.3889185789430077
6.780021341574738E-4	0.6134869326437999	0.3858350652220427
0.0023228075140069304	0.5706746082049657	0.4270025842810275
0.0012617421420086372	0.5500455158839823	0.4486927419740091
0.005114718550774833	0.568150361443975	0.4267349200052503
0.0053219754680501885	0.8182447080433308	0.17643331648861912
0.003976268255667548	0.8250991925829725	0.1709245391613601
3.3242103073227725E-4	0.8716946276228384	0.12797295134642947
0.01353232970638385	0.8721818155439978	0.11428585474961853
3.3765059578849677E-4	0.7635864657502274	0.2360758836539842
0.005228877999222559	0.7775834052207218	0.21718771678005588
0.011517888525357123	0.6454383128191471	0.34304379865549595
0.0095353522718154	0.6368870967796245	0.35357755094856025
0.0012000792226867785	0.6234857752014149	0.37531414557589843
0.010443137644583655	0.608899997537983	0.38065686481743344
0.009075320952046106	0.5988199264590588	0.39210475258889516
0.0018305408503774823	0.5759224384300787	0.4222470207195439
0.012965997975114218	0.6961904385942608	0.29084356343062506
0.005231656585950761	0.6840924725679522	0.31067587084609716
0.009649099035216546	0.7429908188314966	0.2473600821332869
0.01041684944436383	0.7576224673164386	0.23196068323919775
0.003513806482922155	0.8333523434753776	0.16313385004170042
0.007515703934488416	0.8533813079479602	0.13910298811755145
0.00390707878229013	0.6914098695210232	0.30468305169668675
0.003820005894710543	0.711038591237965	0.2851414028673246
0.008125729884718214	0.7373445187567327	0.2545297513585493
0.007598344872103646	0.7359248566208823	0.25647679850701416
0.008747557701365594	0.8985909958341219	0.09266144646451258
0.009624489773897182	0.8890705564099292	0.10130495381617377
0.007246372048838878	0.9442978821348028	0.048455745816358364
0.0032808814962324018	0.9147287083748176	0.08199041012895014
0.011978936897705295	0.8370388264643933	0.15098223663790147
7.21107463648063E-4	0.8942401137473369	0.10503877878901519
0.012475160559165699	0.7786538519042546	0.20887098753657984
0.01150416053667791	0.8065273095063852	0.18196852995693708
0.007058238930255145	0.8293612543762614	0.16358050669348356
0.001046112311014813	0.8062835557029262	0.19267033198605912
0.009072084331670116	0.8459871659640792	0.14494074970425078
0.010558514746782044	0.8237475277472084	0.16569395750600968
0.009308707547086903	0.8318932406435507	0.1587980518093625
0.003418330114718371	0.8438369690553598	0.15274470082992198
0.002514545626661646	0.8410809156540046	0.156404538719334
0.005277324269225947	0.8299992302284673	0.1647234455023068
0.005295896880052775	0.8765421934958836	0.1181619096240637
0.0017315843735288272	0.8374432295623763	0.16082518606409507
9.188741736170236E-4	0.8017766457654192	0.19730448006096385
0.011987453979606433	0.7948199766943544	0.1931925693260392
0.0061934288279986704	0.9471083703418578	0.046698200830143644
0.005998119836629456	0.9178318211839067	0.07617005897946394
0.010768629372054028	0.9062807438527918	0.08295062677515436
0.012320080211173423	0.92908848146889	0.05859143831993674
0.011578357029655872	0.9327723155639673	0.0556493274063769
7.675513408937906E-4	0.8677806501229199	0.13145179853618638
0.00676106654962505	0.8913593998989994	0.10187953355137574
0.011130724841519057	0.9023584587646388	0.0865108163938422
0.0017984728455180399	0.7362154957995477	0.2619860313549344
7.508680484075159E-4	0.7316276943609716	0.26762143759062107
8.500217913920416E-4	0.7378920981834256	0.2612578800251826
0.012949709423694444	0.6825627314644991	0.3044875591118066
0.003180680020447413	0.6906563259843428	0.30616299399521
0.005027149275641241	0.7196890888281182	0.2752837618962407
0.009483859153149254	0.7063286689174496	0.2841874719294012
0.007170692446951177	0.7061311713204802	0.28669813623256873
0.005003268785413906	0.7305889338613696	0.2644077973532167
0.0016140242114042747	0.7025924365593799	0.2957935392292159
0.011428125484969187	0.7026543505012488	0.28591752401378207
0.0077504884956382525	0.7423044789885537	0.24994503251580824
0.012312897443949256	0.863278967877672	0.12440813467837875
0.0018857461119718422	0.8753996108526036	0.12271464303542468
0.010621458376211868	0.9031546862180964	0.086223855405692
0.004646135675839547	0.8999594522498534	0.09539441207430716
0.009828921954265546	0.8692654401677192	0.12090563787801539
0.0035266972492385418	0.8239827080293105	0.17249059472145106
0.004430992748481244	0.5715048074770083	0.4240641997745106
0.005198458543401674	0.5732264171405702	0.42157512431602817
0.0017351998059336182	0.7567219287134747	0.24154287148059184
0.012765205093639154	0.7420278073004951	0.24520698760586584
0.0032885239935852573	0.6547082323412203	0.3420032436651946
0.008387222720425802	0.590036601331742	0.4015761759478324
0.009791276454949205	0.25511517911345016	0.7350935444316009
0.006461652444597732	0.545243859019382	0.44829448853602044
0.0010783228521260568	0.6237514158535047	0.3751702612943694
0.004552220289352926	0.7167844637250254	0.27866331598562183
0.00465354124417805	0.6824849586955835	0.3128615000602385
0.007698028905893328	0.2276158369494678	0.7646861341446389
0.013604707358533141	0.17845832316089652	0.8079369694805705
0.010931027328506315	0.21342187290648534	0.7756470997650085
0.00267667186084114	0.2843154495066926	0.7130078786324665
0.009751521368398852	0.268053979239903	0.7221944993916982
0.011482685819126648	0.16965600952643123	0.8188613046544423
0.004356859175405736	0.09985007639494964	0.8957930644296448
0.006275546107362084	0.23046930842046487	0.7632551454721732
0.011882526509053859	0.16167967366323815	0.8264377998277082
0.008952242077068406	0.2938600820109883	0.6971876759119434
0.009861951161538152	0.347276000910453	0.6428620479280089
0.012755243047205822	0.2908095665313838	0.6964351904214106
0.002235980419322159	0.30371795821373443	0.6940460613669435
0.0026060433491212343	0.3002721204026764	0.6971218362482026
0.013266825128861515	0.318577037862505	0.6681561370086336
0.009819585073606807	0.3233373714746174	0.6668430434517759
0.0022466054436668936	0.3276135290582187	0.6701398654981146
0.009762108326221153	0.32974933309189636	0.6604885585818827
0.005972070779145744	0.28768150155720057	0.7063464276636537
0.009602603075740679	0.3202044331926248	0.6701929637316346
0.007485243902945582	0.33417205522177296	0.6583427008752816
0.0019503572562470373	0.33992123224207366	0.6581284105016795
0.004323635775583368	0.4126920276590752	0.5829843365653417
0.011939133727657869	0.3992339366209775	0.5888269296513647
0.0027420080539136693	0.36340135138805935	0.6338566405580272
0.009656982320083163	0.3474616966510795	0.6428813210288373
0.01096486324580559	0.6138023479012373	0.3752327888529572
0.008355170451396998	0.561241660845218	0.43040316870338524
0.010301992607338217	0.5597432921688734	0.4299547152237885
0.002787767536511443	0.5366919851645066	0.4605202472989821
0.00940708873421675	0.535249211406049	0.45534369985973444
0.011793282464524546	0.3823581109764945	0.605848606558981
0.01072916904854293	0.6496678416841717	0.33960298926728555
0.004660279611787832	0.44640937317507556	0.5489303472131367
0.0068032825892214155	0.38689320338551153	0.6063035140252672
0.0028437469415031336	0.3701027451220019	0.6270535079364952
0.012641467323067979	0.46496965110840455	0.5223888815685276
0.005223896924937854	0.19763273064558762	0.7971433724294746
0.003104804018185303	0.18161129540546786	0.8152839005763469
0.002278401496249971	0.17483563694965168	0.8228859615540984
0.002837860032686046	0.15283668300526965	0.8443254569620444
0.0032767025353523382	0.2811808150717292	0.7155424823929186
2.3639681756343345E-4	0.27151346366188445	0.7282501395205523
0.0045337284382452325	0.5813831148787658	0.4140831566829891
7.8785558426403E-4	0.3681390084480257	0.6310731359677104
0.008674890892658826	0.35102356864451856	0.6403015404628227
0.0028026901737377985	0.3676803807153351	0.6295169291109273
0.011542077314458943	0.17347297104414666	0.8149849516413945
0.013096448252380766	0.15031678081485572	0.8365867709327637
0.011873455333774152	0.2215084857824835	0.7666180588837423
0.007248545271994478	0.15340967382936993	0.8393417808986356
0.012866641265877665	0.08562098166944565	0.9015123770646768
0.006586741369712157	0.06980614700264681	0.9236071116276412
0.010051311179706701	0.078091575455209	0.9118571133650843
0.010535873807895113	0.4423492168398731	0.5471149093522318
4.602383021564682E-4	0.4319408357016193	0.5675989259962244
0.006120059686823054	0.37304235958952925	0.6208375807236478
0.008416902131566983	0.37511519210156435	0.6164679057668687
5.563948133009422E-4	0.25462560064453726	0.744818004542162
5.106387388113531E-4	0.43139101117962625	0.5680983500815625
0.004418950547682821	0.4347522603063382	0.5608287891459791
0.00955325734192336	0.4624096524596888	0.528037090198388
0.012926798619612323	0.4548739199764089	0.5321992814039789
0.008848329766832752	0.33538331098284013	0.6557683592503273
0.008249030954446734	0.3639025459141797	0.6278484231313737
0.010626350989632605	0.16380368502755382	0.8255699639828137
0.009056352303669801	0.2181343046247932	0.7728093430715371
0.002643548006253882	0.27007222725308233	0.7272842247406639
0.002246217045389076	0.4516585267578401	0.5460952561967709
0.00726151293337729	0.4779015655585447	0.5148369215080781
0.013289150497500624	0.4592261353317333	0.5274847141707663
0.0027733470402377947	0.4767269272083677	0.5204997257513946
0.007228604871676092	0.4541228170967286	0.5386485780315954
0.013441866877722752	0.6352941491367919	0.3512639839854854
0.0016985602614101314	0.755704807599767	0.24259663213882304
0.008695285950411247	0.7388079463381201	0.25249676771146884
0.013532227741699543	0.7240028537278846	0.2624649185304159
0.005451660871705621	0.7355934885780461	0.25895485055024847
0.011781953422589309	0.5749282141318934	0.4132898324455174
0.00944245397725657	0.6453174376869413	0.34524010833580226
0.007917283938403241	0.6165045318133487	0.3755781842482482
0.004821210114505148	0.6098430507090329	0.38533573917646213
0.00958547325372916	0.6701317851263291	0.32028274161994186
0.0077802520322252655	0.665447349373361	0.32677239859441376
2.9083442140787064E-4	0.6138358245998093	0.3858733409787829
0.010674468557844596	0.6416709834107008	0.34765454803145474
0.010449137010924925	0.6479984730868902	0.34155238990218495
0.006066215606451986	0.7476608329413115	0.24627295145223663
0.010912317411728933	0.726163825734451	0.26292385685382014
0.006133812321394094	0.726074428064619	0.26779175961398705
0.012230057552193974	0.6738289017864326	0.3139410406613735
0.008677724751736338	0.8855813186206376	0.10574095662762625
0.008165534918780581	0.8839626216268993	0.10787184345432027
0.008929706399259385	0.4196196473207967	0.571450646279944
0.002943373230780977	0.4611459540575307	0.5359106727116885
0.0027838103604099773	0.4864429020200703	0.5107732876195199
0.00795303752509946	0.6114686698187226	0.38057829265617804
3.749510246434107E-4	0.6257574492617046	0.3738675997136522
7.723230860134378E-4	0.6407700004020118	0.3584576765119749
0.006614296806950026	0.2854436898659299	0.7079420133271201
0.011769862804394182	0.2754856314635585	0.7127445057320475
0.010411161734294183	0.33763026637757176	0.6519585718881342
0.007444343089934913	0.23110379622980748	0.7614518606802577
0.007700262061903607	0.18743256266306738	0.8048671752750292
0.008477336465274488	0.16480542450609414	0.8267172390286315
0.006722571269581257	0.15989459599911926	0.8333828327312996
0.01103895201395183	0.18170843372564202	0.8072526142604062
0.00857217805378696	0.17875780670266866	0.8126700152435444
0.013095163477880978	0.14439308353274927	0.8425117529893699
0.004290523031780513	0.12852824651437036	0.8671812304538492
0.0014383588348109155	0.14814993169977364	0.8504117094654156
0.0035313910765162326	0.4174380186131514	0.5790305903103325
0.011583006806396456	0.48674772848132963	0.5016692647122741
0.011513531712840863	0.4673269195862103	0.521159548700949
2.6462746809485793E-4	0.47901992817497346	0.5207154443569317
0.00980576477738293	0.4652030683039406	0.5249911669186766
0.0116734086105314	0.39052994505383076	0.597796646335638
0.0038116573863947734	0.3744830483449692	0.6217052942686361
0.011070122149355488	0.41327256448998007	0.5756573133606645
8.683051700559274E-4	0.5838260591194211	0.41530563571052304
0.011513195369290019	0.6737895299225358	0.3146972747081743
0.010867259152577635	0.676472946565184	0.31265979428223856
0.011607234425192459	0.6362028339395297	0.352189931635278
0.012283530356061167	0.3406043409494567	0.6471121286944823
0.01042751844987777	0.38094506806594935	0.608627413484173
0.011107399551684938	0.3586520086734865	0.6302405917748287
0.00394515013313268	0.4500512527486184	0.5460035971182491
0.0018531246725317918	0.5074684902716866	0.49067838505578165
0.00960784264607406	0.5069165168985066	0.4834756404554195
0.006454768457331617	0.5458976427149943	0.44764758882767425
0.0030530864604114694	0.6481664435089752	0.3487804700306134
0.010927192133130648	0.6290394397630145	0.360033368103855
0.0013666604372261082	0.6316113113404309	0.3670220282223431
0.007862823221262638	0.651453048087299	0.3406841286914385
0.006785963254109406	0.5242142062692585	0.4689998304766322
0.008694328161819254	0.47033576874257677	0.5209699030956041
4.317899611545606E-4	0.4935558048854829	0.5060124051533628
0.011549130561312404	0.6678233745386111	0.3206274949000767
0.0037120393902926874	0.6857612971600857	0.31052666344962176
0.011689831468180867	0.6897338877180335	0.29857628081378584
0.012608658729365563	0.7088652402851955	0.27852610098543906
0.0036849914040296694	0.72131443387058	0.2750005747253904
0.0064199563538983595	0.717642757211424	0.2759372864346778
0.01112412442520927	0.6919895915949701	0.2968862839798208
0.013147831703791968	0.6845881072604658	0.30226406103574244
0.00826354410597463	0.5942978756737717	0.39743858022025386
0.006507828919581127	0.5799962232887211	0.41349594779169785
0.011620579341922788	0.6978345061293123	0.2905449145287651
0.012404991703172719	0.7086063811218564	0.27898862717497097
0.012266957081307761	0.6676847896201858	0.3200482532985065
0.0012683675157103558	0.6895759989937104	0.30915563349057945
0.008098304262607825	0.7062900134818035	0.28561168225558875
0.007117393729209609	0.6035225613988323	0.3893600448719582
0.009766756965915058	0.5638877588487983	0.42634548418528684
0.011241189753743719	0.7081830144231057	0.28057579582315073
0.01281410730061544	0.7724648550513703	0.21472103764801437
0.012056669731566105	0.86805177858779	0.11989155168064397
0.003981849607022747	0.8816273836753475	0.11439076671762977
0.005474416692057837	0.8436801313847242	0.15084545192321808
0.011075620720504609	0.8947749889372305	0.0941493903422651
0.006895654798947437	0.8276439277389827	0.16546041746207008
0.003142960148772911	0.8649086506617235	0.1319483891895038
0.002844229757009431	0.8755163466547282	0.12163942358826252
0.012111989948732249	0.7950423113352926	0.19284569871597532
0.010474067146747701	0.7842473532000434	0.20527857965320906
0.012838631199633854	0.8690681669559415	0.1180932018444249
0.011804341570485766	0.48015450389744574	0.5080411545320687
0.011027920330089036	0.4566925841356578	0.5322794955342532
0.0031982522528850588	0.42851744688202	0.5682843008650951
0.008381206652542272	0.4647895628854833	0.5268292304619746
0.012374625164772723	0.4950155348611581	0.49260983997406926
0.012418617075065197	0.43582863757657614	0.5517527453483588
0.00870828739176499	0.5195088615075332	0.471782851100702
0.01054625379166435	0.4988959606309022	0.49055778557743357
0.011409690252060622	0.49616660771459775	0.4924237020333417
0.007924155314335546	0.45314430367149083	0.5389315410141737
0.006438524145996993	0.17781628123190385	0.8157451946220993
0.008221948393717815	0.3150049109050669	0.6767731407012155
0.005865597346129625	0.22781323601769543	0.7663211666361751
4.839311620667419E-4	0.2736223146376439	0.7258937542002895
0.012402313111488983	0.23402789452341755	0.7535697923650937
0.007836824940160692	0.3478214990194139	0.6443416760404255
7.31719215232074E-4	0.5002835874482136	0.4989846933365545
0.012957688768535425	0.385222511919619	0.6018197993118457
0.006574934468219995	0.3775333732472	0.6158916922845801
0.005751724320109175	0.7156257903186143	0.2786224853612767
0.0017046384646370316	0.6505742151178892	0.347721146417474
0.006627634720953457	0.6404296833258936	0.35294268195315315
2.571143027466638E-4	0.6857975457412557	0.3139453399559977
0.002926320755390399	0.6914011865501392	0.3056724926944706
0.003675297329970517	0.6309542768356484	0.36537042583438123
0.0019329138906784005	0.610531674241069	0.38753541186825263
0.008755335305432765	0.690034517234798	0.30121014745976926
0.0026631858478267656	0.70115963736829	0.2961771767838833
0.009617392519697787	0.6781471841837012	0.3122354232966011
0.002748572385487147	0.9509941665762605	0.046257261038252506
0.006537547700284696	0.5987930308940433	0.3946694214056721
0.012826589650292819	0.4899657433901251	0.4972076669595822
0.011372974353818233	0.5052542835867223	0.48337274205945957
0.009284345563727703	0.5007282884549011	0.48998736598137127
0.00973150358706798	0.49635954509046043	0.4939089513224717
0.012595145457488632	0.5054863259727547	0.48191852856975675
0.007493875318322019	0.5434005765274621	0.4491055481542161
0.009835168347332446	0.5311753580706314	0.45898947358203623
0.002480953642084338	0.7391413559118549	0.2583776904460609
0.004506696223742446	0.7274269928312957	0.2680663109449619
0.008595219638886098	0.6407718697724579	0.3506329105886562
0.01151811898001609	0.647502367432844	0.34097951358714
0.007049707079558265	0.5607170576522498	0.43223323526819213
0.001580541880108255	0.5889557937257859	0.4094636643941059
0.0016839034272315145	0.5815609011359293	0.4167551954368393
0.01248615407697562	0.5785408250429231	0.40897302088010135
0.010100507771964473	0.5596964882920328	0.43020300393600286
0.007497833713194624	0.60199882500849	0.39050334127831554
0.007757568924383118	0.5906261054323543	0.4016163256432627
0.004019848798983983	0.5185987294561273	0.47738142174488885
0.0015549007879365195	0.6344117274098477	0.3640333718022159
0.0037502080165131013	0.6810288149854002	0.3152209769980867
5.45870245086455E-4	0.5227377882663199	0.47671634148859376
0.008931115475710572	0.475540483518651	0.5155284010056386
0.004078597927789529	0.7124996985148451	0.28342170355736546
0.001018700300205455	0.6744797854003712	0.3245015142994234
4.8668660763462324E-4	0.8028738766181563	0.19663943677420911
0.002703919158507373	0.826311868418439	0.17098421242305384
0.009690854539625426	0.7690853151768633	0.2212238302835114
0.007053553267798385	0.8064142993512025	0.1865321473809993
0.0014040822743952575	0.7837274574353734	0.21486846029023143
0.010683869581125938	0.7218783335061272	0.26743779691274694
0.002967541409672758	0.6406899731190014	0.35634248547132585
4.8047314697474697E-4	0.7061260839666867	0.2933934428863386
0.003345574667039053	0.6830512557675841	0.313603169565377
0.004318265221188555	0.7497724009921916	0.24590933378662
0.010805483686689599	0.7540695484312931	0.23512496788201748
0.0025630419582549635	0.8292586099610907	0.1681783480806545
0.0030233371060989223	0.8464863923459948	0.15049027054790648
0.0017160578336983257	0.7761533946891255	0.2221305474771763
0.001901043523167112	0.8292199984919948	0.16887895798483826
0.011386764707955133	0.829529231076782	0.159084004215263
0.005853996841953812	0.8683194631486445	0.1258265400094018
0.0042784298671451615	0.8561061491788529	0.13961542095400203
0.0030778400136080575	0.8018133223979271	0.1951088375884649
0.0033903913219668347	0.8175867551964602	0.17902285348157315
0.011043290332902356	0.8209530086181938	0.16800370104890394
0.010294971068545489	0.8231098245894568	0.16659520434199795
3.4811359384145923E-4	0.850450503496758	0.14920138290940066
0.011002354581057916	0.8386354053239855	0.15036224009495675
0.007501585545153344	0.7471729736461601	0.24532544080868668
0.013568803250025241	0.7748553264834522	0.21157587026652264
0.013205276186011361	0.7829996762555897	0.20379504755839897
0.008973319587337769	0.7713368097374605	0.21968987067520182
0.01129829340292654	0.7444227362879055	0.24427897030916818
0.003729298654481128	0.7243337628111187	0.27193693853440026
8.938724251210672E-4	0.7175373813466206	0.28156874622825845
0.0030625237090309287	0.418857642926725	0.5780798333642442
0.010291111131683739	0.28789388774524194	0.7018150011230745
0.01214660640417814	0.2925584360546452	0.6952949575411769
0.012567010925257527	0.29639226304664035	0.6910407260281023
0.004437725132766135	0.31141969555191473	0.6841425793153193
0.0028888280063088523	0.08559428359675988	0.9115168883969313
0.009356787717976989	0.1156469411769237	0.8749962711050994
0.009747685258490069	0.12796283563385957	0.8622894791076504
0.009769487841931823	0.13206408479241288	0.8581664273656554
0.012188114476311851	0.34491471316914546	0.6428971723545429
0.012361859845602396	0.15368127653843633	0.8339568636159614
0.006902855871555147	0.15016444498245254	0.8429326991459924
0.004334371700957296	0.15973461340636214	0.8359310148926807
0.0019473703462831171	0.1501685720828389	0.8478840575708781
0.00961750082315127	0.11965640324510915	0.8707260959317398
0.0019301089629636947	0.19405341364275108	0.8040164773942853
0.008515635920195386	0.18347775137682362	0.8080066127029811
0.003553047482016125	0.18798287798721983	0.8084640745307641
0.004859798753187816	0.19729689768206296	0.7978433035647493
0.004524905827287595	0.19347679192101436	0.8019983022516982
9.782295647157713E-4	0.21468004137458602	0.7843417290606983
0.010378003581103079	0.4081210221647987	0.5815009742540984
0.0012542116889884825	0.4246878624107677	0.5740579259002438
3.9962705991475334E-4	0.42796537122370704	0.5716350017163784
0.009006734875609046	0.40807950439143914	0.5829137607329519
0.006304109335752317	0.14503254593635584	0.848663344727892
0.00453700124594647	0.6194897602173317	0.37597323853672204
0.012942720913238781	0.6142625828249182	0.37279469626184314
0.009297493180827732	0.5169709930705699	0.47373151374860234
0.013251131125027626	0.50505387440545	0.48169499446952246
0.0023641421294041676	0.7701760406210486	0.22745981724954734
0.010985035361581852	0.7765099170052416	0.21250504763317665
0.011686752600540418	0.794670464376105	0.19364278302335466
0.0056495518844069115	0.8648347621890187	0.1295156859265746
