0.2905941157311833	0.7094058842688163
0.9202512382426071	0.0797487617573926
0.9666712817798099	0.03332871822018979
0.24458119313428534	0.7554188068657144
0.7793529301011812	0.22064706989881838
0.26011549396558614	0.7398845060344135
0.3029965218948556	0.6970034781051441
0.7904269977559366	0.2095730022440631
0.6210967102014386	0.378903289798561
0.06211464272616346	0.9378853572738362
0.8501848934729686	0.14981510652703117
0.15394192908243032	0.8460580709175693
0.08587804944123073	0.914121950558769
0.6416229501302049	0.3583770498697948
0.8718558424470648	0.1281441575529349
0.858079168944869	0.14192083105513065
0.63157863507187	0.36842136492812966
0.8742982165089559	0.12570178349104377
0.5032927324362735	0.4967072675637262
0.23885171542842015	0.7611482845715796
0.9319910184944482	0.06800898150555146
0.5955693544430766	0.4044306455569231
0.21828309484184955	0.7817169051581501
0.3389582171672554	0.6610417828327443
0.07229292869705345	0.9277070713029463
0.16307775092193472	0.836922249078065
0.4949606386938308	0.5050393613061689
0.03188418254728076	0.9681158174527189
0.024092994967091885	0.9759070050329077
0.28609631544511677	0.713903684554883
0.11794383794880858	0.8820561620511911
0.47775573584840836	0.5222442641515913
0.7363591242528242	0.26364087574717543
0.8975210736746916	0.10247892632530808
0.5457482501196561	0.45425174988034356
0.4160950360893818	0.5839049639106179
0.9016556490672019	0.09834435093279781
0.7943067759409458	0.20569322405905388
0.37741060418460753	0.6225893958153921
0.3888326127651731	0.6111673872348266
0.19130074696671379	0.8086992530332859
0.7464437770922315	0.25355622290776814
0.7698389560897416	0.2301610439102581
0.03609904062658936	0.9639009593734102
0.9036546327710668	0.09634536722893283
0.839104312116889	0.1608956878831107
0.1224222654929581	0.8775777345070416
0.7199605944007441	0.28003940559925555
0.6058631112636302	0.39413688873636943
0.6367213361119642	0.3632786638880354
0.6609479078834078	0.3390520921165918
0.6172520811014772	0.3827479188985225
0.014277922712992275	0.9857220772870074
0.4269871049563963	0.5730128950436034
0.3472178838221468	0.6527821161778529
0.37970585183368133	0.6202941481663183
0.7973648613070934	0.20263513869290622
0.7919231209681906	0.20807687903180905
0.9723947326596055	0.027605267340394146
0.74600254338429	0.2539974566157097
0.2466536638346279	0.7533463361653718
0.5365697992975799	0.46343020070241986
0.5903601927498874	0.40963980725011234
0.02002847232438526	0.9799715276756145
0.018263435413361617	0.981736564586638
0.4551922135953859	0.5448077864046137
0.7684345870762508	0.23156541292374894
0.49772804863139164	0.502271951368608
0.604712884581926	0.3952871154180737
0.1940146049346672	0.8059853950653324
0.5892291890432254	0.41077081095677426
0.7393665072741082	0.2606334927258915
0.6137024340865452	0.38629756591345443
0.8580566041667905	0.1419433958332092
0.039332354377364875	0.9606676456226348
0.5813706290461578	0.41862937095384195
0.019068627591945997	0.9809313724080537
0.8694299564156144	0.1305700435843853
0.7141914670163635	0.2858085329836362
0.4602838911616633	0.5397161088383364
0.3451143199107126	0.654885680089287
0.6997793994969506	0.3002206005030491
0.7169302758907402	0.28306972410925946
0.9396999626493399	0.06030003735065986
0.38009427010436725	0.6199057298956324
0.990631801927141	0.009368198072858713
0.9909384944156379	0.009061505584361806
0.5480053075190924	0.45199469248090735
0.769145031195084	0.23085496880491557
0.24209687610568065	0.757903123894319
0.9880381286184716	0.0119618713815281
0.39644906175894995	0.6035509382410498
0.04530820395665497	0.9546917960433448
0.922837250482879	0.07716274951712071
0.06509233223163985	0.9349076677683599
0.36044652829420953	0.6395534717057901
0.6929235951566344	0.30707640484336524
0.3073862775373897	0.69261372246261
0.6087884064818628	0.39121159351813684
0.2694757453119522	0.7305242546880475
0.7721593381785745	0.2278406618214252
0.9309197493051768	0.06908025069482288
0.07166962629727158	0.9283303737027281
0.8311634101196457	0.16883658988035394
0.8540447649617784	0.14595523503822122
0.622024397023734	0.37797560297626565
0.09204153215209937	0.9079584678479002
0.7966408999839699	0.20335910001602975
0.6078253582770394	0.39217464172296024
0.561895631772375	0.4381043682276247
0.7180429474983137	0.28195705250168607
0.8139070739497205	0.18609292605027916
0.8582223155878888	0.14177768441211086
0.045643548613909735	0.9543564513860899
0.6759569731238819	0.3240430268761177
0.8529460465693519	0.14705395343064775
0.9145371467803183	0.08546285321968139
0.27578681053289317	0.7242131894671064
0.33628746985274216	0.6637125301472575
0.8584492597024203	0.14155074029757947
0.1163231776286604	0.8836768223713393
0.9717165633979711	0.02828343660202859
0.9132923556790931	0.08670764432090655
0.20040215818783974	0.7995978418121599
0.44727926348065256	0.5527207365193471
0.07660121096666084	0.9233987890333388
0.1475438043511451	0.8524561956488546
0.1751022604356084	0.8248977395643913
0.25239564587617747	0.7476043541238222
0.8902642464051136	0.10973575359488602
0.31618812526426915	0.6838118747357305
0.5840628131306524	0.4159371868693472
0.2838613891887767	0.716138610811223
0.2837012945535071	0.7162987054464925
0.5943216461143224	0.4056783538856773
0.4805071835597694	0.5194928164402303
0.4799496279435306	0.5200503720564691
0.8875855764145819	0.11241442358541781
0.2328020339728401	0.7671979660271595
0.6581975003857442	0.34180249961425546
0.150413651189444	0.8495863488105557
0.1722115403784399	0.8277884596215598
0.01947489340583841	0.9805251065941613
0.02107424528584073	0.978925754714159
0.6083692186505321	0.39163078134946766
0.08613030314283177	0.9138696968571679
0.08330857788748275	0.9166914221125169
0.028826383064055106	0.9711736169359446
0.2450950480497754	0.7549049519502242
0.9753035397171274	0.024696460282872312
0.6495709227707147	0.35042907722928496
0.3459831684325818	0.6540168315674179
0.18379765442719947	0.8162023455728002
0.7430441061812394	0.2569558938187603
0.5361338840371717	0.463866115962828
0.28988737875324155	0.7101126212467581
0.27833486156814036	0.7216651384318593
0.9732282540281829	0.026771745971816696
0.9880488104690976	0.011951189530902018
0.49320129007338454	0.5067987099266151
0.6804206168059885	0.31957938319401114
0.8440706136288475	0.15592938637115217
0.22653756062980807	0.7734624393701917
0.9478700186408882	0.052129981359111455
0.9396181603207037	0.060381839679296
0.9710295137494505	0.028970486250549266
0.16763566407572378	0.8323643359242758
0.15128075926237072	0.8487192407376289
0.9177667642461549	0.08223323575384472
0.5392064538392792	0.4607935461607205
0.6958477906242546	0.304152209375745
0.39299380873407563	0.607006191265924
0.16846443409460643	0.8315355659053932
0.6320619847964032	0.3679380152035965
0.25026628909219695	0.7497337109078027
0.9586873430166596	0.04131265698334008
0.14570468735515052	0.8542953126448491
0.6589792840711175	0.3410207159288822
0.6333540760094374	0.3666459239905623
0.491619425626012	0.5083805743739876
0.7008727988894504	0.29912720111054925
0.543687193810443	0.4563128061895568
0.7458290807458029	0.25417091925419677
0.722320141974628	0.27767985802537165
0.4884745448502749	0.5115254551497248
0.3041427881759152	0.6958572118240844
0.8743550077988675	0.12564499220113207
0.3669539821083222	0.6330460178916775
0.32416979969446186	0.6758302003055379
0.14954989218409065	0.850450107815909
0.9377198109712376	0.06228018902876209
0.5092881494133994	0.4907118505866003
0.21222667675464546	0.7877733232453542
0.7443863008871817	0.25561369911281795
0.5314516164278356	0.46854838357216416
0.15277874693420213	0.8472212530657975
0.7940070622494406	0.205992937750559
0.6169187526921099	0.38308124730788967
0.12245116948191354	0.8775488305180861
0.8096741592681843	0.19032584073181535
0.6012007246410217	0.39879927535897797
0.35994044299296524	0.6400595570070344
0.5186314029075044	0.4813685970924952
0.79991442726233	0.20008557273766964
0.41142772463673827	0.5885722753632614
0.7770058610171318	0.2229941389828679
0.1702933559914528	0.8297066440085469
0.6004996153856212	0.3995003846143784
0.7157972609172581	0.2842027390827415
0.1546468868074657	0.845353113192534
0.19564966716404697	0.8043503328359527
0.5080402801112662	0.4919597198887334
0.8230232583089996	0.17697674169100014
0.8858012733983445	0.11419872660165525
0.4139997295684602	0.5860002704315395
0.27074602447327056	0.7292539755267291
0.047572366847443814	0.9524276331525559
0.8877488179343973	0.1122511820656023
0.13915784083707938	0.8608421591629203
0.9351261357580369	0.06487386424196268
0.13899709409035327	0.8610029059096465
0.665377376484882	0.3346226235151176
0.9040847497759694	0.0959152502240303
0.5106219551252773	0.48937804487472236
0.7682906558141525	0.23170934418584727
0.7799381950967401	0.2200618049032595
0.8454876236970978	0.15451237630290182
0.2898833788410311	0.7101166211589686
0.46991786185929335	0.5300821381407063
0.6590732585435639	0.34092674145643576
0.9847024670221067	0.01529753297789288
0.5682661464433245	0.4317338535566752
0.9586705280603499	0.04132947193964975
0.7636655766383507	0.23633442336164895
0.02124082361735058	0.9787591763826491
0.3794709741277964	0.6205290258722033
0.9028314662104192	0.09716853378958046
0.7778782873905961	0.22212171260940367
0.335172240502293	0.6648277594977067
0.6899907180132341	0.3100092819867656
0.35686918942644175	0.6431308105735579
0.05291883162659572	0.947081168373404
0.5462384137058902	0.45376158629410945
0.6648635633615757	0.33513643663842396
0.6766891273692293	0.3233108726307704
0.357224265919149	0.6427757340808506
0.2271463006072616	0.7728536993927381
0.22562262557897417	0.7743773744210255
0.0729615468049678	0.9270384531950319
0.2588808557963357	0.741119144203664
0.8351399293996461	0.16486007060035357
0.10672636460034396	0.8932736353996558
0.006854807507061966	0.9931451924929378
0.28292857520950176	0.7170714247904979
0.8267037185090251	0.17329628149097448
0.7936544346344272	0.20634556536557241
0.4262952341921764	0.5737047658078233
0.7863213185356368	0.21367868146436286
0.17073716822214285	0.8292628317778568
0.5685233678609878	0.43147663213901183
0.09727941287522612	0.9027205871247735
0.672875888789133	0.3271241112108667
0.04069738089555819	0.9593026191044415
0.3371592049377567	0.662840795062243
0.12235708404839629	0.8776429159516034
0.04756182335870307	0.9524381766412966
0.9078831494182684	0.09211685058173119
0.3132551915223547	0.686744808477645
0.15346238863367118	0.8465376113663285
0.24020064996095092	0.7597993500390487
0.9259297309718698	0.07407026902812985
0.08641528956457362	0.913584710435426
0.07306759251300948	0.9269324074869902
0.056475943230024084	0.9435240567699756
0.8236188636166497	0.1763811363833499
0.6485581996436738	0.3514418003563259
0.9260919205031066	0.0739080794968931
0.9235347265669002	0.0764652734330995
0.8160344808760749	0.18396551912392484
0.8525064355326093	0.14749356446739043
0.8530836454410311	0.1469163545589685
0.5438227275827207	0.45617727241727907
0.9477464951447672	0.05225350485523256
0.5705335888918053	0.4294664111081944
0.25591678338158097	0.7440832166184187
0.026396930068689706	0.97360306993131
0.06925698044469969	0.9307430195552999
0.7674106355630491	0.23258936443695055
0.7876272704700252	0.21237272952997444
0.6189083454014501	0.38109165459854955
0.042350376655925615	0.9576496233440741
0.357129247620551	0.6428707523794487
0.5239597483401903	0.4760402516598093
0.5834083005999992	0.4165916994000005
0.8800272577907929	0.11997274220920673
0.2663036304618911	0.7336963695381086
0.45802197695680325	0.5419780230431964
0.2040172051765045	0.7959827948234952
0.7179166946902418	0.28208330530975795
0.5890545570368063	0.4109454429631934
0.6604183681138746	0.3395816318861251
0.43800795824952926	0.5619920417504704
0.7214330847099132	0.2785669152900865
0.8175152251529012	0.18248477484709846
0.012087542897856685	0.9879124571021429
0.4270526378760085	0.5729473621239912
0.8706876427238308	0.1293123572761688
0.840000327919963	0.15999967208003663
0.5655149278798878	0.4344850721201119
0.5527717917876716	0.44722820821232806
0.027140476241107103	0.9728595237588926
0.10777814525468499	0.8922218547453147
0.6824959147759703	0.3175040852240294
0.8345471648052708	0.16545283519472886
0.22738079390250315	0.7726192060974966
0.008578056561651337	0.9914219434383483
0.37372339557659884	0.6262766044234008
0.16915455350297343	0.8308454464970263
0.2713160192784482	0.7286839807215515
0.8222654906402231	0.17773450935977647
0.9774388594305154	0.022561140569484217
0.49382051863200493	0.5061794813679947
0.3981077330436985	0.6018922669563012
0.4699169754539284	0.5300830245460713
0.12691879287875096	0.8730812071212487
0.2803191520491754	0.7196808479508243
0.31773323690408894	0.6822667630959107
0.04293482264925996	0.9570651773507397
0.4643365894956683	0.5356634105043313
0.31942242997366577	0.6805775700263339
0.06662185402264204	0.9333781459773576
0.5051755378476883	0.49482446215231135
0.12023565788527812	0.8797643421147215
0.1134898514107548	0.8865101485892448
0.9176193863723283	0.08238061362767135
0.7810322186082455	0.2189677813917542
0.8592042687271545	0.14079573127284517
0.3953400062120887	0.6046599937879109
0.7575614287876944	0.24243857121230533
0.24540864881273655	0.7545913511872631
0.5607565954345815	0.43924340456541816
0.8978504596213288	0.10214954037867091
0.8579229117195064	0.1420770882804933
0.9643155248727295	0.03568447512727008
0.27869682122991324	0.7213031787700864
0.8226435216880721	0.17735647831192752
0.3168331419171543	0.6831668580828454
0.383483147229437	0.6165168527705627
0.022608888958983442	0.9773911110410163
0.20876337826790686	0.7912366217320927
0.9796628177289405	0.020337182271059184
0.09289942008342467	0.907100579916575
0.3280841294474822	0.6719158705525174
0.9125054850308298	0.08749451496916982
0.7062647638306672	0.29373523616933245
0.9029032163748152	0.09709678362518442
0.22495338052401725	0.7750466194759824
0.10007094446239267	0.8999290555376069
0.5765088841257648	0.4234911158742348
0.5910731925228032	0.40892680747719645
0.3167654359487667	0.683234564051233
0.2002585359613933	0.7997414640386064
0.6553752273491683	0.34462477265083136
0.39815811055526834	0.6018418894447314
0.09449430501824269	0.905505694981757
0.4644388382465992	0.5355611617534005
0.48583111169405097	0.5141688883059486
0.2217122756367642	0.7782877243632355
0.2538274313196509	0.7461725686803488
0.7252810941498372	0.27471890585016245
0.7112649717040461	0.28873502829595354
0.24958298457759198	0.7504170154224077
0.7660269377187493	0.23397306228125037
0.33201340559710696	0.6679865944028927
0.21020319274284094	0.7897968072571587
0.244948803124463	0.7550511968755367
0.10914670567543272	0.890853294324567
0.2287200894871927	0.771279910512807
0.06705257996035313	0.9329474200396466
0.8502084256494264	0.14979157435057316
0.910745113423316	0.08925488657668362
0.88200153162818	0.11799846837181971
0.13847101304357934	0.8615289869564203
0.07863952613544528	0.9213604738645544
0.5158179856115573	0.4841820143884424
0.39656749016876514	0.6034325098312345
0.9700950017874038	0.029904998212595846
0.7116500885760977	0.28834991142390193
0.749728540769001	0.2502714592309987
0.5659865124085843	0.43401348759141534
0.2125544786872095	0.7874455213127902
0.5106523228873285	0.4893476771126711
0.6280100144042157	0.371989985595784
0.4059889500074097	0.59401104999259
0.6465742986892841	0.3534257013107156
0.3664791055960839	0.6335208944039158
0.728927749312192	0.27107225068780766
0.7872961875561829	0.21270381244381675
0.10982597101696084	0.8901740289830389
0.7539060523902186	0.2460939476097811
0.8786764963005081	0.12132350369949152
0.7690721920640335	0.23092780793596607
0.7009390148764999	0.29906098512349977
0.5319460980800825	0.46805390191991714
0.24472790614905837	0.7552720938509413
0.4320712288474907	0.567928771152509
0.0345917377069635	0.9654082622930362
0.5498134439071464	0.45018655609285335
0.8893596542950808	0.11064034570491882
0.8305747726303448	0.16942522736965482
0.45585258531954254	0.5441474146804571
0.4470384476879807	0.552961552312019
0.5091421832384345	0.49085781676156515
0.4584942069478289	0.5415057930521707
0.44686470235130793	0.5531352976486917
0.11115936958874051	0.8888406304112592
0.143684793959575	0.8563152060404247
0.11148383979507365	0.8885161602049261
0.566931652690029	0.4330683473099706
0.881940203322237	0.11805979667776262
0.6524513331103468	0.34754866688965286
0.03887157330941593	0.9611284266905837
0.27562331099566667	0.724376689004333
0.013474034976004468	0.9865259650239953
0.9141694723879157	0.08583052761208393
0.5886644078336026	0.4113355921663971
0.9851866103152718	0.01481338968472784
0.17566679057165785	0.8243332094283418
0.7783120749435735	0.22168792505642615
0.5916616032979148	0.4083383967020848
0.9282752434538244	0.07172475654617533
0.3493901848155904	0.6506098151844093
0.47454513418261196	0.5254548658173878
0.25247030066572473	0.7475296993342749
0.21968120868923774	0.7803187913107619
0.17481777570616114	0.8251822242938385
0.8618013899557111	0.13819861004428857
0.25473816817091244	0.7452618318290872
0.9255138156987401	0.07448618430125953
0.09204895428108051	0.9079510457189192
0.1427169893571671	0.8572830106428326
0.4403851596149144	0.5596148403850852
0.7433759428093789	0.2566240571906207
0.4406970848140071	0.5593029151859925
0.18660133301201337	0.8133986669879862
0.3765609021111852	0.6234390978888145
0.3285598841515943	0.6714401158484054
0.2348933993825913	0.7651066006174083
0.3405862388813449	0.6594137611186548
0.7134253510436086	0.28657464895639106
0.8881416889004596	0.11185831109953998
0.6000451714653764	0.3999548285346233
0.10613833790615351	0.8938616620938462
0.4010215815985252	0.5989784184014745
0.7956509501529555	0.20434904984704416
0.3709355143113237	0.629064485688676
0.6175173446002072	0.3824826553997924
0.16177629877382332	0.8382237012261764
0.7018430993724687	0.298156900627531
0.6659121358610262	0.3340878641389735
0.2706946135509264	0.7293053864490733
0.1954691892136084	0.8045308107863913
0.8397632034644176	0.16023679653558215
0.07385778233645796	0.9261422176635417
0.9608466154694733	0.039153384530526414
0.886073774397071	0.11392622560292859
0.07559502156776732	0.9244049784322323
0.816437120646102	0.1835628793538977
0.5434570103860676	0.456542989613932
0.3705123402608858	0.6294876597391139
0.871572311334893	0.12842768866510673
0.1359279924729952	0.8640720075270045
0.6208179211071004	0.37918207889289923
0.49534209757924164	0.504657902420758
0.118866476093137	0.8811335239068627
0.12806925600780722	0.8719307439921924
0.03919470291132637	0.9608052970886733
0.5556748057703715	0.44432519422962813
0.7014699695226037	0.298530030477396
0.7529431656149199	0.2470568343850798
0.5648181596224254	0.43518184037757424
0.4667186944082865	0.5332813055917132
0.03234613859535046	0.9676538614046493
0.8585206799625427	0.14147932003745706
0.361616362514948	0.6383836374850517
0.2694804469242356	0.730519553075764
0.37739181764800234	0.6226081823519973
0.6670371360794691	0.3329628639205305
0.7461899153733234	0.2538100846266763
0.6086701108775011	0.39132988912249855
0.6812909372660748	0.31870906273392485
0.6660625321430786	0.333937467856921
0.567706963088923	0.4322930369110767
0.9286154373237578	0.07138456267624188
0.9528268408665632	0.04717315913343645
0.3369646395505622	0.6630353604494374
0.8694586769615046	0.13054132303849508
0.5678217722894408	0.4321782277105589
0.4742504218500314	0.5257495781499683
0.5273302288294001	0.4726697711705996
0.7530228524520601	0.24697714754793954
0.9399725134606118	0.060027486539387886
0.09899412985040762	0.901005870149592
0.11509996481002621	0.8849000351899734
0.838205807002008	0.1617941929979917
0.6215190448386536	0.37848095516134606
0.33450741306548	0.6654925869345196
0.02630513077712915	0.9736948692228705
0.010850210123592163	0.9891497898764074
0.8645678704935326	0.1354321295064671
0.5990971532674835	0.4009028467325162
0.26250881096041256	0.7374911890395871
0.45545414714161286	0.5445458528583869
0.8749193356296168	0.12508066437038284
0.20780601451138947	0.7921939854886102
0.9623881978148816	0.03761180218511806
0.03381509612250749	0.9661849038774921
0.14138109569630963	0.85861890430369
0.08026432197782701	0.9197356780221726
0.2809281061595479	0.7190718938404518
0.05273439434050803	0.9472656056594917
0.5531366222583023	0.44686337774169743
0.647704004723519	0.3522959952764807
0.97308974907929	0.026910250920709644
0.24803994240839872	0.751960057591601
0.16267374134204005	0.8373262586579596
0.5005587848861078	0.49944121511389183
0.06073976957346311	0.9392602304265365
0.4337373594285871	0.5662626405714125
0.3100489893352927	0.689951010664707
0.18415873331670968	0.8158412666832899
0.7694636882313788	0.23053631176862094
0.7980324623838932	0.20196753761610636
0.41623782640283	0.5837621735971696
0.6619419831479646	0.33805801685203507
0.8910781783912534	0.10892182160874636
0.5830597686917329	0.4169402313082668
0.980137995852572	0.019862004147427725
0.08811525201621617	0.9118847479837835
0.7494161791948227	0.25058382080517694
0.5633652622515167	0.4366347377484829
0.880655481081025	0.11934451891897474
0.9375637984959151	0.06243620150408452
0.6282459841322328	0.3717540158677669
0.1549869037347819	0.8450130962652178
0.2495824459370563	0.7504175540629434
0.05476753976947063	0.9452324602305291
0.5102025866672254	0.48979741333277427
0.05810971121570241	0.9418902887842973
0.6089838908584843	0.3910161091415154
0.8818421008355539	0.11815789916444569
0.01572426718621689	0.9842757328137828
0.32457454113415546	0.6754254588658442
0.44261939806626704	0.5573806019337326
0.5923851394341911	0.4076148605658085
0.19949654487868462	0.800503455121315
0.29582872634594004	0.7041712736540596
0.04513099506408147	0.9548690049359182
0.9684797751433332	0.0315202248566665
0.8983421637372935	0.10165783626270614
0.548174219828908	0.4518257801710916
0.06726025880715181	0.9327397411928479
0.025186568764736794	0.9748134312352629
0.4068625317994228	0.5931374682005769
0.4345065054735736	0.565493494526426
0.47990064158815104	0.5200993584118486
0.10435147179286852	0.8956485282071311
0.6685852489830246	0.3314147510169751
0.31491733947119716	0.6850826605288025
0.9651993318179853	0.03480066818201433
0.29386070798810837	0.7061392920118913
0.18022217011269054	0.8197778298873091
0.9649303469180818	0.035069653081917895
0.7513376306870869	0.24866236931291275
0.4764976787839789	0.5235023212160207
0.9031870991679436	0.09681290083205607
0.3778041423113061	0.6221958576886936
0.20754789892157488	0.7924521010784248
0.21042117220974726	0.7895788277902525
0.16880589630108545	0.8311941036989142
0.354170922691169	0.6458290773088307
0.8917750520114309	0.10822494798856869
0.16664967935806985	0.8333503206419298
0.5009771022580689	0.4990228977419307
0.8488748959926808	0.15112510400731877
0.4969135312212588	0.5030864687787409
0.8252459026940555	0.1747540973059441
0.3036590648522616	0.6963409351477381
0.5877198806687954	0.41228011933120423
0.11497770811925584	0.8850222918807438
0.8015293415738106	0.19847065842618905
0.5861111413713646	0.4138888586286351
0.2636390597255221	0.7363609402744775
0.15378207734664728	0.8462179226533524
0.5901233798434925	0.40987662015650717
0.006382538359154533	0.9936174616408451
0.15138942408877237	0.8486105759112272
0.07613035957053416	0.9238696404294655
0.9861117417481772	0.013888258251822494
0.017287320013699536	0.9827126799863002
0.23672748215020872	0.763272517849791
0.10346573767303407	0.8965342623269656
0.1183072423100644	0.8816927576899353
0.521384408604035	0.47861559139596466
0.7600230787325282	0.23997692126747155
0.6643947822020875	0.33560521779791225
0.19806545482951754	0.8019345451704821
0.502950111590692	0.49704988840930764
0.7307790406631219	0.26922095933687773
0.5130239537532124	0.4869760462467873
0.18672757607663476	0.8132724239233649
0.672389989639337	0.3276100103606626
0.7560201921323616	0.24397980786763807
0.409835232129964	0.5901647678700357
0.666520526333961	0.3334794736660387
0.7394591044535399	0.26054089554645976
0.1502328653997595	0.8497671346002402
0.8170485248101709	0.18295147518982874
0.7315062629976725	0.2684937370023272
0.33448328978250774	0.6655167102174919
0.46150707821462594	0.5384929217853737
0.9105079285502333	0.08949207144976629
0.41213829184263956	0.58786170815736
0.2382934727557955	0.7617065272442042
0.1999692729047246	0.8000307270952751
0.5412887412785405	0.45871125872145907
0.9270441518813128	0.07295584811868688
0.41165939444501304	0.5883406055549867
0.4952708124708784	0.5047291875291212
0.644299042554978	0.3557009574450216
0.9077127173973181	0.09228728260268165
0.7996250479644529	0.20037495203554673
0.6330996470798816	0.366900352920118
0.2668330312123236	0.7331669687876761
0.08350886845969341	0.9164911315403063
0.8227099814881942	0.17729001851180548
0.10651349458639675	0.893486505413603
0.606653486001529	0.39334651399847065
0.30313595681638716	0.6968640431836125
0.5144237659747095	0.48557623402529015
0.8044137975612213	0.19558620243877828
0.5973962193355696	0.40260378066443
0.7002848152733353	0.29971518472666436
0.0814507344790642	0.9185492655209355
0.9225627379304822	0.07743726206951757
0.45208957391383015	0.5479104260861695
0.5463805246106486	0.4536194753893511
0.8674628407821419	0.13253715921785786
0.5078365475484686	0.492163452451531
0.47051490844548555	0.5294850915545142
0.17039773701814076	0.8296022629818589
0.6907662731535262	0.30923372684647343
0.5578542035957381	0.4421457964042616
0.6482585799752938	0.35174142002470593
0.9397156451407773	0.06028435485922229
0.11927389923965309	0.8807261007603466
0.16943324703852802	0.8305667529614716
0.23294654124901587	0.7670534587509839
0.6162773900273619	0.3837226099726378
0.7669914562330541	0.23300854376694558
0.9066697218702736	0.09333027812972605
0.9120605445519702	0.0879394554480295
0.19091586728975302	0.8090841327102467
0.006980189588566277	0.9930198104114334
0.4594804958804738	0.5405195041195259
0.6078698262093813	0.39213017379061826
0.7225096017190101	0.27749039828098954
0.4108782312450131	0.5891217687549866
0.23559461771728613	0.7644053822827135
0.2824146713490555	0.7175853286509442
0.8778359204698103	0.12216407953018932
0.18400072600483364	0.815999273995166
0.029403231790208595	0.9705967682097911
0.34157867167294886	0.6584213283270508
0.1979078546841705	0.8020921453158292
0.010159777475095555	0.9898402225249041
0.9599454561476497	0.04005454385235002
0.6121587386372114	0.3878412613627883
0.5060344061646925	0.4939655938353072
0.5561624607583832	0.44383753924161656
0.8706695322295053	0.1293304677704944
0.7560451817029893	0.24395481829701038
0.590062888251286	0.4099371117487136
0.5885595762149187	0.4114404237850809
0.014424655146523857	0.9855753448534759
0.5528776419380579	0.4471223580619418
0.009670531154247486	0.9903294688457522
0.7562431421268501	0.24375685787314955
0.845107889692856	0.15489211030714367
0.47598904580697937	0.5240109541930204
0.18570943865092637	0.8142905613490733
0.3371661431349777	0.6628338568650219
0.9657020701252303	0.03429792987476932
0.15727080431888163	0.842729195681118
0.1258297673503852	0.8741702326496145
0.5835073159454313	0.4164926840545684
0.3982388238557193	0.6017611761442804
0.19295047274605287	0.8070495272539469
0.8962965533338911	0.10370344666610848
0.8563607881166055	0.14363921188339412
0.6111141628319646	0.38888583716803504
0.16229937212714446	0.8377006278728552
0.9385543841903556	0.06144561580964408
0.6079157993246165	0.3920842006753832
0.8026145734781038	0.1973854265218959
0.3120232236964226	0.6879767763035771
0.5167028650599784	0.4832971349400213
0.6439509230152185	0.35604907698478117
0.5905406634212242	0.4094593365787754
0.1045954913936632	0.8954045086063365
0.6570011448730719	0.34299885512692774
0.7132681468192799	0.2867318531807198
0.04066778363014201	0.9593322163698577
0.9455004093195496	0.05449959068045013
0.31145447330089304	0.6885455266991066
0.16852295019611213	0.8314770498038875
0.16077920761686798	0.8392207923831316
0.5310471410684998	0.4689528589314999
0.604066909876642	0.3959330901233576
0.8441843526439265	0.15581564735607317
0.764351600252863	0.2356483997471367
0.8861689673541537	0.11383103264584593
0.383588093558331	0.6164119064416687
0.9170646112988383	0.0829353887011613
0.33517800051503255	0.6648219994849671
0.14109539800579968	0.8589046019941999
0.9486783213885959	0.051321678611403854
0.3589658172954848	0.6410341827045148
0.6821803181460873	0.3178196818539124
0.9330719007898569	0.06692809921014281
0.23176997937384003	0.7682300206261596
0.900374688000081	0.09962531199991864
0.9047720059200942	0.09522799407990545
0.07014260964863489	0.9298573903513647
0.2662570795525398	0.7337429204474599
0.7452197275580046	0.254780272441995
0.06564553349403263	0.9343544665059671
0.763808121188613	0.2361918788113867
0.7990090946127287	0.20099090538727094
0.4815910394546533	0.5184089605453464
0.7530884928228229	0.2469115071771768
0.9412025284416317	0.05879747155836801
0.9637690092733777	0.03623099072662195
0.6501596421959553	0.3498403578040443
0.262612447486692	0.7373875525133077
0.4531433262564758	0.5468566737435239
0.4224688097692526	0.5775311902307471
0.26818425255715816	0.7318157474428415
0.272210238367083	0.7277897616329166
0.09982538469444813	0.9001746153055515
0.8754034181821722	0.12459658181782746
0.22517699559795906	0.7748230044020405
0.40160836141625944	0.5983916385837402
0.4454157747164791	0.5545842252835206
0.72811303521232	0.27188696478767976
0.9070062143459056	0.09299378565409411
0.8702500759907064	0.1297499240092933
0.757111497413401	0.2428885025865986
0.4077661876657707	0.5922338123342289
0.8973701747031999	0.10262982529679981
0.42432481785030896	0.5756751821496907
0.7590237639347206	0.24097623606527907
0.37352245559696345	0.6264775444030362
0.49848475801968606	0.5015152419803136
0.845721940641506	0.1542780593584937
0.2495198539219588	0.7504801460780408
0.23332857643916416	0.7666714235608355
0.6219925286403323	0.3780074713596674
0.5567605328863519	0.4432394671136478
0.24709664942625797	0.7529033505737417
0.4815608855368473	0.5184391144631524
0.2592172315915046	0.7407827684084951
0.4643666874785326	0.5356333125214671
0.5491011849742402	0.45089881502575946
0.44844457790130654	0.5515554220986931
0.6498277004008934	0.35017229959910623
0.24544966885417968	0.7545503311458199
0.9050678265979523	0.0949321734020474
0.49309719463962987	0.5069028053603698
0.2731823970821809	0.7268176029178188
0.9297245265679979	0.07027547343200186
0.34867468371857235	0.6513253162814273
0.9281334543783039	0.07186654562169581
0.14083443318641325	0.8591655668135865
0.34754184911361824	0.6524581508863814
0.2326249153238104	0.7673750846761893
0.23236406341882282	0.7676359365811769
0.5127216136893883	0.4872783863106113
0.5582631159422259	0.44173688405777384
0.3378290854746273	0.6621709145253724
0.672689426352258	0.32731057364774163
0.4086975341597595	0.5913024658402402
0.615212630061337	0.3847873699386627
0.5746843597665643	0.42531564023343543
0.557300091377584	0.44269990862241565
0.6664118233017826	0.3335881766982171
0.6193645852771593	0.3806354147228403
0.9590253042601813	0.04097469573981838
0.4113427385786957	0.5886572614213039
0.023168655936188443	0.9768313440638112
0.11858504224054028	0.8814149577594594
0.15678789893876854	0.8432121010612311
0.6812098458565095	0.3187901541434902
0.959140935700878	0.04085906429912173
0.38045484929303763	0.619545150706962
0.6885892636491489	0.31141073635085076
0.6049804030005955	0.3950195969994041
0.6273929298799457	0.372607070120054
0.5171214650747444	0.48287853492525523
0.7913437195391843	0.2086562804608154
0.07025824268377223	0.9297417573162274
0.7361418646350072	0.2638581353649925
0.7612114228882081	0.23878857711179152
0.6442828645290098	0.3557171354709898
0.766738293484038	0.23326170651596168
0.44951748597713326	0.5504825140228664
0.7556918705233555	0.2443081294766441
0.3393186061071255	0.6606813938928742
0.3635711826851088	0.6364288173148909
0.6817366579653541	0.31826334203464557
0.5107294646926935	0.48927053530730613
0.5412641347233448	0.4587358652766549
0.524840417423158	0.4751595825768417
0.37648514114899817	0.6235148588510014
0.8903895492609694	0.10961045073903031
0.6152345773850385	0.3847654226149612
0.4078462027330306	0.592153797266969
0.25682054749342353	0.7431794525065761
0.5918077123688421	0.4081922876311576
0.08086699964504818	0.9191330003549515
0.950218395277865	0.049781604722134665
0.5288667225637871	0.4711332774362126
0.27639133860932275	0.7236086613906769
0.22561166032289792	0.7743883396771017
0.6752057573880802	0.32479424261191947
0.2904052852368299	0.7095947147631698
0.7113255262915691	0.2886744737084306
0.06431226950393565	0.935687730496064
0.4297700618391753	0.5702299381608243
0.43294456443850454	0.5670554355614952
0.7103189607482119	0.28968103925178773
0.8110328023929894	0.18896719760701036
0.637881766416947	0.3621182335830526
0.6011210294517315	0.3988789705482681
0.792772314462341	0.2072276855376587
0.06223313787336637	0.9377668621266333
0.5332482819543918	0.4667517180456079
0.9682986205907981	0.03170137940920159
0.7934133489569624	0.2065866510430373
0.9363477931982876	0.06365220680171202
0.3752449289102485	0.6247550710897511
0.7125784404408836	0.2874215595591161
0.0447846243942176	0.9552153756057821
0.25074154847637053	0.7492584515236291
0.4218834998598368	0.5781165001401629
0.35403215301805757	0.6459678469819421
0.5430532870589979	0.4569467129410018
0.9011965305992433	0.0988034694007563
0.9847572770142097	0.015242722985789992
0.8966701685056244	0.10332983149437525
0.6882737299310722	0.3117262700689275
0.41249437972753006	0.5875056202724696
0.19128958660976286	0.8087104133902367
0.9488551526079976	0.051144847392002035
0.8757505366031118	0.12424946339688792
0.2596852909763077	0.7403147090236919
0.18454301091588943	0.8154569890841102
0.602507287496408	0.3974927125035917
0.5990531745791414	0.40094682542085824
0.5977634650534894	0.4022365349465103
0.4841837156963652	0.5158162843036345
0.6664734663013311	0.3335265336986686
0.8895920288449441	0.11040797115505546
0.503530245015629	0.4964697549843706
0.8425340301034809	0.15746596989651868
0.5999760444428833	0.4000239555571163
0.2630583922963174	0.7369416077036823
0.20144110528586723	0.7985588947141324
0.9005031147374774	0.09949688526252232
0.573257673642986	0.4267423263570137
0.6727802847911355	0.3272197152088641
0.25964279619255476	0.7403572038074449
0.559949121951426	0.4400508780485737
0.18842395307854803	0.8115760469214517
0.21083436444445935	0.7891656355555403
0.8645225821905467	0.13547741780945305
0.514054214065029	0.48594578593497056
0.960073271740368	0.039926728259631616
0.1190569511475878	0.8809430488524119
0.9775176998196105	0.02248230018038927
0.7871367943058183	0.21286320569418143
0.2643900244847561	0.7356099755152435
0.08130846740960457	0.918691532590395
0.6326440484794675	0.36735595152053213
0.5356639842681159	0.46433601573188377
0.1430025301684436	0.8569974698315561
0.10471789722742231	0.8952821027725774
0.3437181144723793	0.6562818855276203
0.16097454312997594	0.8390254568700237
0.7144539614348948	0.2855460385651049
0.9639452093833518	0.03605479061664785
0.3426369170081156	0.6573630829918841
0.9767950224162176	0.023204977583782094
0.24248512042959075	0.757514879570409
0.6617810645080543	0.33821893549194537
0.6622028965095876	0.3377971034904121
0.925679930484325	0.07432006951567471
0.493049984618141	0.5069500153818587
0.4602173410763952	0.5397826589236044
0.16322901892433933	0.8367709810756603
0.287264747397953	0.7127352526020467
0.6960247823952693	0.30397521760473034
0.6219904116630861	0.37800958833691356
0.23509412168937316	0.7649058783106265
0.5550932668804344	0.4449067331195653
0.7074297107194715	0.2925702892805282
0.9890399912844532	0.010960008715546476
0.9129776740766008	0.08702232592339887
0.4748221746859521	0.5251778253140476
0.2526374569727695	0.7473625430272302
0.36717071581243216	0.6328292841875676
0.7375696827096092	0.26243031729039046
0.3514575483589213	0.6485424516410784
0.7314682680804518	0.2685317319195478
0.8074228541767211	0.19257714582327856
0.9259069433391012	0.0740930566608985
0.02007300116227334	0.9799269988377264
0.12747506906577705	0.8725249309342227
0.7785340065534727	0.22146599344652695
0.263405717851238	0.7365942821487617
0.896252454505893	0.1037475454941067
0.15741097966291734	0.8425890203370823
0.41601722288664383	0.5839827771133559
0.8292947730406641	0.17070522695933554
0.36749518110549484	0.6325048188945048
0.6595177110542004	0.34048228894579924
0.510765199315256	0.4892348006847436
0.2616723830152651	0.7383276169847346
0.20563009140307642	0.7943699085969232
0.10027924078412864	0.899720759215871
0.570241421415292	0.4297585785847077
0.5311786314646109	0.4688213685353888
0.06219432286468496	0.9378056771353147
0.3623100802242678	0.6376899197757319
0.7005142398716132	0.29948576012838646
0.5274656492214443	0.4725343507785554
0.09458285631323854	0.9054171436867611
0.06595768057502327	0.9340423194249764
0.3097600312836931	0.6902399687163066
0.6542342652751051	0.3457657347248946
0.15784276575592104	0.8421572342440786
0.29443991118241697	0.7055600888175827
0.5474626307891788	0.45253736921082083
0.803544408526431	0.1964555914735686
0.34042206016532883	0.6595779398346708
0.9699905076567625	0.030009492343237132
0.4908212128471736	0.509178787152826
0.12748265512281254	0.8725173448771871
0.3493443467552707	0.650655653244729
0.7647724446579814	0.23522755534201822
0.5399811985222401	0.46001880147775953
0.5142457417021296	0.48575425829787017
0.9109451907084182	0.0890548092915815
0.3794116582668472	0.6205883417331525
0.8056153549370638	0.19438464506293585
0.31100162920707486	0.6889983707929248
0.6431267206649929	0.3568732793350068
0.20129031501959327	0.7987096849804064
0.5222218758638453	0.4777781241361544
0.9850953429352267	0.014904657064772897
0.8920197468196388	0.10798025318036086
0.21730468272318237	0.7826953172768173
0.057062354791840686	0.942937645208159
0.23220808654161496	0.7677919134583847
0.6617499731753322	0.3382500268246674
0.29207694052505473	0.7079230594749449
0.6379056250877106	0.36209437491228896
0.9409216327723384	0.0590783672276613
0.9848420552888448	0.015157944711154836
0.3483898224110912	0.6516101775889085
0.9698647464240873	0.030135253575912457
0.07120623043873103	0.9287937695612687
0.12367846726875797	0.8763215327312417
0.4376239255900711	0.5623760744099287
0.298509410299857	0.7014905897001427
0.7960597990207424	0.20394020097925725
0.6591282838857189	0.34087171611428074
0.1578381002056214	0.8421618997943783
0.7677076392399078	0.23229236076009185
0.9363110014051438	0.06368899859485588
0.9112378903264617	0.08876210967353787
0.6024170134838381	0.39758298651616153
0.6328495512141761	0.36715044878582354
0.9546948815136684	0.045305118486331175
0.6906444216592201	0.30935557834077954
0.9125753988457093	0.0874246011542904
0.6499015370315298	0.3500984629684699
0.5384681765700865	0.46153182342991317
0.07648569402793548	0.9235143059720642
0.48617348839775887	0.5138265116022408
