0.7493026835537822	0.2506973164462175
0.7465381943472256	0.2534618056527741
0.7551822580109759	0.24481774198902367
0.7489101120344761	0.25108988796552356
0.7480709667854929	0.25192903321450677
0.7557467977139484	0.2442532022860513
0.7557123166606483	0.24428768333935136
0.7533354577067995	0.24666454229320012
0.7479414554975445	0.25205854450245513
0.7484153266376486	0.251584673362351
0.74776132373236	0.2522386762676396
0.7555940643637165	0.24440593563628316
0.7535950368516735	0.24640496314832622
0.7473732364569526	0.25262676354304703
0.7531084124777517	0.24689158752224794
0.7492276268972445	0.25077237310275513
0.7496002310462103	0.25039976895378935
0.7531522392659762	0.24684776073402342
0.7520575412257722	0.2479424587742275
0.7512209301178465	0.24877906988215315
0.7503410316696404	0.24965896833035922
0.7539355019744964	0.24606449802550323
0.7557877007370841	0.2442122992629155
0.7525601151981575	0.2474398848018422
0.7469352764407975	0.25306472355920223
0.7559337379451305	0.24406626205486914
0.7471085420179812	0.2528914579820185
0.7477061502532145	0.25229384974678515
0.75416451944742	0.2458354805525796
0.7499709662495425	0.25002903375045715
0.748725794660605	0.2512742053393947
0.7518599019788819	0.24814009802111786
0.7552582631888833	0.24474173681111633
0.7473344583822705	0.25266554161772914
0.7564984249818404	0.24350157501815928
0.7472681839705713	0.2527318160294284
0.7519878337985748	0.24801216620142486
0.7528234580555774	0.2471765419444223
0.7503024650202637	0.24969753497973596
0.7512426966917765	0.24875730330822315
0.7533499461336024	0.24665005386639732
0.7514648882588342	0.2485351117411655
0.748111858218212	0.25188814178178764
0.7544373736744534	0.2455626263255462
0.7467065686555765	0.2532934313444232
0.7520304082936342	0.24796959170636546
0.7480432356000021	0.2519567643999976
0.7524217926164303	0.24757820738356934
0.755459512189973	0.24454048781002663
0.7525351818138932	0.24746481818610638
0.7565403706978078	0.2434596293021919
0.7565183301619007	0.24348166983809888
0.7496402757392653	0.2503597242607344
0.7502596048856854	0.24974039511431423
0.7506471946989342	0.24935280530106546
0.7547984694653795	0.24520153053462018
0.7482641513858649	0.2517358486141348
0.7495823834487019	0.2504176165512978
0.7536614237682308	0.2463385762317689
0.7468038429100412	0.2531961570899585
0.7501485674665896	0.24985143253341002
0.7484325447778876	0.2515674552221121
0.7463733402551856	0.253626659744814
0.7548470039643482	0.2451529960356515
0.7483691027163534	0.2516308972836463
0.7517382058449465	0.24826179415505312
0.7472710736403829	0.25272892635961675
0.7466451558038572	0.2533548441961425
0.754411416151005	0.24558858384899462
0.7476311259440198	0.25236887405597985
0.7560603814678586	0.24393961853214108
0.7517635590408569	0.24823644095914277
0.7534783270259293	0.24652167297407035
0.75366105317293	0.24633894682706964
0.7554256303231008	0.24457436967689877
0.7500418317702064	0.24995816822979328
0.7521449176893444	0.24785508231065523
0.7493735632613643	0.2506264367386354
0.7467889802658891	0.25321101973411053
0.7485483922838466	0.25145160771615305
0.7502452500332357	0.2497547499667639
0.7485559728467628	0.2514440271532369
0.7494214349655257	0.25057856503447395
0.7529493615816297	0.24705063841836994
0.7547060515353909	0.24529394846460872
0.7527883279472478	0.2472116720527519
0.7526395758416826	0.2473604241583171
0.7564726653344116	0.24352733466558812
0.7535896361759997	0.246410363824
0.7537562425924332	0.24624375740756643
0.7474595812855761	0.25254041871442356
0.7528077564247021	0.24719224357529757
0.7501063653472375	0.2498936346527622
0.7519768402625968	0.2480231597374028
0.7472045020909273	0.2527954979090724
0.7556220664377402	0.2443779335622595
0.7502798052820606	0.24972019471793905
0.7541197663968833	0.2458802336031164
0.7492491987918304	0.2507508012081693
0.754261567182863	0.24573843281713664
0.7544194426121824	0.24558055738781726
0.7508296311855378	0.2491703688144618
0.7508587177306902	0.24914128226930943
0.7556117202225558	0.24438827977744376
0.7554518036900582	0.2445481963099415
0.7474275074285841	0.2525724925714156
0.7487143686976299	0.25128563130236975
0.7496355646203272	0.2503644353796724
0.7481392510485441	0.25186074895145555
0.747463283369598	0.2525367166304016
0.7540188895369822	0.24598111046301757
0.7504459272022688	0.2495540727977309
0.7559908345169364	0.24400916548306323
0.7545472246998323	0.2454527753001674
0.7518153746032761	0.24818462539672365
0.7511166140740614	0.24888338592593828
0.752764781675539	0.24723521832446071
0.7465999845496374	0.2534000154503623
0.7531090111948285	0.24689098880517113
0.7540286014952414	0.24597139850475824
0.7563687242427355	0.24363127575726423
0.750266470724491	0.24973352927550863
0.7505092057194405	0.2494907942805592
0.7554318125969506	0.2445681874030491
0.75407919503352	0.24592080496647967
0.74884136352994	0.25115863647005965
0.7482586449324565	0.25174135506754314
0.7506196195828042	0.24938038041719546
0.7537592635568968	0.2462407364431028
0.7488208020286375	0.2511791979713621
0.754321477884582	0.24567852211541763
0.7507422442624707	0.249257755737529
0.7539562095887948	0.24604379041120478
0.7495946943694284	0.2504053056305713
0.7531697665831412	0.24683023341685845
0.7480011416621801	0.2519988583378195
0.7534062012281639	0.24659379877183568
0.7547687233175225	0.24523127668247713
0.7501291487011381	0.2498708512988616
0.7498956951747421	0.2501043048252576
0.7524858119703608	0.24751418802963882
0.7497530153723488	0.25024698462765077
0.7543955883543362	0.2456044116456635
0.747585207654087	0.25241479234591263
0.7518490336420451	0.24815096635795447
0.7532266881010283	0.2467733118989714
0.754066671513427	0.24593332848657262
0.7500631924870746	0.24993680751292502
0.7476684793481063	0.2523315206518933
0.7511580276961327	0.248841972303867
0.7478186408075616	0.25218135919243817
0.7507307890274824	0.2492692109725173
0.7494385159826578	0.25056148401734185
0.7532909311095182	0.2467090688904815
0.7537961724995599	0.2462038275004398
0.7512541988520347	0.2487458011479649
0.7548161886130011	0.24518381138699857
0.7477227058406918	0.2522772941593079
0.7514259934677643	0.24857400653223538
0.7497174831018181	0.2502825168981816
0.7540078217510193	0.2459921782489804
0.7538127190391296	0.24618728096087006
0.7495505918635169	0.25044940813648275
0.7499575176518419	0.25004248234815774
0.7546610080371321	0.24533899196286763
0.7524958047078185	0.2475041952921812
0.7495246099508182	0.2504753900491815
0.749422699881383	0.2505773001186167
0.7510544275461412	0.2489455724538585
0.7489525699529013	0.2510474300470984
0.755528791041401	0.24447120895859864
0.754736746133358	0.24526325386664172
0.7476818875174353	0.2523181124825644
0.7544502312278336	0.245549768772166
0.7541911013764612	0.2458088986235385
0.751530113523927	0.24846988647607265
0.7530226299364777	0.24697737006352194
0.7522976602050937	0.24770233979490597
0.7509076624093987	0.24909233759060095
0.7528592804208184	0.24714071957918127
0.7475122312818211	0.2524877687181786
0.7491176316342942	0.2508823683657055
0.748853954921118	0.2511460450788818
0.7528948188788481	0.24710518112115154
0.7544995497183398	0.2455004502816599
0.7466299448460971	0.25337005515390254
0.7513582770489629	0.24864172295103681
0.7523809419862658	0.24761905801373385
0.7512481781864238	0.24875182181357597
0.7477390678742565	0.2522609321257432
0.7550760721240865	0.24492392787591322
0.755435294050435	0.2445647059495647
0.7535003194008241	0.2464996805991756
0.7504156744187696	0.24958432558123006
0.7483311861916951	0.2516688138083045
0.7509252351865543	0.24907476481344532
0.7466421113038437	0.25335788869615594
0.7552856918153312	0.2447143081846685
0.7498447644910028	0.2501552355089969
0.754266245365977	0.2457337546340227
0.7502793158853145	0.24972068411468523
0.7495908757808568	0.25040912421914285
0.7469727012510081	0.25302729874899155
0.7531659433150851	0.24683405668491454
0.7526120330259358	0.2473879669740639
0.75387410355928	0.24612589644071975
0.7548658344858714	0.2451341655141282
0.7487708443335643	0.2512291556664353
0.7519239374994453	0.24807606250055442
0.7477506953272632	0.2522493046727364
0.7550704588654908	0.24492954113450877
0.7483080971127758	0.2516919028872239
0.7504999095939044	0.24950009040609528
0.7485724733821286	0.25142752661787104
0.7504189232806723	0.2495810767193274
0.7526338864668303	0.24736611353316934
0.7472054869622784	0.25279451303772127
0.753557916977968	0.2464420830220317
0.750152776716702	0.24984722328329761
0.7473636632089892	0.2526363367910105
0.7476596430089146	0.25234035699108504
0.7546476039808372	0.24535239601916242
0.7480544991619096	0.2519455008380901
0.7491733006448822	0.2508266993551175
0.7553957356260956	0.24460426437390403
0.755540953619817	0.24445904638018268
0.7542432900049839	0.24575670999501575
0.7529093164900227	0.24709068350997704
0.7495617784840849	0.25043822151591477
0.7465831858206726	0.253416814179327
0.7495117112949301	0.2504882887050696
0.7467170466196353	0.25328295338036433
0.7550148123651582	0.24498518763484145
0.7483282512054514	0.2516717487945482
0.751789741044188	0.2482102589558116
0.7479192189803144	0.25208078101968523
0.7466854783972601	0.2533145216027396
0.7464530147959894	0.25354698520401037
0.7470747666682592	0.25292523333174044
0.7559586441990902	0.24404135580090952
0.7549611500791271	0.2450388499208726
0.7472471099669369	0.2527528900330628
0.7485912699831627	0.25140873001683695
0.7545679537121321	0.24543204628786752
0.74847573536803	0.2515242646319696
0.7532504917732488	0.24674950822675096
0.7545105825312712	0.24548941746872838
0.7543327918509323	0.2456672081490674
0.7497215127753383	0.2502784872246614
0.7529286245787039	0.2470713754212957
0.75579984019516	0.2442001598048396
0.7473255173787425	0.25267448262125713
0.7468355280823	0.2531644719176997
0.7500027811279192	0.24999721887208048
0.7478327888003418	0.25216721119965796
0.751737939312147	0.24826206068785261
0.7557971994438977	0.244202800556102
0.7538294614288583	0.2461705385711413
0.7486010716101706	0.251398928389829
0.7558569838098932	0.24414301619010648
0.7512991812233774	0.24870081877662226
0.7469779026142702	0.2530220973857295
0.7562095353419502	0.24379046465804938
0.7555248960080507	0.244475103991949
0.7533708706282383	0.2466291293717614
0.7545746104313982	0.24542538956860144
0.7502483615162095	0.24975163848379012
0.7562623817753515	0.24373761822464818
0.7530433221824966	0.24695667781750302
0.747203707753183	0.25279629224681666
0.7529825795254539	0.24701742047454578
0.7541548845090575	0.24584511549094207
0.7537170210739983	0.24628297892600137
0.7556901207480871	0.2443098792519126
0.7554481745215789	0.24455182547842075
0.7522254697800246	0.24777453021997503
0.7496202125204016	0.2503797874795981
0.7512247548448473	0.24877524515515237
0.7469871143882394	0.2530128856117603
0.7462592317533738	0.25374076824662584
0.756531946585397	0.2434680534146026
0.7475959807978806	0.2524040192021191
0.7526853803346112	0.24731461966538848
0.7512301953585472	0.24876980464145243
0.7552852647791068	0.24471473522089288
0.7557898324785082	0.24421016752149144
0.7473457940111135	0.25265420598888616
0.747949026845437	0.2520509731545627
0.7548975901548002	0.2451024098451995
0.7512335171326506	0.24876648286734904
0.7479044166058058	0.25209558339419397
0.7558388782822201	0.2441611217177796
0.7529522692317547	0.24704773076824488
0.7556556011878595	0.24434439881214015
0.7540366785159456	0.2459633214840541
0.7550361780810929	0.24496382191890675
0.7551304485106867	0.24486955148931294
0.7493725986301655	0.2506274013698342
0.7484800114404269	0.2515199885595728
0.7492689842275214	0.25073101577247825
0.7531000301742988	0.24689996982570084
0.7541067182737178	0.2458932817262819
0.7554108897288646	0.24458911027113506
0.7486219539476188	0.2513780460523809
0.7506691031306086	0.24933089686939103
0.7484078878005322	0.2515921121994675
0.7532211996948989	0.2467788003051008
0.7517625319907913	0.24823746800920832
0.7471496214027102	0.25285037859728937
0.7500015834716149	0.24999841652838467
0.7521354203379471	0.24786457966205255
0.7470361354665696	0.2529638645334301
0.7561460659224237	0.243853934077576
0.746535266810113	0.2534647331898867
0.7494018282579633	0.25059817174203636
0.7471891310805153	0.25281086891948434
0.7509967156351675	0.2490032843648322
0.7561341200256027	0.24386587997439707
0.7530735980938373	0.24692640190616233
0.7483347055714368	0.2516652944285629
0.7501371286845189	0.2498628713154808
0.7532236244605001	0.2467763755394996
0.7551657993197559	0.24483420068024375
0.7506477760884511	0.2493522239115486
0.7550641197639207	0.24493588023607893
0.7469856154836699	0.25301438451632974
0.7512859077017949	0.24871409229820474
0.7496366057469179	0.25036339425308174
0.7523525281289083	0.24764747187109132
0.7502288254412912	0.2497711745587085
0.7482083074476675	0.25179169255233214
0.7476120574975211	0.2523879425024786
0.7527091894731431	0.24729081052685653
0.7525980199621306	0.24740198003786906
0.746594608948464	0.2534053910515357
0.7474047717832455	0.25259522821675423
0.7472534910199892	0.2527465089800105
0.750754472257874	0.24924552774212572
0.747947053568139	0.2520529464318607
0.756537542196566	0.24346245780343367
0.7529154766630392	0.24708452333696052
0.7476593573842283	0.2523406426157714
0.7545104037163325	0.24548959628366718
0.7510293033570937	0.24897069664290594
0.755524591273186	0.24447540872681361
0.7494749680186471	0.25052503198135256
0.7489451366727525	0.25105486332724714
0.7491583611331368	0.25084163886686284
0.7504088929984092	0.24959110700159048
0.7464785296331244	0.2535214703668752
0.7513866178638424	0.2486133821361572
0.7507743642828395	0.24922563571716017
0.7532031293272707	0.24679687067272887
0.75077586832565	0.2492241316743497
0.7533128623912095	0.24668713760879013
0.7534205626911621	0.24657943730883758
0.7543552824368428	0.24564471756315687
0.7543909875878825	0.24560901241211724
0.7562476601204138	0.2437523398795859
0.7518572729900821	0.24814272700991763
0.7464546364580095	0.2535453635419902
0.7528861199491133	0.24711388005088647
0.747409712353429	0.25259028764657065
0.7504743090892745	0.24952569091072513
0.75085325087765	0.24914674912234974
0.7562804708945472	0.24371952910545253
0.7487447922211402	0.25125520777885946
0.7507113216052466	0.2492886783947531
0.7498258718966799	0.25017412810331974
0.7481676590669791	0.25183234093302054
0.7470138744254196	0.25298612557458006
0.7489891758491627	0.25101082415083703
0.7526096942669414	0.2473903057330583
0.7515017970448682	0.24849820295513148
0.7480165195582318	0.2519834804417679
0.751242665418955	0.2487573345810446
0.7552579092583326	0.24474209074166708
0.7555705219723929	0.24442947802760678
0.752673034299546	0.24732696570045365
0.7510543739663003	0.2489456260336994
0.7462956771816075	0.25370432281839217
0.7488034204283617	0.251196579571638
0.7529375184061914	0.24706248159380828
0.752564181405612	0.24743581859438768
0.752322992664084	0.2476770073359157
0.754328875262374	0.24567112473762565
0.7486030778515413	0.2513969221484583
0.747438933518707	0.25256106648129256
0.7558990277248869	0.2441009722751128
0.7474085273904674	0.2525914726095323
0.7547002552435045	0.24529974475649524
0.7555708754066416	0.24442912459335808
0.7560295217800448	0.24397047821995488
0.7510844210129892	0.2489155789870104
0.7565460757991579	0.24345392420084178
0.7537202958701845	0.2462797041298152
0.7465263460618436	0.253473653938156
0.7529597753816559	0.24704022461834368
0.7509258174198594	0.2490741825801402
0.7532933009024445	0.24670669909755522
0.7534960047533665	0.2465039952466332
0.747787596850791	0.25221240314920873
0.7498403933002213	0.25015960669977827
0.7554485817320437	0.244551418267956
0.7486146761047511	0.2513853238952486
0.750335624003095	0.24966437599690472
0.7537537385928135	0.2462462614071862
0.7511729224348527	0.248827077565147
0.751929553544754	0.24807044645524567
0.7475796127176142	0.25242038728238547
0.7494173910273467	0.2505826089726529
0.7548640599466248	0.24513594005337497
0.7557187561999816	0.2442812438000181
0.7482803715444627	0.25171962845553697
0.7523497483104102	0.24765025168958943
0.7513092703562403	0.24869072964375938
0.7499470235204136	0.250052976479586
0.7564566173810088	0.2435433826189909
0.7547102797131537	0.24528972028684598
0.7502482745962611	0.24975172540373863
0.7507338899032681	0.2492661100967316
0.7504371243326639	0.24956287566733582
0.7526081106634197	0.24739188933658002
0.7514544394358015	0.2485455605641982
0.7495107599119128	0.2504892400880869
0.750794148347764	0.24920585165223558
0.7529324052915616	0.2470675947084381
0.7474010378501987	0.252598962149801
0.7472272525372909	0.2527727474627087
0.7487730413333988	0.2512269586666008
0.7491991250894555	0.25080087491054415
0.7556510549244924	0.24434894507550725
0.7479780509628741	0.2520219490371256
0.7497268444367584	0.25027315556324126
0.7506090457474397	0.24939095425255992
0.755143145705621	0.2448568542943787
0.7488975235019112	0.2511024764980885
0.7524512319769776	0.24754876802302211
0.7530823480365756	0.24691765196342413
0.7472442158628929	0.2527557841371068
0.7503749921210573	0.24962500787894237
0.746622963865897	0.2533770361341026
0.7517609928815856	0.24823900711841407
0.7481606146335207	0.251839385366479
0.7554796881285584	0.2445203118714413
0.7463168586342396	0.2536831413657601
0.7467224264681873	0.2532775735318123
0.7511779026043268	0.2488220973956729
0.7488548122119693	0.2511451877880304
0.7558795346882228	0.24412046531177695
0.7542824663254615	0.24571753367453825
0.7477766006690298	0.2522233993309698
0.7559124013414792	0.24408759865852048
0.7550776501626053	0.2449223498373943
0.7490615141839958	0.25093848581600386
0.7498427783850141	0.2501572216149856
0.7531907762495518	0.24680922375044784
0.7537778071233503	0.24622219287664943
0.7490050853976885	0.25099491460231116
0.7501805063070259	0.24981949369297374
0.7480851245210419	0.25191487547895774
0.7484882564533605	0.2515117435466392
0.7481014024118333	0.25189859758816635
0.7470922183050815	0.2529077816949181
0.7515864941283794	0.2484135058716202
0.7544221142893126	0.24557788571068712
0.7512691508995598	0.24873084910043985
0.7487630879082747	0.25123691209172494
0.754729229221758	0.2452707707782416
0.748975397888187	0.25102460211181266
0.7534191171953859	0.24658088280461382
0.7466693213765412	0.2533306786234585
0.7552800309516303	0.2447199690483693
0.7558800655505542	0.24411993444944552
0.7489014419098711	0.2510985580901286
0.7559653165141575	0.24403468348584217
0.7543129740477081	0.24568702595229153
0.7517600243939073	0.2482399756060924
0.7487323024934927	0.25126769750650696
0.75402882814566	0.24597117185433975
0.7550780493419083	0.24492195065809147
0.7473798993573836	0.2526201006426161
0.7515921205022233	0.24840787949777632
0.7475450758096784	0.2524549241903213
0.7521924020402486	0.24780759795975105
0.7526239550953671	0.24737604490463266
0.7508970035763174	0.24910299642368222
0.7521123791201804	0.2478876208798193
0.747572153985213	0.2524278460147866
0.7517217772140555	0.24827822278594414
0.7522694843864122	0.24773051561358755
0.7513264357373235	0.24867356426267617
0.7542594500937518	0.24574054990624783
0.7550082690364535	0.24499173096354626
0.7472855473378334	0.2527144526621663
0.7525576525006497	0.24744234749935
0.7545318725646578	0.24546812743534185
0.7501911290731335	0.2498088709268662
0.7507090381739501	0.2492909618260496
0.7552412186582296	0.24475878134177015
0.7523689927979135	0.2476310072020862
0.7507185700284116	0.2492814299715881
0.7539211377567764	0.24607886224322328
0.7521596654520026	0.2478403345479971
0.752749400558467	0.24725059944153277
0.746582460846996	0.25341753915300375
0.751357004944506	0.2486429950554937
0.7563812021408511	0.24361879785914853
0.7496111625720479	0.2503888374279518
0.7533549239088524	0.24664507609114722
0.7463833508495727	0.2536166491504269
0.7563112012066674	0.24368879879333227
0.746605562426586	0.2533944375734136
0.7509305174048491	0.24906948259515055
0.7533054295968404	0.24669457040315923
0.7492215646502287	0.2507784353497709
0.7480320580564704	0.25196794194352923
0.7555326721004023	0.24446732789959735
0.7530873288502693	0.24691267114973037
0.7472245495785428	0.2527754504214569
0.752391824674771	0.24760817532522866
0.7546949741090367	0.24530502589096292
0.7478646481708583	0.2521353518291414
0.7480012687448391	0.2519987312551606
0.7505949098700144	0.2494050901299853
0.7548165549645529	0.2451834450354468
0.7542015897349594	0.24579841026504023
0.7525025352582406	0.24749746474175904
0.7554791962175575	0.24452080378244206
0.7563387120957021	0.24366128790429753
0.7491946268021663	0.2508053731978334
0.7474593905749982	0.2525406094250014
0.753804491800393	0.24619550819960662
0.7511166545901845	0.24888334540981516
0.7522280963305743	0.2477719036694253
0.7562771054722862	0.24372289452771345
0.7480127672791297	0.25198723272087004
0.7468760906385352	0.25312390936146445
0.7504703393538857	0.24952966064611393
0.7502198450807904	0.24978015491920924
0.7541799854994364	0.2458200145005633
0.7564034683627406	0.24359653163725903
0.7523833048716666	0.24761669512833312
0.7498331272809284	0.25016687271907123
0.7506461243664395	0.2493538756335602
0.7546796677416487	0.24532033225835098
0.7471773889783684	0.25282261102163134
0.7557228498002198	0.24427715019977997
0.7500075593082721	0.24999244069172755
0.7483180508768852	0.2516819491231145
0.7488699305275173	0.2511300694724824
0.7473312671311991	0.25266873286880054
0.749177345612364	0.2508226543876356
0.7564296067380809	0.24357039326191882
0.7474835103780048	0.2525164896219949
0.7518936774969787	0.24810632250302095
0.7522884087342667	0.247711591265733
0.7494458726750689	0.25055412732493076
0.7524626912775201	0.24753730872247953
0.7497869197106226	0.2502130802893771
0.7552997399525896	0.24470026004741013
0.7505896511510879	0.24941034884891172
0.7539843541648487	0.246015645835151
0.748366612691296	0.2516333873087037
0.7520449097570302	0.24795509024296947
0.7531450711401062	0.24685492885989346
0.746663645300408	0.2533363546995917
0.7532946344389302	0.24670536556106942
0.7512043723770518	0.24879562762294788
0.7557224952582352	0.24427750474176446
0.7536120832470059	0.24638791675299382
0.7551075489973844	0.2448924510026153
0.7512408115970706	0.24875918840292904
0.7546009252634035	0.24539907473659617
0.7552014443412596	0.24479855565874004
0.7528543751853056	0.2471456248146941
0.7508443564815834	0.24915564351841624
0.7541930043136291	0.2458069956863705
0.7556333515956493	0.24436664840435035
0.7520844280829312	0.24791557191706848
0.7506098836782418	0.2493901163217579
0.7494038323196645	0.2505961676803352
0.7485111563453305	0.25148884365466917
0.7499387781222627	0.25006122187773694
0.7565193642476016	0.24348063575239814
0.7500611426733198	0.24993885732667986
0.754317608039587	0.24568239196041264
0.75336388135043	0.24663611864956964
0.7470540872079099	0.2529459127920898
0.7557032348410034	0.24429676515899623
0.7485526329377397	0.25144736706226
0.750724395146122	0.24927560485387767
0.7546479307704423	0.24535206922955727
0.7559192772635344	0.24408072273646525
0.7531449297422468	0.24685507025775294
0.7488804519178894	0.25111954808211023
0.7493237265911297	0.25067627340887
0.7564050002326657	0.243594999767334
0.7479442213434804	0.25205577865651935
0.7558026512077107	0.24419734879228894
0.7525192567004715	0.24748074329952818
0.7499997553728506	0.2500002446271491
0.7466699393765899	0.25333006062340974
0.7522897457978885	0.24771025420211112
0.748419357009615	0.25158064299038463
0.7499899242163082	0.2500100757836915
0.748596136181181	0.25140386381881863
0.7556487613095715	0.24435123869042819
0.7507163247403328	0.24928367525966688
0.7529173357410834	0.24708266425891623
0.7542243419227901	0.24577565807720952
0.7538174161817006	0.24618258381829905
0.7497716351373633	0.25022836486263633
0.7493704720280787	0.250629527971921
0.7524528428396313	0.24754715716036835
0.755160910964386	0.24483908903561374
0.748906604730442	0.25109339526955765
0.7554208915010293	0.24457910849897035
0.7530292964299949	0.24697070357000478
0.7532476139668176	0.24675238603318206
0.7466015677151975	0.2533984322848022
0.7530661056411808	0.24693389435881885
0.7483051031774319	0.25169489682256774
0.7545364836986528	0.24546351630134694
0.7508746351408848	0.2491253648591149
0.7519373348610141	0.24806266513898562
0.7489784640223176	0.25102153597768206
0.7539391446682664	0.24606085533173322
0.7545620214931839	0.2454379785068158
0.7539090099345401	0.24609099006545954
0.7474575440661194	0.25254245593388025
0.7488065311714767	0.251193468828523
0.7465921760327465	0.25340782396725314
0.7505494016062987	0.24945059839370098
0.7484822463990684	0.2515177536009313
0.7533751845211296	0.24662481547887005
0.7533934334457668	0.24660656655423285
0.7499606756782561	0.2500393243217436
0.7480759769057894	0.2519240230942102
0.7467754201184998	0.2532245798814998
0.7517775390942686	0.24822246090573108
0.7476024494664391	0.25239755053356056
0.7492192205891814	0.25078077941081817
0.7505413996430371	0.24945860035696255
0.7504305923817842	0.2495694076182154
0.7495337836103658	0.25046621638963384
0.7556179248973285	0.24438207510267118
0.7534452348581038	0.24655476514189595
0.7496730038160876	0.2503269961839121
0.7555171368169267	0.244482863183073
0.7529020330275749	0.24709796697242475
0.7502066994634399	0.2497933005365598
0.7514009697718702	0.2485990302281294
0.7491435520032576	0.2508564479967421
0.7480351084922758	0.2519648915077238
0.7487930622069962	0.2512069377930035
0.7561816804527723	0.24381831954722727
0.7546255848281205	0.24537441517187925
0.7500150776162242	0.2499849223837754
0.747636411293843	0.2523635887061567
0.7498572975016935	0.2501427024983062
0.7523074483599463	0.24769255164005327
0.747564275797821	0.25243572420217864
0.7498341949307066	0.2501658050692931
0.7496763502202284	0.25032364977977134
0.7545485774831158	0.24545142251688395
0.7474269029609338	0.25257309703906583
0.7553168007221	0.24468319927789972
0.7562623639290155	0.2437376360709842
0.7528856254624972	0.24711437453750246
0.7539819817789214	0.24601801822107827
0.7564377764746264	0.24356222352537327
0.7538802452010618	0.24611975479893788
0.7539831578065687	0.246016842193431
0.7489088272771784	0.2510911727228213
0.7466488006312104	0.2533511993687892
0.7543522317625698	0.24564776823742984
0.7469009250156475	0.2530990749843522
0.751761947687093	0.24823805231290663
0.7558357661164014	0.24416423388359831
0.7526404636645234	0.2473595363354762
0.7471511958480772	0.25284880415192246
0.7541396649591847	0.24586033504081495
0.7485236230566492	0.2514763769433505
0.7535485342245944	0.24645146577540522
0.7542692646895546	0.24573073531044504
0.7479985524195583	0.2520014475804414
0.7471299086265393	0.25287009137346034
0.7543723064332757	0.24562769356672404
0.7511322781298254	0.24886772187017425
0.7500975989602543	0.24990240103974543
0.7556479161678449	0.24435208383215473
0.7493085166762931	0.2506914833237066
0.7463739590408216	0.25362604095917807
0.7490188410738969	0.25098115892610273
0.7500636481092092	0.24993635189079044
0.751728261291692	0.2482717387083077
0.7540612065993971	0.24593879340060254
0.7483509889305606	0.2516490110694391
0.7489265427904546	0.2510734572095451
0.7521099734564027	0.24789002654359688
0.7511537913660552	0.24884620863394447
0.7497445993089673	0.2502554006910323
0.7528584419193642	0.24714155808063548
0.7502989863876877	0.24970101361231195
0.7503992430699999	0.24960075692999972
0.7495821650666639	0.2504178349333358
0.7501369293035827	0.249863070696417
0.7506559507821728	0.24934404921782677
0.7509838150477381	0.24901618495226158
0.7492038020870957	0.250796197912904
0.7528652854873915	0.24713471451260816
0.7529141401566029	0.24708585984339682
0.7559397948954506	0.24406020510454907
0.749652893230656	0.2503471067693437
0.7488487323777689	0.2511512676222307
0.7555756331241881	0.24442436687581165
0.7505682792013971	0.24943172079860254
0.7556423157265957	0.24435768427340399
0.7528606232380515	0.24713937676194825
0.7514065553877094	0.24859344461229033
0.746737090173776	0.2532629098262237
0.755703475749243	0.24429652425075665
0.7468254177455058	0.2531745822544939
0.7467431794833188	0.2532568205166809
0.7490049725648282	0.25099502743517144
0.7519142371223249	0.2480857628776748
0.7529225947985458	0.24707740520145377
0.7511504811346622	0.24884951886533746
0.7511170159560525	0.2488829840439472
0.7467322836989254	0.25326771630107425
0.7563495826425021	0.2436504173574976
0.7490922629245182	0.2509077370754814
0.7530411831282326	0.24695881687176707
0.7538652955704372	0.24613470442956242
0.7476126514014179	0.25238734859858186
0.7541075559418875	0.24589244405811223
0.7557228174917354	0.2442771825082642
0.7563460415005725	0.24365395849942717
0.7524774787520504	0.24752252124794927
0.7559583575141668	0.24404164248583288
0.75005740865911	0.2499425913408897
0.7547607843816475	0.2452392156183522
0.7505178684991249	0.24948213150087473
0.7509601621166722	0.24903983788332745
0.7535349800541873	0.24646501994581232
0.746937057152838	0.2530629428471617
0.7481280618720586	0.25187193812794106
0.7520459257081697	0.24795407429182997
0.7504663637534275	0.24953363624657227
0.7485282845238522	0.25147171547614744
0.7521509924317769	0.24784900756822276
0.7487138688600017	0.251286131139998
0.7478935607257985	0.2521064392742012
0.7485651805390383	0.2514348194609613
0.7523515138268302	0.24764848617316948
0.7526542990758833	0.24734570092411629
0.7540414269912081	0.2459585730087916
0.7466362219917453	0.2533637780082544
0.751984190292533	0.24801580970746667
0.7498500898636025	0.25014991013639715
0.7509965801750934	0.24900341982490626
0.7534666898260949	0.24653331017390473
0.7490456096239795	0.25095439037602013
0.7525706408200323	0.2474293591799674
0.746599494018155	0.2534005059818447
0.7523292022184849	0.24767079778151485
0.7532318147559913	0.2467681852440084
0.752078466117055	0.2479215338829447
0.7486476690389472	0.25135233096105253
0.7509508168685977	0.249049183131402
0.750176326624179	0.24982367337582062
0.7540280741196566	0.24597192588034306
0.7465894591180299	0.2534105408819698
0.7477958703745462	0.2522041296254535
0.7559601125019761	0.24403988749802358
0.7465941134855616	0.25340588651443813
0.7527320072549856	0.2472679927450141
0.7536681011010479	0.2463318988989518
0.7549538003730349	0.24504619962696478
0.7544219373905255	0.24557806260947412
0.7495260852470642	0.2504739147529355
0.7514829605532624	0.2485170394467373
0.7505454110254379	0.24945458897456174
0.7510579092716181	0.24894209072838158
0.7462586685254127	0.253741331474587
0.7551629611692751	0.2448370388307246
0.7538302247770092	0.2461697752229905
0.7523706243668611	0.24762937563313858
0.7558579957864049	0.24414200421359483
0.751106588749304	0.2488934112506957
0.7511125577209875	0.24888744227901216
0.7520954277448866	0.24790457225511303
0.7536156063508427	0.24638439364915699
0.7553118076417931	0.24468819235820655
0.7510449813605243	0.24895501863947533
0.7538443675585438	0.24615563244145594
0.7463273911823964	0.2536726088176033
0.7528815287678048	0.24711847123219494
0.7470547218783062	0.25294527812169343
0.7557760217943803	0.24422397820561942
0.7469004374312309	0.25309956256876875
0.7481082749850787	0.25189172501492096
0.7557801232348756	0.24421987676512402
0.7510014884488438	0.24899851155115582
0.7536007771148208	0.2463992228851789
0.7524595379507562	0.24754046204924346
0.7480625067872176	0.251937493212782
0.7493202006752068	0.2506797993247929
0.752331550537759	0.2476684494622406
0.7495069096938436	0.2504930903061561
0.7562978705721741	0.2437021294278255
0.7519044055599531	0.24809559444004653
0.7528524816779986	0.2471475183220011
0.7472640589542605	0.2527359410457391
0.7543849771285033	0.2456150228714964
0.7510111017562704	0.24898889824372933
0.7500891086282422	0.24991089137175743
0.7481125146154834	0.2518874853845162
0.753454921779777	0.2465450782202227
0.7466469801050257	0.25335301989497394
0.7476985075410549	0.25230149245894473
0.7474196941143783	0.25258030588562136
0.7517979468214107	0.24820205317858907
0.7514596438219341	0.24854035617806558
0.7530105312916135	0.24698946870838617
0.7481990102445117	0.251800989755488
0.7534847149108501	0.24651528508914955
0.7480017957433427	0.25199820425665703
0.7540454055106183	0.2459545944893814
0.7534625015845705	0.24653749841542916
0.7486521894262129	0.25134781057378675
0.750458493333031	0.24954150666696862
0.7563469483062439	0.24365305169375567
0.753155658179584	0.2468443418204157
0.7500649240926737	0.249935075907326
0.755495984641386	0.2445040153586136
0.7531143752471736	0.2468856247528261
0.7501162266722978	0.2498837733277019
0.7480168478710008	0.25198315212899897
0.754035527765319	0.2459644722346806
0.7539627792829623	0.24603722071703737
0.749199560393197	0.25080043960680265
0.751814393796046	0.24818560620395363
0.7501275628052149	0.24987243719478486
0.7535355241123767	0.246464475887623
0.747051669308923	0.2529483306910767
0.7474189903192053	0.25258100968079433
0.7540672678858507	0.245932732114149
0.7527112688849165	0.2472887311150832
0.7565153648855765	0.2434846351144232
0.7535958546828805	0.24640414531711924
0.7542798088203937	0.24572019117960597
0.7532244496539535	0.2467755503460461
0.75080668432784	0.24919331567215958
0.7563277368015875	0.24367226319841212
0.7510400277463898	0.24895997225360983
0.7500964764750718	0.24990352352492784
0.7513264187759905	0.24867358122400923
0.7476464570567403	0.2523535429432594
0.7504031099460082	0.2495968900539915
0.7511888411730633	0.24881115882693638
0.7490895415591714	0.2509104584408283
0.750184483735497	0.2498155162645027
0.7549777259112321	0.24502227408876753
0.7533506314377981	0.24664936856220154
0.7476924211452193	0.2523075788547804
0.7546346928032708	0.24536530719672883
0.7523144232433057	0.247685576756694
0.7512695834285963	0.24873041657140338
0.746319282797488	0.2536807172025117
0.7473332440691876	0.2526667559308121
0.7491687897006567	0.25083121029934297
0.7463432846050779	0.25365671539492174
0.7514992273095433	0.2485007726904564
0.7501021745727905	0.24989782542720917
0.7504340023250076	0.2495659976749921
0.7532404664946054	0.24675953350539426
0.7519962541470087	0.248003745852991
0.752956943769753	0.24704305623024664
0.7475389587459627	0.25246104125403696
0.7519161354059887	0.248083864594011
0.7525234980879789	0.24747650191202075
0.7474396241202661	0.2525603758797335
0.7548139953041337	0.245186004695866
0.7525161757480882	0.2474838242519115
0.7556489015907148	0.24435109840928482
0.7498106273702716	0.25018937262972807
0.7549266732152291	0.24507332678477062
0.7517619269400961	0.24823807305990353
0.753831902094521	0.24616809790547872
0.7527266750104387	0.247273324989561
0.7524636245706007	0.24753637542939905
0.7472210104424613	0.25277898955753847
0.749076211049613	0.25092378895038664
0.749086359513613	0.25091364048638665
0.7503516969408262	0.24964830305917346
0.7527376732621669	0.24726232673783272
0.7523252158366288	0.24767478416337085
0.7557256924134111	0.24427430758658852
0.7547078738811572	0.24529212611884238
0.7467120197664363	0.25328798023356336
0.7487609595379372	0.25123904046206247
0.7560049139127847	0.24399508608721493
0.7520200004598672	0.2479799995401325
0.7483673303817543	0.2516326696182454
0.7491089591869338	0.25089104081306585
0.7524762167861043	0.24752378321389534
0.7522074512930781	0.24779254870692158
0.752954352637817	0.2470456473621827
0.7487365422543816	0.2512634577456181
0.7524387408467537	0.247561259153246
0.75184847918446	0.24815152081553976
0.7544180606024184	0.24558193939758127
0.7474738104704839	0.2525261895295158
0.7471356200713397	0.25286437992865995
0.7528819749014074	0.24711802509859226
0.7485325735415111	0.25146742645848846
0.7490242235078494	0.2509757764921503
0.7550188975301672	0.2449811024698325
0.7499721078289872	0.2500278921710125
0.7534419429950914	0.24655805700490835
0.7494155165217637	0.25058448347823586
0.7491983544666807	0.25080164553331896
0.7544907380183581	0.24550926198164158
0.7512635475153339	0.2487364524846658
0.755475159868301	0.24452484013169862
0.7491067518168204	0.2508932481831792
0.7517511922255931	0.24824880777440655
0.7508574897237421	0.24914251027625756
0.7536465299026638	0.24635347009733582
0.7561337100074628	0.24386628999253696
0.74950778245018	0.25049221754981965
0.7514722826891811	0.24852771731081863
0.7505612425395578	0.2494387574604418
0.7478719892456214	0.2521280107543783
0.7520934432333667	0.24790655676663298
0.7540076515987608	0.24599234840123885
0.7557654489523439	0.2442345510476558
0.7472767354209628	0.2527232645790368
0.7520571743263922	0.24794282567360754
0.7482434932072267	0.25175650679277295
0.7525058610108961	0.2474941389891036
0.7519338198053698	0.24806618019462995
0.7462807019755793	0.25371929802442034
0.7526160909191377	0.24738390908086189
0.7490815292206064	0.2509184707793932
0.7559716257707543	0.2440283742292454
0.7469899498665827	0.25301005013341693
0.7549752631130398	0.24502473688695986
0.7470577749245575	0.2529422250754421
0.7555478079861178	0.24445219201388196
0.7491763021643183	0.25082369783568137
0.7526652981661358	0.24733470183386386
0.7530484562200308	0.24695154377996892
0.7471250807920686	0.25287491920793104
0.7515940315735962	0.2484059684264035
0.7480621996448358	0.2519378003551639
0.7480521301602056	0.2519478698397941
0.756430029813061	0.2435699701869387
0.7557847129823496	0.2442152870176501
0.7550204975054098	0.24497950249458988
0.7530841835242876	0.2469158164757121
0.7546347634857	0.24536523651429964
0.7498000722917536	0.25019992770824606
0.7512133056070303	0.24878669439296935
0.747118131769398	0.2528818682306017
0.7485413221734187	0.25145867782658093
0.7503373500811107	0.24966264991888898
0.7540298135371681	0.24597018646283153
0.7506890195768932	0.2493109804231065
0.751820450608761	0.24817954939123865
0.7525254319315646	0.24747456806843499
0.7473523322234317	0.25264766777656805
0.7560474237100835	0.24395257628991618
0.7530034112028736	0.2469965887971261
0.7512012120926788	0.24879878790732096
0.7559481897113851	0.24405181028861456
0.7502655880084699	0.24973441199152985
0.7487121348207724	0.2512878651792273
0.7553949331940679	0.2446050668059318
0.7496807808642597	0.25031921913573996
0.7492144209866627	0.250785579013337
0.7464091869936451	0.25359081300635455
0.7544943909218356	0.24550560907816404
0.7499037978325676	0.25009620216743206
0.7544439797128788	0.24555602028712092
0.7545348653439046	0.24546513465609504
0.7499815664974883	0.25001843350251146
0.7470934189132907	0.25290658108670894
0.7561230007727199	0.2438769992272798
0.7468833868546976	0.2531166131453021
0.7487997178228131	0.2512002821771866
0.7493652846001593	0.25063471539984045
0.7523537301421306	0.24764626985786914
0.7538624289534299	0.2461375710465698
0.7469505019470729	0.25304949805292676
0.7520983372894012	0.24790166271059838
0.7551634028433578	0.24483659715664186
0.7471650214443195	0.2528349785556802
