0.7487252162854432	0.2512747837145565
0.7484258824392687	0.25157411756073095
0.7488393411311149	0.25116065886888467
0.7476354843411817	0.252364515658818
0.7478808939098656	0.2521191060901341
0.7477887279975962	0.25221127200240345
0.747993679523305	0.2520063204766947
0.7482804195539661	0.2517195804460336
0.7485852292371221	0.25141477076287755
0.7479856609807894	0.2520143390192102
0.7478229591865586	0.25217704081344106
0.749642050111684	0.2503579498883156
0.7496543079996197	0.2503456920003799
0.7488700169858513	0.25112998301414835
0.747921460869529	0.25207853913047057
0.7500394935587791	0.24996050644122053
0.7478941453709831	0.2521058546290166
0.7491173133268747	0.25088268667312497
0.7478417967798084	0.2521582032201912
0.7499976117622612	0.25000238823773846
0.7476222003901644	0.2523777996098353
0.749765420184966	0.2502345798150338
0.7494560594472691	0.25054394055273055
0.7500891788231435	0.24991082117685615
0.7493224642987106	0.250677535701289
0.7497859069101759	0.2502140930898238
0.7501284756343888	0.2498715243656109
0.7475424369924559	0.2524575630075438
0.7487841131948376	0.251215886805162
0.7484704465104725	0.2515295534895272
0.7478759449434839	0.2521240550565158
0.7482225905022196	0.25177740949778005
0.7487793532681217	0.25122064673187794
0.7485166514883368	0.2514833485116629
0.7481023373793794	0.2518976626206203
0.7493862087527033	0.2506137912472963
0.7477373361809592	0.25226266381904056
0.7481195304937779	0.2518804695062218
0.7488464109066034	0.25115358909339625
0.749525031258486	0.2504749687415137
0.7488480068401054	0.2511519931598942
0.7492072634997492	0.25079273650025047
0.7482550111042784	0.2517449888957213
0.7478541601377697	0.25214583986222994
0.7493599555431386	0.25064004445686106
0.7482765993716333	0.2517234006283664
0.7477718797423644	0.2522281202576353
0.7499825198742822	0.2500174801257175
0.7480375691012957	0.25196243089870396
0.7475629326721769	0.2524370673278228
0.7500375143453231	0.24996248565467666
0.7483467090496733	0.2516532909503264
0.7484232250180333	0.2515767749819664
0.7493795890828815	0.2506204109171182
0.7483602954260995	0.2516397045739002
0.7478762344978207	0.252123765502179
0.7475006652287403	0.2524993347712594
0.7490896526136792	0.2509103473863205
0.7484590070317325	0.25154099296826715
0.7486120542952892	0.25138794570471046
0.7495309794157339	0.2504690205842658
0.7486287837863028	0.25137121621369685
0.7476825781060232	0.2523174218939765
0.7490427182243491	0.25095728177565063
0.7476320370587999	0.2523679629411998
0.7492190996546038	0.2507809003453959
0.7493804326378191	0.25061956736218066
0.7495029171870679	0.2504970828129318
0.7477033570020541	0.2522966429979455
0.747881726091691	0.2521182739083086
0.7488089856085816	0.2511910143914181
0.7498603989658595	0.2501396010341401
0.7484743911815636	0.2515256088184361
0.7492688646389013	0.25073113536109837
0.7479678196250711	0.2520321803749286
0.7494659485163047	0.250534051483695
0.7500080142641528	0.2499919857358469
0.7489230344485227	0.25107696555147696
0.7501446572626713	0.2498553427373283
0.7494504791809327	0.25054952081906706
0.7487970917132661	0.25120290828673353
0.7481585663067524	0.2518414336932473
0.748439662888843	0.2515603371111566
0.7494671938168502	0.2505328061831495
0.7476479890322233	0.2523520109677764
0.7485109196404143	0.2514890803595854
0.7492818205802201	0.2507181794197796
0.7490853004871609	0.2509146995128388
0.7498936785842235	0.25010632141577616
0.747713579324364	0.25228642067563567
0.7495224153615927	0.25047758463840697
0.7498778414458971	0.2501221585541025
0.7497832500358304	0.25021674996416926
0.7492017217385905	0.2507982782614092
0.7476380301077077	0.25236196989229204
0.7486364435032111	0.25136355649678854
0.747461787759534	0.2525382122404657
0.7496962332335297	0.25030376676647
0.7489794995131429	0.2510205004868567
0.7495556069229757	0.25044439307702393
0.7478404609023375	0.25215953909766214
0.7482799576777196	0.25172004232228007
0.7487671858791181	0.2512328141208816
0.749192165832138	0.2508078341678617
0.7489466139467817	0.2510533860532179
0.7499188337258522	0.2500811662741475
0.7494108689246322	0.2505891310753675
0.7479803218841501	0.2520196781158496
0.7481422837099154	0.25185771629008424
0.7478039020360796	0.25219609796392006
0.7477143031748236	0.2522856968251761
0.748117964051787	0.2518820359482127
0.7499252070227149	0.25007479297728474
0.7474875454795985	0.25251245452040116
0.7489323544540806	0.2510676455459191
0.7488081022749088	0.2511918977250909
0.7484406186251421	0.25155938137485756
0.7487610988615566	0.25123890113844305
0.7480996960304322	0.2519003039695674
0.7485389982158708	0.25146100178412895
0.7483719425352593	0.2516280574647404
0.7501166953053313	0.2498833046946684
0.7491987331761502	0.2508012668238495
0.7491950236925995	0.2508049763074002
0.748376868104447	0.25162313189555263
0.748064322094987	0.2519356779050127
0.7482697518925325	0.25173024810746714
0.7482782954480575	0.2517217045519422
0.7481199143447589	0.2518800856552408
0.7486739921565299	0.2513260078434698
0.7491633607118464	0.2508366392881532
0.7478093526864437	0.252190647313556
0.7498708621534728	0.2501291378465269
0.7497850227690758	0.2502149772309239
0.7492396453122714	0.2507603546877282
0.7500555546757026	0.249944445324297
0.7496121863730049	0.2503878136269948
0.7498598731995869	0.25014012680041275
0.7491864080055857	0.250813591994414
0.7476392894226989	0.25236071057730086
0.7499965485338314	0.25000345146616837
0.7499822870327616	0.25001771296723807
0.7475462479182584	0.25245375208174126
0.7497384441463217	0.25026155585367793
0.7487773964419483	0.25122260355805137
0.7499463171524721	0.2500536828475276
0.7476294218732114	0.2523705781267883
0.7474724725258939	0.25252752747410584
0.7498580863757173	0.2501419136242824
0.7475172939249882	0.25248270607501144
0.7487457372098393	0.2512542627901604
0.7478986650787397	0.25210133492125997
0.7487656883966985	0.2512343116033011
0.7489163366768226	0.2510836633231771
0.748120865375455	0.25187913462454475
0.747683173212415	0.2523168267875847
0.7492061329083498	0.25079386709164986
0.7492802263142447	0.25071977368575493
0.7497187897149349	0.2502812102850648
0.7494769578085638	0.2505230421914358
0.7474525923160312	0.25254740768396844
0.7479877971224533	0.2520122028775463
0.7480217420716706	0.25197825792832906
0.7477386866581694	0.2522613133418302
0.7486099938224751	0.2513900061775246
0.7496980533026603	0.25030194669733946
0.7496963487196684	0.2503036512803313
0.7478761029000209	0.2521238970999787
0.7488498225229048	0.25115017747709495
0.7501433507524344	0.24985664924756523
0.7500997238680853	0.2499002761319143
0.7494423704527107	0.25055762954728905
0.7479975841223381	0.2520024158776616
0.750085835994583	0.24991416400541666
0.7489053370811636	0.25109466291883614
0.7481627337191592	0.2518372662808404
0.7495217062512586	0.2504782937487411
0.7486360155284081	0.2513639844715916
0.7499786690813821	0.2500213309186175
0.7477191886911905	0.25228081130880925
0.7480938706663823	0.25190612933361733
0.749068953524036	0.25093104647596365
0.7481385695067533	0.2518614304932464
0.7478512686461823	0.2521487313538173
0.7491337439785826	0.2508662560214171
0.7493374100690127	0.250662589930987
0.7486868932513053	0.25131310674869434
0.7494219584618209	0.2505780415381787
0.7491304869413699	0.2508695130586298
0.7497669909420421	0.25023300905795753
0.7486402359336788	0.25135976406632093
0.7478550057520874	0.2521449942479122
0.7474694160080448	0.2525305839919548
0.7491451250284733	0.25085487497152636
0.7478764660367865	0.2521235339632132
0.7484723252799718	0.2515276747200279
0.7480360956702208	0.2519639043297789
0.7497569798608349	0.2502430201391648
0.748469281792181	0.2515307182078187
0.7492390540788241	0.2507609459211756
0.7482347126982796	0.2517652873017201
0.7478406016383922	0.2521593983616075
0.7496612857331134	0.25033871426688625
0.7490579610042172	0.2509420389957825
0.7481973120889011	0.2518026879110986
0.7479734731034625	0.25202652689653715
0.7489372864887331	0.2510627135112666
0.749529244123669	0.2504707558763308
0.7480730288736958	0.2519269711263039
0.7499558405583292	0.25004415944167047
0.7488843493080636	0.2511156506919361
0.748340274452397	0.25165972554760263
0.7489792199685523	0.2510207800314473
0.7494378060077561	0.25056219399224355
0.7494644227615981	0.25053557723840153
0.7480174678623287	0.25198253213767097
0.7479850082691744	0.2520149917308253
0.7500468654865579	0.2499531345134418
0.7489830972600754	0.2510169027399243
0.7486229941591132	0.25137700584088646
0.7481493953415917	0.2518506046584079
0.7489697266508637	0.25103027334913597
0.748116914714781	0.25188308528521863
0.7475346459832087	0.25246535401679093
0.7489582304992457	0.25104176950075396
0.749605349759535	0.25039465024046464
0.7488962468469975	0.25110375315300215
0.7494408389115549	0.2505591610884448
0.7497577926671948	0.2502422073328049
0.7490209104921552	0.25097908950784437
0.7499707071216903	0.2500292928783093
0.74898727706827	0.25101272293172966
0.7484414763902003	0.25155852360979936
0.7500711193123988	0.24992888068760083
0.7495993332541004	0.2504006667458992
0.7481031545124259	0.2518968454875738
0.7491363200877362	0.25086367991226344
0.749689758070502	0.25031024192949763
0.7496173909648413	0.2503826090351584
0.7498334936599311	0.2501665063400686
0.7493763385298161	0.25062366147018356
0.7496645977619834	0.25033540223801626
0.7494782309470127	0.250521769052987
0.7487409188277918	0.2512590811722078
0.7479976163326771	0.2520023836673225
0.7475916957259762	0.2524083042740235
0.7494473107146891	0.2505526892853106
0.7492702289731894	0.2507297710268103
0.7475342727396184	0.25246572726038125
0.7476784321622589	0.2523215678377408
0.7480417678013094	0.25195823219869024
0.7489761934527794	0.25102380654722023
0.7478310044561305	0.25216899554386923
0.7478680771787789	0.2521319228212207
0.7499428024326881	0.2500571975673116
0.7484732177472446	0.2515267822527551
0.7484441871921785	0.2515558128078211
0.7495692239832445	0.2504307760167551
0.7497775272482069	0.25022247275179277
0.7483158610062244	0.25168413899377523
0.7492574085490084	0.2507425914509913
0.7490110160586418	0.2509889839413579
0.7480846435901053	0.2519153564098944
0.7500838337074116	0.24991616629258806
0.7488677372276533	0.2511322627723464
0.7492121464101962	0.2507878535898035
0.7486400902461327	0.251359909753867
0.7475452921187296	0.2524547078812701
0.7488576260037404	0.25114237399625927
0.7493863518820283	0.2506136481179714
0.7485903525052289	0.2514096474947708
0.749407092116079	0.25059290788392063
0.7479956913481945	0.2520043086518051
0.7487019055176871	0.25129809448231255
0.7495116477590944	0.25048835224090527
0.7488876885262075	0.25111231147379215
0.7496848255729249	0.25031517442707474
0.7496960787584812	0.25030392124151846
0.7492953643972162	0.2507046356027834
0.7492988637829306	0.250701136217069
0.7482344020103022	0.2517655979896974
0.7485593684368465	0.2514406315631532
0.7482121184599371	0.25178788154006254
0.7478937192075749	0.2521062807924248
0.747909983747965	0.2520900162520347
0.7489702532263832	0.25102974677361645
0.7499006799300378	0.25009932006996183
0.7497090876074741	0.2502909123925256
0.7474949938570341	0.25250500614296556
0.7487428303013024	0.25125716969869727
0.7478239510328516	0.25217604896714807
0.7488354900383195	0.25116450996168016
0.7486059938725304	0.2513940061274693
0.7486506228494935	0.2513493771505062
0.7498359627775578	0.25016403722244185
0.748071471692464	0.25192852830753565
0.7493246289758942	0.2506753710241054
0.7495242447250161	0.25047575527498356
0.7491164061690767	0.25088359383092296
0.747556156124183	0.25244384387581664
0.7499116436429984	0.2500883563570012
0.7486899900967308	0.2513100099032689
0.7490127154894788	0.2509872845105209
0.7475756370565163	0.2524243629434833
0.7488777283125843	0.25112227168741547
0.7497627878915474	0.2502372121084523
0.7498439713733414	0.25015602862665837
0.7476279165084548	0.25237208349154483
0.7480300422560899	0.2519699577439097
0.7500607990650245	0.24993920093497518
0.7490226899073013	0.2509773100926984
0.7491107847556914	0.2508892152443083
0.7490102994340541	0.2509897005659456
0.7495663857666859	0.2504336142333138
0.7484068221767876	0.2515931778232121
0.748108273552506	0.2518917264474937
0.7477532940717266	0.252246705928273
0.7499465865415555	0.25005341345844406
0.74931635170824	0.2506836482917597
0.7485611873061047	0.251438812693895
0.7484323619206119	0.2515676380793878
0.7492652744383982	0.2507347255616015
0.7476653699055885	0.25233463009441115
0.7497097830941737	0.2502902169058259
0.7474436678862552	0.2525563321137445
0.7483733027844071	0.25162669721559255
0.7496636628745061	0.2503363371254936
0.7492921447732664	0.2507078552267332
0.7490202511184297	0.25097974888156993
0.7498523002602038	0.25014769973979584
0.7483319952672824	0.2516680047327172
0.7481097712097187	0.251890228790281
0.7479634220053901	0.25203657799460955
0.747647160074514	0.25235283992548563
0.7496312511847705	0.25036874881522914
0.7480486324396305	0.2519513675603692
0.7489843920058566	0.251015607994143
0.7488545576168506	0.251145442383149
0.7479225836169759	0.2520774163830237
0.7498807598526303	0.2501192401473694
0.7488554260637664	0.25114457393623324
0.7477793680427729	0.2522206319572267
0.7485282976216037	0.251471702378396
0.7475887512088322	0.25241124879116744
0.7497803096688725	0.2502196903311271
0.7481911037041609	0.2518088962958388
0.749911474652825	0.2500885253471747
0.748140317020005	0.2518596829799946
0.7475114135735482	0.25248858642645144
0.7476865502631609	0.2523134497368388
0.7478349144529634	0.2521650855470363
0.7488583776234933	0.2511416223765064
0.7492358513397077	0.25076414866029195
0.748607552148333	0.2513924478516667
0.7481509907778907	0.25184900922210895
0.7483129695145012	0.25168703048549845
0.7486908005676309	0.2513091994323688
0.7492537846069129	0.2507462153930867
0.7485255649817448	0.25147443501825484
0.7481521573283848	0.25184784267161486
0.7485002671083453	0.2514997328916544
0.7482440364395019	0.2517559635604978
0.7487734606730229	0.2512265393269768
0.7486244883342382	0.25137551166576144
0.7485230867858885	0.2514769132141112
0.7488563643178691	0.2511436356821306
0.7496657661385902	0.2503342338614095
0.7485701482665486	0.25142985173345106
0.7486946203086808	0.2513053796913188
0.7490575586396406	0.2509424413603591
0.7486878468236633	0.25131215317633643
0.7492925662897496	0.25070743371025
0.7485721797520362	0.25142782024796356
0.7489427748333135	0.25105722516668616
0.7479449277011176	0.25205507229888197
0.7499221691416308	0.2500778308583689
0.7479391063893264	0.2520608936106733
0.7475374079355777	0.25246259206442206
0.7494553480885804	0.2505446519114193
0.7483339673265172	0.2516660326734825
0.7490926604395425	0.2509073395604572
0.748269990847018	0.2517300091529817
0.7495343644081599	0.25046563559183976
0.7493900500512303	0.2506099499487694
0.7480106868703728	0.2519893131296269
0.7474447821791383	0.25255521782086127
0.7487268623211214	0.25127313767887827
0.748869897735076	0.2511301022649237
0.7476663215600478	0.2523336784399519
0.7481617761331119	0.2518382238668878
0.7476767119848172	0.25232328801518245
0.748737972007001	0.2512620279929987
0.7500712506485732	0.24992874935142645
0.7485474626306838	0.25145253736931583
0.749460023848618	0.2505399761513817
0.7477011624776023	0.25229883752239735
0.748076920448231	0.2519230795517686
0.749564519598239	0.25043548040176067
0.7486262154569354	0.2513737845430642
0.7483739968670187	0.251626003132981
0.7478795050479462	0.25212049495205346
0.7494916316055503	0.25050836839444934
0.7498120633451265	0.25018793665487316
0.7489429507614788	0.2510570492385209
0.7487839189458533	0.2512160810541464
0.7494186476669908	0.25058135233300877
0.7500914686098121	0.24990853139018754
0.7494356586683126	0.250564341331687
0.7494632564477164	0.2505367435522833
0.7477709569122984	0.2522290430877012
0.7477805914883526	0.25221940851164704
0.7499192037888415	0.2500807962111582
0.7480511367366108	0.25194886326338883
0.7474630628163125	0.2525369371836872
0.7493927597985375	0.2506072402014622
0.7489943270369229	0.25100567296307674
0.7493896271817831	0.2506103728182165
0.748588892898447	0.2514111071015527
0.7487141502059311	0.25128584979406854
0.7488933060631753	0.2511066939368244
0.7499969931095803	0.2500030068904193
0.7475799629442832	0.2524200370557164
0.7501067975218885	0.24989320247811114
0.7486147188703884	0.2513852811296112
0.7474914847136784	0.2525085152863212
0.7494477758979199	0.2505522241020798
0.7483240798505156	0.25167592014948403
0.747966059804602	0.2520339401953977
0.7477756155397213	0.25222438446027845
0.7491250323322194	0.25087496766778034
0.7500658828736004	0.24993411712639924
0.7488355514640008	0.25116444853599884
0.748612039571128	0.2513879604288717
0.7480535362529815	0.2519464637470181
0.7498601165669545	0.25013988343304516
0.7478108173845736	0.2521891826154261
0.7481093709904382	0.2518906290095615
0.7484088087276777	0.251591191272322
0.7493498922144275	0.2506501077855721
0.7489289213847965	0.25107107861520317
0.7498156438895701	0.25018435611042955
0.748639890851023	0.2513601091489766
0.7485681126647982	0.2514318873352015
0.7495716543677505	0.25042834563224914
0.7482101150858985	0.25178988491410115
0.7483121437747873	0.2516878562252124
0.7496237897463502	0.2503762102536495
0.7487829815554279	0.2512170184445718
0.7474894169478816	0.2525105830521181
0.7484550292191062	0.25154497078089344
0.7474707668963223	0.25252923310367736
0.749645032750715	0.25035496724928463
0.7499417002822227	0.25005829971777693
0.7490274941872194	0.2509725058127803
0.7478581406500757	0.25214185934992395
0.7494559070802055	0.2505440929197942
0.7497061163501065	0.25029388364989313
0.7480360006007891	0.2519639993992106
0.7480244637360863	0.25197553626391334
0.7477728377480435	0.25222716225195624
0.7483364610576436	0.25166353894235605
0.7487412798218476	0.2512587201781521
0.7498001364542062	0.2501998635457935
0.7482330247548274	0.2517669752451722
0.7482952093487619	0.25170479065123774
0.7480457577549646	0.2519542422450351
0.748752375168048	0.2512476248319517
0.7495918934594672	0.25040810654053247
0.7486602815879018	0.2513397184120979
0.7501444601875914	0.24985553981240827
0.7485764258789392	0.2514235741210604
0.7497359556719738	0.25026404432802585
0.7497348552725052	0.25026514472749445
0.7474755984223269	0.2525244015776727
0.7487517867685249	0.25124821323147467
0.7497172646791087	0.25028273532089096
0.7491205895884699	0.2508794104115297
0.7489164231352999	0.25108357686469973
0.7477061918833924	0.2522938081166073
0.74891152617765	0.25108847382234967
0.7490861182226558	0.2509138817773439
0.7484962660515027	0.25150373394849707
0.7484516594157478	0.25154834058425185
0.7479448516507115	0.2520551483492882
0.7489171024274724	0.2510828975725272
0.7496513253053342	0.2503486746946655
0.7483070810354824	0.2516929189645173
0.7489289494521563	0.25107105054784334
0.7484752311969616	0.2515247688030381
0.7484539054888377	0.25154609451116194
0.7494371211637905	0.2505628788362092
0.7479748027306211	0.25202519726937855
0.7499292265411148	0.2500707734588848
0.748600684156454	0.2513993158435457
0.7496478645971649	0.2503521354028348
0.7495339732999049	0.2504660267000947
0.7482254893869301	0.25177451061306955
0.7481650774428745	0.2518349225571252
0.7495405412270435	0.25045945877295617
0.7477714344403933	0.2522285655596064
0.7487595103864446	0.251240489613555
0.7475380034979389	0.2524619965020608
0.7491406826222635	0.25085931737773615
0.7485828204132688	0.2514171795867308
0.7488531406941332	0.25114685930586644
0.7500616936193276	0.24993830638067205
0.7485982739733175	0.2514017260266822
0.748032584435719	0.25196741556428065
0.7475397519106519	0.25246024808934775
0.7495757768955964	0.25042422310440327
0.7492632210893855	0.2507367789106142
0.7476299658414199	0.2523700341585797
0.7480495842543302	0.2519504157456694
0.74892944878954	0.2510705512104596
0.7479747446215977	0.2520252553784019
0.7484422163602654	0.25155778363973424
0.7475683037931818	0.2524316962068178
0.7474887429988669	0.25251125700113275
0.7479147017895045	0.2520852982104952
0.7485323843283633	0.2514676156716364
0.7497646219898778	0.25023537801012186
0.7492977534597435	0.2507022465402562
0.7483691011240976	0.2516308988759021
0.7490764004480174	0.2509235995519823
0.7481069411043317	0.25189305889566793
0.7480705347733064	0.25192946522669324
0.7495123565540198	0.2504876434459799
0.7479937763830863	0.2520062236169134
0.7475012749524911	0.2524987250475086
0.749417555394176	0.2505824446058237
0.7478767628130556	0.25212323718694407
0.7492670257040034	0.2507329742959963
0.7487906184371557	0.251209381562844
0.7498493011869168	0.25015069881308283
0.749784644725509	0.2502153552744907
0.7480312031402325	0.25196879685976714
0.7498711941077137	0.2501288058922859
0.7490919000222882	0.25090809997771146
0.7495098430906918	0.25049015690930787
0.7482615332045527	0.251738466795447
0.7476829077043003	0.2523170922956993
0.7477169227255047	0.25228307727449495
0.7483756254701429	0.25162437452985675
0.7500627044547901	0.24993729554520966
0.7499516176651021	0.25004838233489757
0.7495055818284752	0.2504944181715245
0.7483882979613701	0.25161170203862954
0.7499409124415463	0.2500590875584534
0.7492945323570173	0.2507054676429824
0.747748109991581	0.25225189000841863
0.7478474884671141	0.25215251153288554
0.7476718861738099	0.2523281138261898
0.7479151253680576	0.25208487463194207
0.7486824318999242	0.25131756810007544
0.7496591405694631	0.2503408594305365
0.7499883850717788	0.2500116149282209
0.747633707025639	0.25236629297436064
0.7477973806006761	0.25220261939932354
0.7483101549861035	0.2516898450138961
0.7481528654360564	0.25184713456394325
0.7486404904010799	0.2513595095989198
0.7497462958513368	0.25025370414866294
0.7488544531691202	0.2511455468308794
0.7480083584906089	0.2519916415093908
0.7500084188235205	0.24999158117647913
0.7478670528962983	0.25213294710370143
0.747521736718443	0.25247826328155665
0.7490181894470691	0.25098181055293056
0.7493375959238754	0.2506624040761243
0.7482166971745604	0.25178330282543926
0.7500798317418333	0.24992016825816638
0.7474903159501989	0.2525096840498008
0.748713451111225	0.2512865488887747
0.7474838813296176	0.2525161186703821
0.7491896336825866	0.25081036631741305
0.7485936472916296	0.2514063527083701
0.7484959526308597	0.25150404736914
0.7498347679706575	0.25016523202934215
0.7479536216440378	0.2520463783559619
0.7490613896419422	0.25093861035805737
0.7489811283382082	0.2510188716617915
0.7491940115384322	0.25080598846156743
0.7477014114085928	0.25229858859140686
0.7474982583405804	0.2525017416594193
0.7487852243001294	0.2512147756998702
0.7488425039533749	0.25115749604662474
0.747870350507234	0.2521296494927656
0.7494859765933484	0.25051402340665124
0.7485480486103224	0.25145195138967724
0.7487111041574211	0.2512888958425785
0.7499833250778318	0.25001667492216784
0.7492575023948218	0.2507424976051778
0.7495057096310257	0.25049429036897397
0.7477980054473488	0.2522019945526509
0.7497311087769309	0.2502688912230687
0.7485229516769862	0.25147704832301343
0.7495764516514508	0.25042354834854885
0.7501007149120997	0.2498992850879
0.74959046423483	0.25040953576516967
0.749547406702782	0.2504525932972177
0.7496923400143142	0.2503076599856855
0.7478087852104621	0.25219121478953754
0.749484578718531	0.25051542128146864
0.7487572058746707	0.251242794125329
0.748564728290015	0.2514352717099847
0.7487194956105538	0.2512805043894458
0.7491821769207786	0.25081782307922107
0.748496057800976	0.2515039421990237
0.7487789363114103	0.2512210636885894
0.7487104219899996	0.2512895780100001
0.7492129388003423	0.25078706119965727
0.7482446091874687	0.25175539081253095
0.7492004893407891	0.2507995106592106
0.747974771799997	0.2520252282000026
0.7498358916937097	0.25016410830629
0.747444322077641	0.2525556779223587
0.749748745768463	0.2502512542315367
0.747774046344192	0.2522259536558077
0.7485490881387279	0.2514509118612718
0.7493150524234089	0.2506849475765907
0.7494731049704791	0.2505268950295205
0.7488589329269086	0.2511410670730911
0.7483614960959105	0.25163850390408915
0.7483188834836726	0.2516811165163271
0.7474569714459715	0.2525430285540282
0.7495205383087395	0.2504794616912601
0.7499469400696991	0.2500530599303006
0.7496267601228379	0.25037323987716176
0.7499286527178418	0.25007134728215785
0.7498690019061058	0.2501309980938939
0.7487789778497715	0.2512210221502282
0.7477232123107821	0.2522767876892176
0.7474499666272614	0.2525500333727383
0.7474615030816071	0.2525384969183926
0.7491847396285967	0.250815260371403
0.7486028080040509	0.2513971919959488
0.7491592160135994	0.2508407839864003
0.7494492444761449	0.25055075552385475
0.7484366968176919	0.2515633031823078
0.7494014076974208	0.25059859230257886
0.7490583557528623	0.25094164424713733
0.7481165473851652	0.2518834526148345
0.7490866215096034	0.2509133784903963
0.7475547902529023	0.25244520974709744
0.748094042842432	0.2519059571575677
0.749959725677346	0.2500402743226536
0.7491217743388768	0.25087822566112283
0.7480111603584769	0.2519888396415227
0.7479864969128417	0.252013503087158
0.749321400552021	0.2506785994479787
0.7479752722213291	0.2520247277786706
0.7474718734193747	0.25252812658062496
0.7490142433006769	0.25098575669932277
0.7496920793188603	0.2503079206811394
0.7493075974905092	0.25069240250949043
0.7490813072379731	0.2509186927620266
0.7496923686599357	0.25030763134006395
0.7489699608454397	0.25103003915456007
0.7475522576152732	0.25244774238472645
0.74921496937627	0.2507850306237297
0.7491339254203602	0.2508660745796395
0.7489084456383632	0.2510915543616364
0.7497677718869071	0.25023222811309254
0.7490938010714228	0.2509061989285769
0.7483893039525912	0.2516106960474085
0.7476758178948186	0.2523241821051811
0.7489826039215832	0.25101739607841644
0.7499238380223939	0.25007616197760574
0.7482858139359083	0.2517141860640913
0.7492612260457107	0.250738773954289
0.7487591781032906	0.25124082189670904
0.7475495925484156	0.2524504074515841
0.7489396054023064	0.25106039459769325
0.7476355034007651	0.25236449659923454
0.7485994707171146	0.25140052928288503
0.7484430041674421	0.2515569958325576
0.7478084832407383	0.25219151675926127
0.750104408860067	0.24989559113993265
0.7497401279056314	0.2502598720943683
0.7491540233474996	0.2508459766525
0.7474697930077224	0.25253020699227724
0.747581346831807	0.2524186531681927
0.7498276455725156	0.2501723544274841
0.7488853195511418	0.2511146804488579
0.7477481182018292	0.2522518817981705
0.7490183241677222	0.25098167583227754
0.7478859180418175	0.2521140819581822
0.7481720165327644	0.25182798346723523
0.7485833103715335	0.2514166896284662
0.748958249564273	0.25104175043572663
0.7487598089295331	0.2512401910704666
0.7495260891754296	0.25047391082457005
0.7483633366892328	0.25163666331076684
0.7489746864445478	0.2510253135554519
0.748700374504703	0.2512996254952967
0.7487078755563921	0.25129212444360766
0.7486973114273334	0.25130268857266624
0.748075261556444	0.2519247384435557
0.7501095156745392	0.24989048432546046
0.7501023384829004	0.24989766151709925
0.7476920641823621	0.25230793581763755
0.7483016029325779	0.2516983970674218
0.7490985197497151	0.2509014802502846
0.7501058206263709	0.24989417937362873
0.7494200023419573	0.2505799976580424
0.74912649128005	0.2508735087199496
0.7500295956837884	0.24997040431621137
0.7485868570672174	0.25141314293278233
0.7489750044296081	0.2510249955703916
0.7494993681298053	0.25050063187019433
0.7492005739895182	0.25079942601048144
0.7498838665824059	0.25011613341759376
0.7483943003607199	0.25160569963927976
0.7499709300185555	0.25002906998144414
0.7493104893890291	0.25068951061097056
0.748376094562508	0.25162390543749164
0.7482212568682216	0.25177874313177806
0.748748522915994	0.25125147708400564
0.7487407445195082	0.2512592554804914
0.7486730168405249	0.25132698315947477
0.7493631464988348	0.2506368535011649
0.7474585166862592	0.2525414833137405
0.7478796533657616	0.2521203466342381
0.7497917066864982	0.2502082933135015
0.7484931470606475	0.2515068529393521
0.7476725477435925	0.2523274522564072
0.7496334701824157	0.25036652981758395
0.7490747267811858	0.25092527321881386
0.7489767737154277	0.25102322628457197
0.7500363916183801	0.24996360838161963
0.7483238760007767	0.25167612399922296
0.7477058987736067	0.25229410122639295
0.7500095815545926	0.24999041844540698
0.749096104441198	0.25090389555880166
0.7499473754399653	0.2500526245600344
0.7495364581006988	0.25046354189930087
0.7493305114706555	0.2506694885293441
0.7490848900821541	0.25091510991784566
0.7483074745658568	0.2516925254341429
0.7486675712985037	0.25133242870149597
0.7490647768613193	0.25093522313868033
0.7481678636027238	0.2518321363972759
0.7490079798061811	0.2509920201938186
0.7487413809020637	0.251258619097936
0.7482164524260416	0.25178354757395804
0.7497218767669083	0.2502781232330914
0.7486843074271753	0.2513156925728244
0.7475840594203513	0.2524159405796483
0.7493514066472081	0.25064859335279155
0.7494666172016963	0.2505333827983034
0.7491878493568083	0.2508121506431914
0.7485693754684513	0.2514306245315484
0.7499182160718609	0.25008178392813873
0.7493752945676443	0.2506247054323554
0.7500338895618313	0.2499661104381684
0.7477660292393883	0.2522339707606114
0.7488030843459288	0.2511969156540708
0.7490266201880955	0.25097337981190415
0.7501337686982503	0.2498662313017494
0.7475291655220254	0.25247083447797425
0.747873633519742	0.25212636648025766
0.7491032244506737	0.25089677554932593
0.7495548434112175	0.2504451565887822
0.7496993755709234	0.2503006244290763
0.7495301455500976	0.25046985444990216
0.7486379511682648	0.25136204883173485
0.7492052218379289	0.25079477816207074
0.7474854153923387	0.2525145846076609
0.7489717760717279	0.25102822392827173
0.7486059748999219	0.25139402510007774
0.7496410554027657	0.25035894459723396
0.74834625022204	0.2516537497779596
0.7497271024404053	0.25027289755959437
0.7495233154190812	0.25047668458091843
0.7481856603297081	0.25181433967029154
0.748418285162465	0.25158171483753466
0.7484313824369091	0.2515686175630906
0.7476961266783134	0.25230387332168625
0.7490679576956404	0.2509320423043593
0.7478739148816212	0.2521260851183784
0.7482709499854675	0.25172905001453216
0.7479444224605083	0.2520555775394914
0.7483356444080217	0.251664355591978
0.7486127827724585	0.2513872172275412
0.7482400088973991	0.25175999110260067
0.7485284003030308	0.2514715996969689
0.7491150595759302	0.25088494042406956
0.7484898048755914	0.2515101951244083
0.7489846798635567	0.25101532013644295
0.7501165920926787	0.24988340790732105
0.7476323246852326	0.25236767531476706
0.748097074044827	0.2519029259551728
0.7493470812963876	0.25065291870361206
0.7495479818868999	0.2504520181130998
0.7488801179343486	0.25111988206565106
0.7497240460807315	0.25027595391926816
0.7489366244247952	0.2510633755752044
0.7497067711380415	0.25029322886195815
0.7485343587773403	0.25146564122265935
0.7498246577840629	0.25017534221593674
0.7491366533007991	0.2508633466992005
0.7484139893789381	0.25158601062106156
0.7497899182928187	0.250210081707181
0.749623751069475	0.2503762489305246
0.7495798405728322	0.25042015942716744
0.7486264841775394	0.25137351582246026
0.747920696233002	0.2520793037669977
0.748710065193045	0.25128993480695466
0.74778135952315	0.2522186404768497
0.7499010831806143	0.2500989168193854
0.7476703928576922	0.25232960714230745
0.7497553817769855	0.2502446182230141
0.7491503443233491	0.2508496556766505
0.7489169815388621	0.2510830184611375
0.7501045346487007	0.24989546535129892
0.7488133447969605	0.2511866552030392
0.7483260340296204	0.2516739659703793
0.7488951647422748	0.2511048352577249
0.7498878640210742	0.2501121359789254
0.7475306474654235	0.2524693525345761
0.7481040861678775	0.2518959138321222
0.7492210885916613	0.2507789114083384
0.749414844913518	0.2505851550864817
0.7490595161167797	0.25094048388322
0.7494365696391145	0.25056343036088513
0.7480224186671345	0.25197758133286513
0.7491976773638757	0.250802322636124
0.7475214932025045	0.2524785067974952
0.7493540887801301	0.25064591121986957
0.7474967022284096	0.2525032977715901
0.7488100510073599	0.2511899489926398
0.7486714293810494	0.2513285706189503
0.7477868542493924	0.25221314575060727
0.747537929157726	0.2524620708422737
0.7494272248583045	0.2505727751416951
0.7496493434387337	0.250350656561266
0.7487621652462749	0.25123783475372474
0.7480531508128876	0.2519468491871121
0.7481390948258573	0.2518609051741424
0.7486767891679316	0.2513232108320681
0.749848280299414	0.2501517197005857
0.7481166228217384	0.2518833771782612
0.7488214640105142	0.2511785359894855
0.7495798842289157	0.2504201157710839
0.7484555359495467	0.25154446405045294
0.7497517224323421	0.25024827756765755
0.747846024138486	0.25215397586151367
0.749622837612141	0.2503771623878586
0.7488112452464879	0.25118875475351177
0.7493904180815603	0.2506095819184394
0.7489879778123634	0.2510120221876363
0.7481351114847579	0.25186488851524175
0.7481306754284568	0.2518693245715429
0.7489448309286733	0.25105516907132636
0.7485658736028775	0.25143412639712215
0.747647466735055	0.25235253326494467
0.7481233425163233	0.2518766574836764
0.7482138426576189	0.25178615734238075
0.7481279978325479	0.2518720021674517
0.7487074480319347	0.251292551968065
0.7491051785254033	0.2508948214745964
0.7488835798101883	0.2511164201898114
0.7490740510308812	0.25092594896911846
0.747446411302473	0.2525535886975267
0.749210117497717	0.2507898825022826
0.7484593682460644	0.25154063175393526
0.7495998864600342	0.2504001135399655
0.7482961440885734	0.2517038559114263
0.7495489688530477	0.250451031146952
0.7487918503082172	0.2512081496917825
0.7499593546380817	0.25004064536191795
0.7483791406628039	0.2516208593371958
0.7500203501372675	0.24997964986273213
0.7490886752220867	0.250911324777913
0.7488981918515087	0.2511018081484909
0.7496088643315313	0.25039113566846843
0.7490442557098166	0.2509557442901831
0.7486360317507504	0.2513639682492492
0.7480777806518596	0.2519222193481401
0.7477340845743559	0.2522659154256438
0.7495657996458847	0.25043420035411496
0.7501011094878783	0.24989889051212133
0.7487683931248503	0.2512316068751493
0.7485370570409328	0.2514629429590669
0.7493505397799831	0.25064946022001655
0.7476934367746096	0.25230656322539
0.7489907507712624	0.25100924922873724
0.7498822477539373	0.25011775224606236
0.7494503442499191	0.2505496557500806
0.7486506474725119	0.2513493525274878
0.7487500504436856	0.2512499495563141
0.7478573500071757	0.25214264999282404
0.748171823171027	0.2518281768289726
0.747564638705264	0.25243536129473565
0.7488468391379075	0.25115316086209216
0.74854571673916	0.2514542832608396
0.7488765027220378	0.2511234972779619
0.7490280956600747	0.250971904339925
0.7497110288642945	0.25028897113570514
0.7499949726984494	0.2500050273015503
0.7486974017504097	0.25130259824959
0.7476048771837156	0.25239512281628407
0.7493686752462801	0.2506313247537195
0.7476122573401413	0.2523877426598584
0.7486071412473514	0.2513928587526483
0.747702479864144	0.2522975201358557
0.7482751310868659	0.2517248689131337
0.7499252786179166	0.2500747213820831
0.7485604977131517	0.25143950228684797
0.7499719522958321	0.2500280477041675
0.7484036761875736	0.2515963238124261
0.7482359153305544	0.2517640846694452
0.7496150981984884	0.25038490180151135
0.7496833886738132	0.25031661132618643
0.7476874595527884	0.2523125404472113
0.7496476242808674	0.25035237571913227
0.7478792025050961	0.25212079749490357
0.7487208002481274	0.25127919975187235
0.7499758498264385	0.25002415017356117
0.7491121262079506	0.250887873792049
0.7477322846370594	0.25226771536294024
0.7476609684656359	0.25233903153436377
0.7483418519843895	0.25165814801561015
0.7479122339938575	0.25208776600614213
0.7475054618962922	0.2524945381037075
0.7484413290396938	0.2515586709603058
0.7480826100440733	0.2519173899559264
0.7499628681630375	0.25003713183696225
0.749893558663367	0.2501064413366326
0.7479503275003471	0.2520496724996526
0.748783551533863	0.2512164484661367
0.7485124276370985	0.25148757236290126
0.7491610363921105	0.25083896360788915
0.7476494424317942	0.25235055756820546
0.7482883182788977	0.251711681721102
0.7489289250570023	0.2510710749429974
0.7499255837377786	0.25007441626222104
0.7493432555736197	0.25065674442638
0.7494151662261885	0.25058483377381113
0.7493878668742137	0.250612133125786
0.749505227731655	0.25049477226834466
0.7494658247494632	0.25053417525053645
0.7497815346326231	0.2502184653673766
0.749392488230649	0.2506075117693507
0.7485292260650986	0.25147077393490097
0.747956493405848	0.25204350659415165
0.7501381920755923	0.24986180792440732
0.7494949397619407	0.25050506023805896
0.7488354042360469	0.2511645957639528
0.7476827762383034	0.2523172237616963
0.7493936225973942	0.2506063774026055
0.7500961747594332	0.24990382524056637
0.7497335206267952	0.2502664793732044
0.749946558255449	0.2500534417445507
0.7500775892303675	0.24992241076963223
0.7492291383000905	0.25077086169990914
0.7476103882896776	0.25238961171032204
0.7498213452613532	0.2501786547386464
0.7497486774186068	0.2502513225813929
0.7490260104578852	0.2509739895421145
0.7474921286192616	0.25250787138073805
0.748052392502516	0.2519476074974837
0.7480557932205658	0.2519442067794339
0.7480976208239748	0.25190237917602487
0.7494800490588928	0.2505199509411069
0.7493642694773924	0.25063573052260724
0.7490667996668812	0.25093320033311844
0.7492890583877072	0.2507109416122925
0.7493896065164267	0.25061039348357295
0.7483051699963457	0.251694830003654
0.7477903763508312	0.25220962364916844
0.7488298928961062	0.2511701071038934
0.7498104919926509	0.2501895080073488
0.7485099318523226	0.25149006814767705
0.7479751418011651	0.2520248581988346
0.7474355116691288	0.25256448833087086
0.7489975888483866	0.251002411151613
0.7495480724483339	0.2504519275516658
0.7477164789067148	0.2522835210932849
0.7485502229621439	0.25144977703785576
0.7487967355497323	0.25120326445026747
0.7479427789551459	0.25205722104485373
0.7480012418008694	0.2519987581991303
0.749092545067258	0.2509074549327417
0.7489332710667098	0.25106672893328985
0.7478270729029344	0.2521729270970653
0.7477962060053458	0.2522037939946539
0.7489039396721727	0.25109606032782694
0.7486397227096078	0.2513602772903919
0.7478501814343967	0.2521498185656029
0.7481292208487663	0.25187077915123335
0.7479235189136146	0.25207648108638503
0.7498723699907937	0.250127630009206
0.7495856876660714	0.25041431233392825
0.7484279656710409	0.2515720343289588
0.7493630173262782	0.2506369826737215
0.7489947480295415	0.2510052519704582
0.7484969625921851	0.25150303740781454
0.7493568344154107	0.250643165584589
0.7478376193077402	0.2521623806922595
