0.1818761958711378	0.09085745641246794	0.09093721744209624	0.27274665199235104	0.3635824782819468
0.18198517644428097	0.09081860200309218	0.09089888577819871	0.27265540525255955	0.36364193052186844
0.18186991236076744	0.09091656855557964	0.09091349017576225	0.2727188172593318	0.3635812116485587
0.18180724138183751	0.09089162488053024	0.0908705549492305	0.2727799648479236	0.36365061394047793
0.1819619336251317	0.09080403785494776	0.09088146167291632	0.2727138545605601	0.36363871228644395
0.18199483695709745	0.0907687422671208	0.09088196778918411	0.2727044311608505	0.3636500218257469
0.18175499568500916	0.09099760551671068	0.09090168083111494	0.27264091966876847	0.3637047982983965
0.18183399912105305	0.09095202593249342	0.09090130324089303	0.2728040086169816	0.3635086630885787
0.18205031893831097	0.09080616519315055	0.09087578653942634	0.27275118077249677	0.36351654855661514
0.18179844310779877	0.09092418621533992	0.09088807082685517	0.27277881986920416	0.3636104799808017
0.18204563728049186	0.09078342845434373	0.09092426434679253	0.27268792241667156	0.36355874750170014
0.18197265857769404	0.09080254873315743	0.09092455920307792	0.27276154773398364	0.3635386857520868
0.18187508249096185	0.09088141490405928	0.09093790281944264	0.2727793407403382	0.3635262590451978
0.18175608551400788	0.09100169244108766	0.09086468794153099	0.272667309727059	0.3637102243763143
0.18184591527961624	0.09090533889368893	0.09092276570633048	0.27277148628441467	0.3635544938359495
0.18200255402758236	0.09070192543298936	0.09091392969156291	0.27263628279837376	0.3637453080494914
0.1818249966582191	0.09098672242358259	0.09088844811730047	0.27265392911539965	0.36364590368549793
0.18178013129174056	0.09088913300336574	0.0909039526043341	0.2727730283474493	0.36365375475311007
0.18176590100729798	0.09087450126759636	0.09088233800579704	0.2728062383679008	0.3636710213514076
0.18204666039454348	0.09084558021476899	0.09089964225603235	0.2726452434744293	0.36356287366022566
0.18181510088924402	0.09079932808210989	0.09088104841816481	0.27276667364613083	0.3637378489643502
0.18189512156515006	0.09083570126483859	0.09092308945522287	0.2726879939395671	0.3636580937752212
0.18200916538098574	0.09073538641000228	0.0909273962862023	0.27272249133400506	0.36360556058880444
0.18185165465722647	0.09078194319089226	0.09093749460445973	0.27279777178421977	0.3636311357632015
0.18175718531160687	0.09087881073957903	0.09088928437101128	0.2727759864348517	0.363698733142951
0.181751809391011	0.09091766716335661	0.09093942192156904	0.27272663568482153	0.3636644658392416
0.18175968139922377	0.09074954675496548	0.09092935080009616	0.2728143263491422	0.3637470946965722
0.18187910584145311	0.09077003201070166	0.09090148225479702	0.27278031737697905	0.36366906251606895
0.1819472344737314	0.09076655273362765	0.09093584866088959	0.2726714290085299	0.36367893512322125
0.18190285311425056	0.0908167007317493	0.09090819946688851	0.2726737583022057	0.3636984883849057
0.18188900529442453	0.09098292011517006	0.0909057943818593	0.2727105148676661	0.36351176534087976
0.18198985378817753	0.09077688594000742	0.09087946335519265	0.27275816321190244	0.36359563370471976
0.1818699349951168	0.09083953574504598	0.09092193286640313	0.27266728336093793	0.3637013130324959
0.1817538393997387	0.09080646982232131	0.09094033426017979	0.27278547751861426	0.36371387899914576
0.18196685397083026	0.09075014044220407	0.0908718692184434	0.27279752846352906	0.363613607904993
0.18189084912190462	0.09089760276854594	0.09088922775156622	0.2726925355659355	0.36362978479204755
0.18184646279428576	0.09092132832211497	0.09092814746321662	0.2726928494585251	0.3636112119618573
0.18195506060949992	0.09077381998428374	0.09091612972781461	0.2726424567573137	0.3637125329210878
0.18190260216344636	0.09087829032951589	0.09087942858702802	0.27276067375994334	0.36357900516006614
0.18190022761002478	0.09103062053754811	0.09086551327954416	0.2726843284453218	0.363519310127561
0.18182574332500068	0.09086968653369107	0.0909430736948558	0.27273966231522684	0.3636218341312254
0.18183617654380024	0.09085619095452037	0.09088754847339525	0.2727106141472392	0.3637094698810448
0.18176700854757802	0.09092554727798761	0.09092049595381844	0.27267144589735526	0.3637155023232605
0.18191073479613373	0.09080718109627792	0.09094263096652634	0.27278721319892546	0.3635522399421363
0.18193432486995104	0.09077326337071258	0.09087729504644854	0.27281259054901286	0.3636025261638748
0.18178562053632166	0.09097509148165679	0.09091292833387117	0.2726718997963059	0.3636544598518443
0.1818243400864913	0.09093870399929746	0.09091076010892854	0.2726755695274848	0.3636506262777977
0.18176764628906233	0.09100296201407969	0.09093268896818921	0.2727523255812735	0.36354437714739507
0.1817461544268945	0.09101408582893308	0.09087717838100812	0.27279444216842474	0.3635681391947393
0.18186867039188814	0.09082453871168761	0.09092563434992235	0.2726865209566462	0.3636946355898555
0.1818074334642135	0.09093363328358084	0.09094068060769078	0.2726786125616876	0.36363964008282706
0.1819122871252718	0.09075482793793846	0.0908650064098524	0.27277480347289346	0.3636930750540437
0.18184542757349711	0.09081108808886917	0.09092224392325976	0.27280565973825255	0.3636155806761212
0.18183609508676601	0.09081601318143678	0.09092819358027508	0.2727166170107196	0.36370308114080235
0.1818343047419047	0.09088659563659071	0.09088283821086125	0.27271454681082713	0.363681714599816
0.1817964222915172	0.09085242866518173	0.09093066375461803	0.2728084052848132	0.36361208000386963
0.18187730019126377	0.09077066399352741	0.09094521120400499	0.27270562053320724	0.3637012040779964
0.18178579452095317	0.0908766168031335	0.09090134079270927	0.2728036972308122	0.36363255065239164
0.1820024296999294	0.0908580001069255	0.09088880962377718	0.27271355775407896	0.3635372028152888
0.18199508877328247	0.09082314707717032	0.09090427054261192	0.2727000777934911	0.363577415813444
0.1818966841558313	0.09086642332026493	0.09086830183660537	0.27273648379652043	0.36363210689077774
0.1818541354675698	0.09102394587146835	0.0909197393059404	0.27265280146175735	0.3635493778932639
0.18195369395358701	0.09083558994067395	0.09093559401532295	0.27271277432305785	0.363562347767358
0.1817709750935423	0.09092585389842349	0.09087125263769098	0.2727279097552913	0.3637040086150517
0.18184536151001962	0.0909934369671453	0.09093564066696111	0.2727082085449978	0.363517352310876
0.18185301178233318	0.09098745336188849	0.09086959682225132	0.27276498552203987	0.3635249525114869
0.18199861190907712	0.09073606721560462	0.09092573570176185	0.27276281831085075	0.36357676686270546
0.18191982128947123	0.09084896142602082	0.09094017012526631	0.27263580744732263	0.36365523971191877
0.18180237279680972	0.09091616889126121	0.09087565420993346	0.2728050934537634	0.363600710648232
0.1818710745191661	0.09072225115710186	0.09092699140733367	0.2728133918896171	0.36366629102678105
0.18176987638807982	0.09100514141171766	0.09088009194492136	0.27276486946820744	0.36358002078707347
0.1819182188864225	0.0909175369463999	0.09091751181700852	0.27267940805954516	0.36356732429062366
0.18190273693689105	0.09081407365141911	0.09092273627716016	0.27269705256338106	0.36366340057114843
0.18187870210749305	0.09098056598441501	0.09092630916485497	0.2726552348979009	0.3635591878453359
0.18187730435604307	0.09086301635939757	0.0909352698654184	0.27272901995308785	0.36359538946605285
0.18194135465219166	0.09090828220522842	0.09088212748784644	0.27266264238726623	0.36360559326746705
0.18182680269097218	0.09073952999619093	0.09092646613694973	0.27278384633967734	0.3637233548362096
0.18199681018746067	0.09083818807331731	0.0909380391109427	0.2726942874205195	0.3635326752077596
0.1819100049584239	0.09082621496100773	0.09088388875047551	0.2727840051172631	0.36359588621282957
0.18190594339201052	0.09089901336626716	0.09090169623746869	0.2727497764246824	0.36354357057957104
0.18192799994947373	0.0907547439586658	0.09093537679485668	0.2727069201472907	0.3636749591497129
0.18193179497284317	0.09067998362059035	0.09087492000508585	0.27277988068988035	0.3637334207116001
0.18201808315773282	0.09087372717816515	0.0908716814423768	0.2727091362204922	0.36352737200123275
0.18174522403756616	0.09098134189494425	0.09093327756248284	0.27274514279635964	0.36359501370864694
0.1818970650085727	0.09092167825261607	0.09086900130361178	0.27278945985210923	0.36352279558309
0.18193147733714846	0.0907382843507254	0.09091240784624405	0.2727418752271142	0.3636759552387677
0.18185770120516884	0.09068709586375756	0.09089564274267223	0.27281613939653043	0.3637434207918708
0.18191442132115238	0.09074244941786008	0.0909148406571067	0.27271936068102337	0.36370892792285725
0.18198846369604912	0.09071443670186666	0.09093965589134528	0.2726813988403586	0.3636760448703801
0.1818031009942657	0.09089446718795352	0.09093143705890533	0.2727262538197618	0.3636447409391134
0.1819247921678647	0.09078481835726412	0.09088259056031603	0.2727731694662584	0.3636346294482965
0.18180314932756458	0.0909548660322313	0.09093329178147982	0.2726970377023463	0.3636116551563778
0.18191923585136432	0.09084455044972456	0.09090613070618705	0.27279536119986314	0.3635347217928607
0.18204054119560228	0.09075798573304494	0.09089124323605718	0.27264900004046805	0.3636612297948273
0.18184771785512074	0.09076465318568534	0.0908849279287898	0.272758784556121	0.36374391647428295
0.1818135478869532	0.09083637579135787	0.09087060016341228	0.27278777323035475	0.3636917029279217
0.1819890881027497	0.09081587653313591	0.09091403661193426	0.2727062868458574	0.36357471190632257
0.18196960447564392	0.0908542452899308	0.090876421445984	0.2727611871206095	0.3635385416678316
0.1820068035062073	0.09071641903196509	0.09088571466570854	0.2727415862300542	0.3636494765660647
0.1817989448463383	0.09101814332508833	0.09086873488127281	0.27270865637019504	0.3636055205771053
0.18191749049334247	0.09087450480812581	0.09093561246062976	0.27273642743806126	0.3635359647998405
0.18192560155262505	0.09078786106834254	0.09091126005725082	0.2727567332130564	0.363618544108725
0.18175620774623719	0.09090195373368133	0.09094333611451585	0.27270773360790157	0.3636907687976638
0.18181898964882465	0.09085520584476674	0.09091593438642694	0.27280538698352486	0.36360448313645666
0.18179907497656564	0.09094098504525039	0.09088803701024081	0.27267365267641863	0.36369825029152436
0.18185395426451775	0.09097005957193839	0.09089300111142894	0.27263476712384704	0.3636482179282676
0.18190741319391668	0.0909041307160889	0.09089521664358247	0.272735288694722	0.36355795075168973
0.18193032527096467	0.09072310728139032	0.09090244109937963	0.2727056836074456	0.36373844274081957
0.1817413472891166	0.09101285889955285	0.09090767237056396	0.27278926202278475	0.36354885941798165
0.18190993085419438	0.09068257668790888	0.09092472798727823	0.2727443190351597	0.3637384454354586
0.18197578072527865	0.09081086955714546	0.09091707032226995	0.2727245918952	0.3635716875001057
0.1818810404892457	0.090875797271845	0.09093434303278378	0.27278977121657005	0.36351904798955526
0.18178692285885956	0.09085497201724434	0.09093563935835212	0.27272609284144034	0.3636963729241035
0.18200161740634763	0.09078575100746272	0.0908887950397408	0.27272579979657074	0.36359803674987795
0.1817879364601718	0.09092422592549138	0.09086824271261723	0.2726908637136098	0.3637287311881096
0.18184724070168806	0.09102936799879445	0.09086598099803932	0.2727116156403568	0.36354579466112125
0.18183692036678256	0.09088863961383287	0.0909294796829103	0.2727787632027892	0.36356619713368477
0.18185659468747	0.09092241185515593	0.09090040808674302	0.2728054970170514	0.3635150883535794
0.1818379828916548	0.09102153304420406	0.09087063948243704	0.2726849955829163	0.36358484899878757
0.18196133601771386	0.09089083923477306	0.09092203192884432	0.2726905011479698	0.36353529167069876
0.18183632238161518	0.09092882549967869	0.0909211463003273	0.27276181084844364	0.363551894969935
0.1819982359923128	0.09087558679334329	0.09087742418252609	0.2726818123368554	0.3635669406949622
0.1818996352217214	0.09076799380812592	0.09093154899436859	0.27267621304811035	0.3637246089276735
0.18195263719374338	0.09076142005282418	0.0909052750437304	0.2728028656415873	0.3635778020681145
0.181796471149383	0.09101610811582785	0.09087320557954738	0.27279248681136853	0.3635217283438731
0.18190117239839793	0.09081894377792676	0.09091777678127468	0.2728067979547951	0.36355530908760525
0.1818468535081122	0.09083895124272491	0.0909221106567868	0.2727442784899331	0.36364780610244274
0.18198053581841311	0.0907599458317712	0.09088528190821266	0.27267473488781024	0.3636995015537926
0.18200616435421937	0.09075144696192967	0.09092146678183957	0.27276667067472615	0.363554251227285
0.18177563234964939	0.09102214741228322	0.09090570843420506	0.2727743644322868	0.3635221473715753
0.18194663581667392	0.09082000606743156	0.09087017448071909	0.27266331501240176	0.3636998686227735
0.18179022130983286	0.09091819423111125	0.09087000347871085	0.27274617027123116	0.3636754107091137
0.1818490948846453	0.09094038762167382	0.09088423681235124	0.2726563689885194	0.36366991169281004
0.1818331190329315	0.09087715700194948	0.09094050052520472	0.27267350646444033	0.36367571697547374
0.18186898310674304	0.09076845940011782	0.09092484829047759	0.2727748316132198	0.36366287758944155
0.18199472731980873	0.09067889026977352	0.09092914987359131	0.27281053587682913	0.3635866966599971
0.18191744981123187	0.09096838346508689	0.09093122589648409	0.27263731142317577	0.36354562940402113
0.18176601994592745	0.09085364474778085	0.09086742322430963	0.2727948786301551	0.36371803345182674
0.18191699077228737	0.09075116435838691	0.09093263209102938	0.27265960535540656	0.3637396074228895
0.18200470995115894	0.09086187970467971	0.09088996895848557	0.27268533177650556	0.36355810960917
0.18197656899617806	0.09079754560380292	0.09094160801360103	0.27267864875736925	0.36360562862904855
0.18182028516593193	0.09096241662526969	0.09088352129748276	0.27279946739555605	0.3635343095157594
0.18177276227905248	0.09094365922376968	0.09089627517077153	0.27272239458401354	0.3636649087423926
0.1820143758155794	0.09089449871388217	0.09087288075024427	0.27271239976858663	0.36350584495170735
0.18174914573038864	0.09092919172606702	0.09092732444744445	0.2728032637259833	0.3635910743701164
0.18199323867208728	0.09076013097279219	0.09092702939128117	0.2726741653028829	0.36364543566095625
0.18180642726060067	0.09092530716463235	0.09092617294445095	0.27267875414849607	0.36366333848181975
0.18191515344274828	0.09083891667306741	0.09092151584902394	0.27277520851022574	0.3635492055249344
0.18183613284082562	0.09082317550101016	0.09092048740280162	0.27272114946358855	0.3636990547917739
0.18188186868103498	0.09087730277146243	0.09092628855735109	0.2726352829447615	0.3636792570453898
0.18186134772906393	0.09083783404475818	0.0909138839723927	0.2728138563871989	0.3635730778665861
0.18200208740758977	0.0909396200907383	0.09090605790029846	0.2726345024636037	0.36351773213776956
0.18176847743738445	0.09088644486050343	0.09092833201924247	0.27272646267976586	0.3636902830031037
0.1817942375123567	0.09092170118934298	0.09092805943676974	0.27273062774438805	0.3636253741171423
0.18188655676958979	0.09102844875164381	0.09089122225339505	0.27268416598859185	0.3635096062367793
0.18200074509461212	0.09080918786559242	0.09089120176443297	0.2727305662099831	0.3635682990653792
0.18192921728720512	0.09083650794322183	0.09090132779126343	0.2727963395629006	0.3635366074154087
0.18198778456445144	0.0907030642538173	0.09092563805661283	0.2728114170867833	0.36357209603833496
0.18201911664909107	0.09074797970131393	0.09091476157410122	0.2726798058372283	0.3636383362382653
0.1818532799806552	0.09088452960107123	0.09090875286955509	0.27280179507663405	0.36355164247208427
0.1819089292923956	0.09080871249441486	0.09087722017761243	0.27279738251293345	0.36360775552264346
0.18200650696300003	0.09075584677533324	0.090898576669222	0.2726468032315046	0.36369226636093993
0.18176021940944992	0.09079846446785085	0.0909448502855866	0.2727701469258331	0.36372631891127927
0.18202215440191521	0.0908185384387375	0.09092284774641429	0.2726386509298405	0.3635978084830923
0.18183463084007676	0.09088755509219137	0.09093213877886733	0.2726883696582316	0.3636573056306327
0.1818144243821031	0.09094380685342808	0.09093011359012458	0.27265607741987236	0.3636555777544717
0.18181813323628918	0.09086097324151662	0.09093283793671242	0.27268847748823144	0.3636995780972501
0.18191723441648702	0.09083655025484114	0.09087030752563649	0.2727757618068647	0.3636001459961705
0.1819142035030678	0.09087515381878844	0.09089087437022103	0.2727444292696753	0.36357533903824724
0.18189769745217477	0.09093185922370653	0.09091319000484724	0.2726615864459472	0.36359566687332406
0.1817504136660618	0.09099183748046041	0.09094300521978338	0.27270383629930184	0.3636109073343924
0.18184998470745853	0.0909480751903187	0.09088673689498325	0.2727785690394252	0.36353663416781407
0.18174415570760788	0.09097791629618296	0.09092277428031101	0.27277913866529724	0.36357601505060066
0.18185799682534587	0.09074709309261782	0.09094486715966661	0.272786238807271	0.3636638041150985
0.18201905285429668	0.09089653962658661	0.09092320238201357	0.2726544545722916	0.3635067505648113
0.18195396581511714	0.0908750431330279	0.09093175741966686	0.272687275260187	0.36355195837200094
0.18202597025014888	0.09069036374864144	0.0909180082590231	0.27278782276955876	0.36357783497262763
0.18181768234311932	0.09092877558809946	0.09092424826952707	0.2726612014411033	0.3636680923581506
0.1817813533626801	0.09077660830605372	0.09093397203214576	0.272814764663027	0.36369330163609315
0.18179532106937363	0.09094652699393974	0.09088662464082722	0.27270354370606875	0.36366798358979047
0.1817635800094512	0.09101124690700797	0.09088015395450841	0.2727326346801848	0.36361238444884736
0.18174513432796896	0.09097742023520483	0.09089059847981326	0.27272669263744004	0.36366015431957266
0.1818651695443735	0.09080607697265777	0.09091456283731678	0.27281429979298544	0.3635998908526663
0.1819241947403435	0.09071999449790422	0.0909101623412163	0.27276712084370175	0.36367852757683405
0.18179644555966049	0.09094735581196897	0.09090360346577275	0.2726518010758815	0.3637007940867161
0.18200454740005412	0.09070999210615327	0.0909350170105046	0.27278046339568235	0.36356998008760544
0.18183855017677583	0.09091379516957293	0.09093663829809022	0.272703914034694	0.36360710232086685
0.18187162824307684	0.09082139542142742	0.0908729756594272	0.27274845861867003	0.36368554205739834
0.1820180843120261	0.09085646489436273	0.09089824242095615	0.2726471422863465	0.3635800660863083
0.1819430367293186	0.0908151446349774	0.0908808457696093	0.2728056460068318	0.3635553268592626
0.18191752203574096	0.09079365958819546	0.0908978174741755	0.2727198999546294	0.36367110094725846
0.18174593552551332	0.09088452018492173	0.09087596032609008	0.2727785161912248	0.36371506777224993
0.18180558160813295	0.09096006117098485	0.09092489626383064	0.2726536702885796	0.3636557906684717
0.18189078083001273	0.09069003995862755	0.09088057386832855	0.27280736881170425	0.36373123653132666
0.18191790268653135	0.0908122905521305	0.09088125114670653	0.2727866774277984	0.3636018781868331
0.18178124548587066	0.09086485550871376	0.09087598473096827	0.2727937198693386	0.3636841944051085
0.1820535360797214	0.0907633957228755	0.09087251248729886	0.2727131666395621	0.36359738907054195
0.1820429920595259	0.09088521409991177	0.0908894469845567	0.27263447544200947	0.3635478714139959
0.1819194847256111	0.09093230908256138	0.09091841168861729	0.27270699938396464	0.36352279511924546
0.1819375439381633	0.09088814005254162	0.09090886667401676	0.27268224890095316	0.363583200434325
0.18196462968088897	0.09069651898007734	0.09087545367942002	0.2728151695344496	0.3636482281251638
0.18198033143857056	0.09068699889330298	0.09090236739671366	0.2727371560042332	0.36369314626717936
0.18199481498755077	0.09073641918481952	0.09087351311884694	0.2726480735869667	0.3637471791218159
0.18194155341947013	0.09086696108196442	0.090938558045241	0.27270991843860637	0.3635430090147179
0.18199672453076665	0.09079882420144542	0.09089405901847983	0.27264956955834774	0.3636608226909602
0.18175769968329658	0.09101862761524024	0.09086977012408035	0.27269096293599365	0.36366293964138896
0.18191833006127667	0.09081716945618701	0.09092857217462777	0.2726971609764029	0.36363876733150546
0.18186431802155595	0.09083264650152638	0.09087198127011202	0.27273328883376063	0.36369776537304477
0.18195420419103525	0.09073048371912237	0.09091586269122484	0.2726925026746245	0.3637069467239928
0.18188684443236058	0.0910244322757738	0.09089753191201004	0.27266616743302075	0.3635250239468346
0.18184655201762598	0.09092239191280349	0.09089692670004049	0.2727147132152369	0.36361941615429294
0.18182973877875314	0.09099491256458847	0.0909009488136302	0.27276524781364886	0.36350915202937917
0.18179865461586092	0.09102359169416406	0.09089834235735747	0.2726648198841068	0.3636145914485105
0.18178222376353226	0.09095971031684197	0.09087709911973194	0.2727125211223726	0.363668445677521
0.18185945596210357	0.09086036428299972	0.0909060001203807	0.27278963307131415	0.3635845465632016
0.18179802577590126	0.09098510190044576	0.0908866769301174	0.2727360319845608	0.36359416340897455
0.18192519639843868	0.09080698470454299	0.0908851679442494	0.27279907694933886	0.3635835740034299
0.1817510536649758	0.09076079194784958	0.09094496940818379	0.2727984535451162	0.3637447314338744
0.18187019105972585	0.09075079188430507	0.0908963059328261	0.2727737131176414	0.36370899800550127
0.18176381418135906	0.09093035109535097	0.09087350997671487	0.2727463465659089	0.36368597818066595
0.18185019864385107	0.0908811675528497	0.09092981011181028	0.27266317363069587	0.36367565006079283
0.1820144809737399	0.09086883120791783	0.09087681905684125	0.27270123634661536	0.3635386324148855
0.18204074671922768	0.0906796387199018	0.09088984319414738	0.27270910083310856	0.3636806705336144
0.18184523706148747	0.09081825985294872	0.090895145639454	0.272782557588628	0.3636587998574815
0.18183619928744904	0.09082768044518795	0.09094141862080325	0.27273990496177325	0.3636547966847863
0.18183041622742505	0.09091378371061659	0.09093448715262631	0.2726353535308411	0.36368595937849074
0.1819210683352569	0.09067873854269455	0.09091187375156466	0.27281027901051064	0.363678040359973
0.18192684486557514	0.09089238179739556	0.09089387900823817	0.27266919235592524	0.3636177019728657
0.1817434017935756	0.09080799541651277	0.0909134946013353	0.27280988463145617	0.36372522355711995
0.18186564517288611	0.09086197429262284	0.09093332792575924	0.27266671027963435	0.36367234232909723
0.1819837142175705	0.09086378276722026	0.0908966506121851	0.2727486299284063	0.3635072224746176
0.18186665509313477	0.09079978382912834	0.09092750048460167	0.27276086757811	0.36364519301502496
0.18183595982348794	0.09097833232394031	0.09089533390938637	0.2727146410372737	0.3635757329059115
0.18179142727659356	0.09088305318292171	0.0909319351388516	0.2727000699881134	0.36369351441351955
0.18189495588996435	0.09082359314177985	0.09088235148516664	0.27266089355051093	0.363738205932578
0.18179488883847772	0.09096794004247984	0.09088806693573177	0.27278587778173563	0.3635632264015748
0.1818177451782041	0.09090904890391002	0.09089311426930266	0.2726665161426713	0.36371357550591177
0.18178305892208335	0.09085041550389684	0.09091569616007664	0.2727712227813827	0.3636796066325602
0.18179112543822754	0.0909600027154703	0.09087244039729211	0.2727680735008448	0.36360835794816504
0.18177160917197577	0.09093915839033775	0.09088523682313779	0.2727947116781657	0.3636092839363828
0.1817897628152254	0.09077814816385993	0.0909248188597737	0.2728047098322606	0.36370256032888015
0.18189248941350217	0.09081703305773334	0.09090492427375266	0.27265960059460825	0.3637259526604034
0.18181965984562592	0.09084988143588044	0.09094111746629123	0.27277223329649036	0.36361710795571184
0.18201318098757208	0.09076690494882034	0.090893906409489	0.2726529702706124	0.3636730373835059
0.1818149145426973	0.09099215312252967	0.09089899356699349	0.2727159832072633	0.3635779555605161
0.18191462524260849	0.09085596784260637	0.09087179065095093	0.2727521139057917	0.36360550235804234
0.18176597812572237	0.09102604350454868	0.09090843680710128	0.272730332209425	0.36356920935320247
0.1819497756758249	0.09082200117710193	0.09087060715032602	0.2727991689325944	0.3635584470641525
0.18180926072136594	0.090926380718128	0.09087135414664407	0.27268682081838036	0.3637061835954814
0.18202626530070232	0.0907475309482993	0.09092608929627624	0.2726909122519062	0.3636092022028157
0.18191421510757627	0.09086558284988314	0.09090917020321077	0.27278671267290955	0.36352431916642003
0.18191558857015905	0.090788425660619	0.09092473662090933	0.2726578521470183	0.363713397001294
0.18186348486992815	0.09072026701856316	0.09091843170559441	0.27278848975238185	0.36370932665353223
0.18195709836190654	0.09082778848805022	0.09089871312821823	0.2727589302332966	0.3635574697885282
0.1818607127392374	0.09091224539212979	0.09093303684667654	0.2727670550935097	0.36352694992844636
0.18183807857404122	0.09089946785631328	0.09091825235557194	0.2726652969497204	0.36367890426435295
0.18187685610260307	0.09080960517208862	0.09089678318104873	0.2727081150545834	0.363708640489676
0.18182340111720952	0.09093568230589316	0.09086752316362962	0.2726916219053235	0.363681771507944
0.18201028572577788	0.09068426449131935	0.09092478438188738	0.2726490945700635	0.36373157083095176
0.1818077919348053	0.09082029915919465	0.09088861465337808	0.2728091559389444	0.36367413831367734
0.18191423795012984	0.0908896430944969	0.09087352798256325	0.2727976633588832	0.3635249276139265
0.18190928479319962	0.09085879389440621	0.09086590802527317	0.27266894666043046	0.3636970666266903
0.18176771000936415	0.09091776009414199	0.09092967168977141	0.2727749637778428	0.36360989442887937
0.18183848202305408	0.09091443959165638	0.09092368473180945	0.2726942714494624	0.3636291222040175
0.1817618916129003	0.09092335511823553	0.09092798795480636	0.2728128207507055	0.3635739445633521
0.18183224999200337	0.09089157134121445	0.09088270442116766	0.2727973293848889	0.36359614486072545
0.1818879065568971	0.09075545416743389	0.09089975991976085	0.2727949040344724	0.3636619753214356
0.18184947116971842	0.09082696896786122	0.09088705825459886	0.2727901583197252	0.3636463432880961
0.18183132531492655	0.09095928745921572	0.09091599350919613	0.2726815966676277	0.3636117970490337
0.18194691601599408	0.09079584156351439	0.09086628842173058	0.27279255867183255	0.3635983953269283
0.18177735383900556	0.09102973299779402	0.09089422182106757	0.2726391540782027	0.36365953726392997
0.18179435130802085	0.09084633602142744	0.09089945346508908	0.2727483561522494	0.363711503053213
0.18194538275394942	0.0908362799257256	0.09094422404967806	0.27266060782083956	0.3636135054498071
0.18182613669117897	0.09086175678626315	0.09092238385963997	0.27269554361363263	0.363694179049285
0.18198382306036545	0.09079370352560456	0.09090310859442575	0.272716402281874	0.36360296253773006
0.18178503017497724	0.09101853770908847	0.09089342199776396	0.27278454020108567	0.3635184699170845
0.1817784316705924	0.09102697974600595	0.09089386333960162	0.2727376733290101	0.36356305191478966
0.18191522750668335	0.09076836821972538	0.09094239529346719	0.27280849694423054	0.3635655120358934
0.18191422541828128	0.09077911243221189	0.09087268753022784	0.27270639943393044	0.3637275751853483
0.1817847272820154	0.09085297448361061	0.09087419607742026	0.2727975108654935	0.36369059129146003
0.18203225173481152	0.09086229768664451	0.09094137523312754	0.2726426694353377	0.3635214059100785
0.18196803843371417	0.09073209921996597	0.09089538720986853	0.27267433948987374	0.3637301356465773
0.1817782068894433	0.09084968210423884	0.09088959260698747	0.2727919681025987	0.36369055029673153
0.1818709668213556	0.09088320661434093	0.09093643789765594	0.27278386635899443	0.3635255223076529
0.18202813077117674	0.09072284024744817	0.09091635837157377	0.2727792323763344	0.36355343823346675
0.18179136796236492	0.09098562644548923	0.09089044153829265	0.27273621523238517	0.36359634882146785
0.18186425203340187	0.0907124925880177	0.09089120373913293	0.27279755966777186	0.3637344919716755
0.181763173391081	0.09094465488415923	0.0908686799695568	0.2726820875845427	0.36374140417066003
0.18191655889933706	0.09076133211235482	0.09093445353510933	0.27264933278665404	0.3637383226665445
0.18191044324935823	0.09083840042726259	0.0909084161483738	0.2728113520286126	0.3635313881463926
0.18205176344185758	0.09073131046984995	0.09090521325528808	0.2726982521271727	0.3636134607058315
0.1818014913729868	0.09078608613083958	0.0909181513659919	0.2727742827377876	0.36371998839239394
0.1819632709990928	0.09082459901019402	0.09092547516433086	0.27267057995665567	0.36361607486972647
0.1818688409241151	0.0908288854394628	0.09092339155563306	0.27275763340215003	0.36362124867863876
0.18189711208541648	0.09083268395452941	0.09093781975754724	0.27278264401337016	0.36354974018913655
0.18188585237687707	0.09089602647623965	0.09087321052709517	0.2726992285776226	0.3636456820421653
0.18196731018470536	0.09074913557811283	0.09092388928736879	0.27266049710499274	0.3636991678448201
0.18179387450036952	0.09082299681531376	0.09093900271335696	0.2728046615016331	0.3636394644693265
0.18204231256567005	0.09075456758865057	0.09092930985038002	0.2727554536952267	0.36351835630007245
0.18200669980059647	0.09078716616765538	0.09091597964763566	0.2727116010117107	0.3635785533724015
0.18176128000559655	0.09079310303126278	0.0909292680215277	0.2727761610142669	0.36374018792734586
0.18195214928383907	0.09081070732032749	0.09091771686435848	0.2727817179967231	0.36353770853475165
0.18193378472072547	0.0909204935402601	0.09090340517803888	0.2726359672374521	0.3636063493235232
0.18179834016243201	0.09094175505431099	0.09088863261681669	0.27281105534511113	0.36356021682132894
0.18188354789666666	0.0909420621389433	0.09090202304703793	0.272692033061993	0.36358033385535893
0.18184382923474765	0.09101283555487248	0.09087477306101098	0.27271620901359933	0.36355235313576933
0.1818050200095434	0.09087804365010271	0.0908669236458328	0.2728164956232203	0.3636335170713006
0.18178433749116463	0.09097849097033917	0.09090804743335094	0.27267358522819585	0.3636555388769492
0.1820515026277053	0.09070379270665133	0.09089312477423084	0.27269826110744017	0.3636533187839721
0.18175294054082122	0.09102329468241842	0.09090267386289873	0.27266382312131887	0.3636572677925426
0.1817974706305334	0.09097042571188038	0.09091238417084321	0.2727187615416784	0.3636009579450644
0.18202345450512084	0.09070558003944057	0.09086792036774309	0.2727978244115259	0.3636052206761694
0.18201960039618123	0.09069329644733815	0.09092980315642066	0.27271949692256614	0.36363780307749366
0.1817746011900773	0.090913761860508	0.09087695232339602	0.2727286916955121	0.36370599293050637
0.18174778555342766	0.09089937518357191	0.09094410448553528	0.2727613507495208	0.36364738402794416
0.18176853848572552	0.09093822604046344	0.09088736259174199	0.27278401824527676	0.36362185463679203
0.1817701015498357	0.09102946075914095	0.09086461372807328	0.27266709267120726	0.3636687312917426
0.18198023423973522	0.0907618767365696	0.09091764155613437	0.2727749879311203	0.36356525953644026
0.18183746779290172	0.09085616024512819	0.09089484593388664	0.27273186340655814	0.3636796626215251
0.18176696061660091	0.09082859029985155	0.0909308119716658	0.27281670554572635	0.36365693156615514
0.18193582064407593	0.09072253645483919	0.09091995335672864	0.2727394923701473	0.3636821971742087
0.18192248104176456	0.09096563795968128	0.0908691033388677	0.2727039852783498	0.36353879238133646
0.18203252398105982	0.09085518178751262	0.09087895399779637	0.2726706485899924	0.3635626916436386
0.18175470686979486	0.09092633957751356	0.09092387170047801	0.27269813826187744	0.363696943590336
0.18184128651619608	0.09082703796279723	0.09092059313192682	0.27267026729456595	0.36374081509451367
0.18183195090880494	0.0908001071084213	0.09087476449441789	0.27276819876284697	0.3637249787255087
0.18194991267809976	0.09082626316079277	0.09092665679152301	0.27268825867542434	0.36360890869415996
0.18186592602407803	0.09092107205989493	0.09094148310609318	0.27274691336638474	0.3635246054435489
0.18177389428813073	0.09095860255267361	0.09088927150421842	0.27270847773083134	0.36366975392414563
0.1818683207668248	0.09096968151868688	0.0908657923456379	0.2727605665172906	0.3635356388515596
0.18176347526553763	0.09099709653713195	0.09092053045217124	0.2727437661505967	0.3635751315945623
0.18179386014342147	0.0910031974439519	0.09087731658420063	0.27278419129763803	0.3635414345307878
0.18180900662713906	0.09077974136098088	0.09091415745208667	0.27278115840823025	0.36371593615156295
0.1819398153115028	0.09075693987387257	0.09092535195509763	0.2728128742049879	0.36356501865453894
0.1818485454825225	0.0907760415238622	0.09094467843357099	0.27275416920440765	0.3636765653556365
0.18200532451268847	0.09068717074007177	0.09089843909435472	0.2727064719955428	0.36370259365734203
0.181767779823214	0.0909125201265295	0.090918616891125	0.2727068842248283	0.363694198934303
0.1818928838391535	0.09091528259539225	0.09091760597818105	0.2726594387674441	0.36361478881982895
0.18201806472402826	0.09080437886498113	0.09087071353651005	0.27272378490987187	0.36358305796460855
0.18174380005575536	0.09083117131446387	0.09089031704930553	0.27280298425350624	0.3637317273269687
0.18188853824153706	0.09099949421794581	0.09089715926772585	0.2726522349545254	0.3635625733182657
0.18193004267176083	0.09083636238544585	0.09086472985580449	0.2727766092871511	0.3635922557998375
0.18202555697172368	0.09079508688984873	0.09086480071248612	0.2726477830777309	0.3636667723482103
0.1818990749598527	0.09073996117654473	0.0909359627649457	0.2727398796797378	0.36368512141891896
0.1820159866264534	0.09075588108948004	0.0908751410491977	0.2727761483824087	0.36357684285245995
0.18204322287523758	0.09082783679908746	0.09093116834170503	0.2726767363730397	0.3635210356109301
0.18177416617586942	0.09090354017273987	0.0908934400516237	0.27277224152127827	0.36365661207848854
0.1819908980197258	0.09073104323127962	0.09088764659583232	0.27269647646861933	0.3636939356845427
0.18177595394449197	0.09093393760189761	0.09091389187161089	0.27281271708791777	0.3635634994940816
0.18182705040739763	0.09074192978502765	0.09091530051832755	0.2727978145350251	0.36371790475422183
0.1818242684822049	0.09077384007530798	0.09093771813143744	0.2727886432822928	0.3636755300287567
0.18183580669551644	0.0909240771693121	0.09093993403110427	0.2727339068390672	0.3635662752649998
0.18187465435050468	0.09095980716265088	0.09090429849844364	0.27274771152724686	0.36351352846115376
0.1817987683688564	0.09088243486340224	0.09091534155721939	0.2727577219929707	0.36364573321755106
0.18195832269572568	0.09082762771639542	0.09093316797007069	0.2726552458739694	0.36362563574383855
0.18181599320695924	0.09095245828009156	0.09089637311924267	0.27275200806085603	0.36358316733285034
0.18184547632940204	0.09081638320980676	0.09090852238438565	0.27269873667943045	0.36373088139697485
0.18188978930114874	0.09080977043646592	0.09089422692083321	0.2726954419518328	0.36371077138971913
0.18182764236221374	0.09091486860082114	0.09091787751723615	0.2727078416826296	0.3636317698370991
0.18178660521778794	0.09081466052475497	0.0909433398458936	0.272793206039055	0.3636621883725083
0.18201643914710502	0.09075527276515286	0.090867257234767	0.272658146507168	0.36370288434580694
0.18187694655982956	0.0909250641662943	0.090899564781381	0.27264863381742277	0.3636497906750722
0.18177624255369548	0.0909277432163971	0.09092527808011186	0.2726681765549278	0.3637025595948675
0.18198019933203202	0.09083334262517168	0.09089295464799842	0.27273763628063014	0.36355586711416754
0.18199347801132854	0.09071914230531936	0.09088964234998279	0.2727368823886622	0.3636608549447069
0.181798355670517	0.09091644350860333	0.09088057247910562	0.27275909089973677	0.3636455374420371
0.18179067035705965	0.09095009743642035	0.09093920706570459	0.2728078537287611	0.36351217141205405
0.18202383406629224	0.09084291388448201	0.09091860773446007	0.27266583118196197	0.3635488131328035
0.1818122925246306	0.09096321161664091	0.09087846953077637	0.2727627859700749	0.36358324035787704
0.18179554927438052	0.09086883207017976	0.09091031051848428	0.2727822398220873	0.3636430683148679
0.18194862667331196	0.09080126622111104	0.09090327970248388	0.27267300568272423	0.36367382172036866
0.18190032419926322	0.09091250471801618	0.09088350381235552	0.27264322553141496	0.36366044173894985
0.18193637096753343	0.09075173377630744	0.09091292384297342	0.2726517694418825	0.363747201971303
0.18203999961477763	0.09084842214658223	0.09087274434114634	0.27267396709783637	0.36356486679965727
0.18195831626857845	0.09090905486445341	0.0908657444338497	0.2727145973726236	0.3635522870604947
0.1819117827639421	0.09073785899662086	0.09093599155999021	0.27274246011859266	0.36367190656085396
0.1819363801463981	0.09086818529861614	0.09086953431900724	0.2726970619543221	0.36362883828165626
0.18178968258217792	0.09080218857614729	0.090924586927008	0.2727912764450934	0.36369226546957323
0.1820365405185405	0.09083490682202158	0.0908815727837703	0.2726991125927046	0.3635478672829628
0.1818516501914931	0.09091576682568595	0.09090525252687326	0.2727645050676877	0.3635628253882598
0.18185447743088567	0.09090789005278556	0.090913471690245	0.27265601091266933	0.36366814991341423
0.18186622361208732	0.09070327873641273	0.0909341236298583	0.2727619129147134	0.363734461106928
0.18189578916254434	0.09080451470459627	0.09086560971805518	0.2728131290720433	0.3636209573427607
0.18185010792324638	0.09097955378129968	0.09090733039582616	0.2726760164098718	0.3635869914897557
0.18181345182592196	0.09100111267910246	0.09086717586989126	0.2727526599404514	0.36356559968463276
0.1818307579699149	0.09092423465728244	0.09088736778847742	0.2726414720112338	0.3637161675730912
0.1817438514205859	0.09098806664841505	0.09090218130569733	0.27266134529541486	0.3637045553298866
0.18174738842533902	0.09091479323761245	0.09087811739046239	0.27279631553832717	0.36366338540825877
0.18188134994163588	0.0908255101784622	0.09089354570817022	0.27270201964735274	0.36369757452437873
0.18190571991304405	0.09072538626712971	0.09091447600767447	0.2727333630307523	0.36372105478139927
0.18184081843591127	0.09087078215168132	0.09091417159692877	0.2726863255904999	0.3636879022249786
0.18193006100585943	0.0907793389951122	0.09091670071232641	0.27280423326587433	0.3635696660208274
0.182043569085802	0.09072732951714135	0.09089008550588074	0.27281685090786933	0.36352216498330636
0.18181089311211057	0.09099660495238987	0.09091522022904855	0.2726456633165165	0.36363161838993424
0.18198568011067004	0.09080051815865493	0.09086905209021805	0.272716587695581	0.3636281619448758
0.18187441589587836	0.09081492748221784	0.09091278518664414	0.272758445787162	0.3636394256480975
0.18193425892898726	0.09067688360636833	0.09092701076915818	0.27277085344799656	0.36369099324748944
0.18183111266060137	0.09091895913095492	0.09094429430119269	0.27264050004454293	0.3636651338627079
0.1818709377170169	0.0908290064986455	0.09091933170963443	0.2726721201885491	0.3637086038861539
0.18188363486557568	0.0907699631941569	0.09090997036204265	0.2727702606194299	0.36366617095879467
0.1818914932384459	0.09078499989205004	0.0908998569458402	0.2726823032667649	0.3637413466568987
0.18193645923960974	0.0908947708859364	0.09087490240600837	0.272683267922015	0.3636105995464302
0.18177963685839194	0.09097166404899665	0.09086833691831546	0.27264824703649726	0.3637321151377985
0.18194425426300853	0.09080245167383204	0.09093492563941254	0.27278681814264205	0.3635315502811046
0.1817540807898582	0.09084065080352856	0.09086773079294469	0.27280306206526506	0.3637344755484033
0.18180610422623733	0.09100683954635977	0.09093200755878712	0.2726749224789776	0.363580126189638
0.18200874946782947	0.09070406544800476	0.09092545990762237	0.27263415309673344	0.3637275720798097
0.18195283837837398	0.09075911116263377	0.09092157515757454	0.27280165666191614	0.36356481863950135
0.18197703260026482	0.09094071048045838	0.0908794689027835	0.2726386136741811	0.36356417434231203
0.18194797448474603	0.09072846095675036	0.09088715790953393	0.2727068867398071	0.36372951990916236
0.18188388798405467	0.09070764966260524	0.09091090672269415	0.2727760036763515	0.36372155195429423
0.18180323745693955	0.09089145317005326	0.09093908345227095	0.27273779506838386	0.3636284308523522
0.18185425956753182	0.09089620227931085	0.09089784311250095	0.27264948941714173	0.36370220562351446
0.18189478243706134	0.09074546391817737	0.09092344587019874	0.27274331951042263	0.36369298826413976
0.18182499738294572	0.09080786519786405	0.09092662148168086	0.2727732829945181	0.3636672329429911
0.18194679498776392	0.09098345243776525	0.09088540519811658	0.272652937533382	0.36353140984297205
0.18178843436055137	0.09078730933768842	0.09094356480926678	0.2727736756380828	0.3637070158544104
0.1818210338682581	0.0907831609168942	0.09093138768311335	0.27273416930945876	0.3637302482222754
0.18174417863619186	0.09101976938597389	0.09093567524822456	0.27263534213591645	0.36366503459369304
0.18194805469585004	0.09090135737181107	0.09089896140946484	0.2727470035546845	0.3635046229681893
0.18187681634894654	0.0908708802261606	0.09088559053305142	0.2726692651390937	0.3636974477527475
0.18204887304038728	0.09083394669546607	0.09090106646371435	0.2726537823250035	0.3635623314754286
0.18194711684207893	0.0908259375414836	0.09088318105055021	0.27278635494727765	0.36355740961860944
0.18190728939361772	0.09094179789342446	0.09093889282663045	0.27264551130467307	0.36356650858165407
0.18201008039387223	0.09069977051791336	0.09087803079683521	0.2727414429120984	0.3636706753792806
0.18179216805155585	0.0910066161889605	0.0908663269028997	0.27271680045710706	0.36361808839947674
0.18177025751298045	0.09101276600049968	0.09092778395403298	0.27270507352037404	0.3635841190121126
0.1818895587932774	0.09071152626238274	0.09089589787206323	0.2727914617828663	0.3637115552894101
0.181841034266303	0.0908840218451128	0.090912020268924	0.27267494199498576	0.3636879816246742
0.1817841515988083	0.09097959018996171	0.09090831286812366	0.27277667724834603	0.3635512680947601
0.18201047070711646	0.0907239860500772	0.09088659190344456	0.27280791308911934	0.3635710382502423
0.18186065922964012	0.09091791952301757	0.09091785600676655	0.272684335197667	0.3636192300429085
0.18204172816501218	0.0906950679805254	0.09086938081420338	0.2727049995797707	0.3636888234604881
0.18191346761200305	0.09095922481336009	0.09090044599487467	0.272676606604623	0.36355025497513893
0.18175148689298992	0.09099319374370358	0.09091050904589916	0.2726393038944615	0.36370550642294563
0.18176169005706938	0.09083339622163573	0.0909327921173853	0.2727975818840622	0.36367453971984715
0.18194922378516876	0.09070098239835883	0.09090695567641904	0.27271190986199323	0.36373092827806
0.18197026482117867	0.09081009751495193	0.09088090100102482	0.2726818075376911	0.36365692912515324
0.18175892875442243	0.09090503648822126	0.09088705257046081	0.27276646429153706	0.36368251789535827
0.1819770032463533	0.09070349074347081	0.0908992824960525	0.2727706115309022	0.363649611983221
0.1819489220669207	0.09090806225119967	0.0908714752216891	0.27275553156247856	0.36351600889771174
0.18176824108853554	0.0909647095015816	0.09091456324628577	0.27268210327876014	0.3636703828848368
0.18179733472373552	0.09084905366309201	0.09087370735197622	0.2727580909469898	0.3637218133142063
0.18176822362710413	0.09096131724160644	0.0908972138637589	0.2726657743401415	0.36370747092738887
0.18184293311680694	0.09078107771273264	0.09090181270492018	0.2727961689426838	0.3636780075228563
0.1819668285631319	0.09079444420556004	0.09089843694908009	0.272706609593768	0.3636336806884597
0.18185727217580444	0.09089861500682098	0.09090830497453795	0.27266741525356186	0.3636683925892745
0.18174868974189629	0.09091649883627717	0.09090763339608984	0.272703906488009	0.36372327153772743
0.18192550250658931	0.09087058891593519	0.09090604261611958	0.2727418787006105	0.3635559872607452
0.18181264474931014	0.09090139534945765	0.09088778573243658	0.2726510504226084	0.363747123746187
0.18193188814113626	0.09077390403894191	0.09090943909506423	0.2726491514447437	0.36373561728011367
0.18196113999605026	0.09085671497832194	0.09092878262000577	0.27272265760240044	0.36353070480322136
0.1818858766369833	0.09091858844548446	0.09087724711739427	0.2726768602528564	0.36364142754728135
0.18187752940334412	0.09086998335888388	0.09089487788607008	0.27272909914812526	0.36362851020357645
0.18201468181509928	0.09085037692531939	0.09086481924330286	0.27268888641384437	0.36358123560243394
0.18185473044320402	0.09078539908867778	0.09093550164397746	0.2727404487057262	0.36368392011841433
0.18193825097142857	0.09072302645820099	0.09091037336164304	0.27270539347279243	0.3637229557359347
0.18194766714749597	0.09085095655546403	0.0909001668868001	0.27265307439997405	0.3636481350102656
0.18202810618843845	0.09068499419815156	0.09090801864781367	0.2727256237448784	0.3636532572207177
0.18193986522191757	0.09078780338093577	0.09090282042079981	0.27271285789725686	0.36365665307908973
0.18174302562543182	0.09092051947048735	0.09087129211116082	0.27276619503720145	0.36369896775571836
0.18190763503993052	0.09077177217591376	0.09092204534068726	0.2727701418788038	0.36362840556466447
0.18204546873899097	0.09068787770337396	0.09088791342501956	0.27278779677534754	0.3635909433572678
0.18184482793328466	0.09081527992848346	0.09093474963767528	0.27275637445502493	0.3636487680455315
0.18201820813242486	0.09072529681061074	0.09091449110645398	0.2727467084911998	0.36359529545931035
0.1819520981541518	0.09078476917544906	0.09093670260879264	0.27270437892876	0.3636220511328463
0.18174794366532618	0.0910179693515342	0.09092926644228294	0.27278861203561255	0.3635162085052439
0.18202934190292444	0.09077019819767614	0.09087961775513756	0.2727747306587474	0.3635461114855143
0.18180348432832646	0.09095388883421625	0.09092127237091306	0.2726679594286795	0.36365339503786454
0.18195151631981488	0.09081792378359652	0.0909413994225188	0.2726789011999675	0.36361025927410207
0.18195477845027502	0.0907074465637036	0.09093475392916497	0.2727278535900627	0.3636751674667935
0.18178344408519448	0.09078314115754701	0.09092417753781057	0.2728002298416314	0.36370900737781636
0.1819382027936478	0.0907914321030488	0.09087678144703887	0.2727419640632458	0.3636516195930185
0.18191441882391501	0.09074657770403483	0.09090986067501508	0.2727889069336168	0.3636402358634181
0.1818548732089394	0.09089692287280102	0.09090901698802156	0.2727927675373858	0.36354641939285204
0.18189755860027754	0.09088119540150447	0.09092025307899472	0.2727781675175858	0.3635228254016373
0.18205005107720051	0.09069201598795412	0.0908910025238273	0.27264652414859225	0.36372040626242563
0.1819791770790662	0.09078638023736915	0.09094202342711481	0.2727470596648763	0.3635453595915733
0.1818764377844242	0.0907981948615372	0.09094048950043315	0.2727021601462514	0.36368271770735383
0.18195290015844642	0.09088479554588434	0.09091212731764983	0.27266473317658707	0.36358544380143215
0.18197331979683198	0.09072251492084506	0.09086513008252547	0.2727100649364431	0.36372897026335416
0.18184459579533602	0.0908932969748277	0.09092102039130934	0.272764223418429	0.36357686342009776
0.18195821595714975	0.09072766622175077	0.09093189513723737	0.2728095590358567	0.3635726636480052
0.1820099481480871	0.09084563254372194	0.09088733699147838	0.27268287563114035	0.363574206685572
0.18186910508689325	0.09087586366251847	0.0908873345865646	0.2727069341081405	0.3636607625558829
0.1818072427357467	0.09095467987631581	0.09088668580092096	0.272719556416891	0.3636318351701253
0.1818110282811651	0.09098921998929106	0.09092851212192968	0.27276060484264497	0.363510634764969
0.18187752253018818	0.09077855601978689	0.09090160272979038	0.27274264571340384	0.3636996730068305
0.18198100962854488	0.09070318173895969	0.09094154608835217	0.2727160564652844	0.3636582060788587
0.18186535678940657	0.09089832539150058	0.09087648410823562	0.2727344320855286	0.3636254016253284
0.18197085113075512	0.09088403038680253	0.09093447361360037	0.27265161955289796	0.3635590253159438
0.18190280822634533	0.09100368012735985	0.09087813042041255	0.2726483911414941	0.36356699008438786
0.18186670790219892	0.09082387448041616	0.0909050360133014	0.27272186040252977	0.36368252120155353
0.1817638098002189	0.09101259371907945	0.09088000664545269	0.2727754904229026	0.36356809941234614
0.1819525933285479	0.09086967236129062	0.09094187073846643	0.2726435673610422	0.3635922962106526
0.18190855322481875	0.09092261892536097	0.09093228180864982	0.27269124210289625	0.363545303938274
0.18180290234640759	0.09085960885315225	0.09092992132832986	0.27280743199855606	0.3636001354735541
0.18195661710039823	0.09079862480870088	0.09094208711960176	0.2726673636687527	0.3636353073025462
0.18175622095781996	0.09092122750148894	0.0909059307151405	0.27269822977109504	0.36371839105445536
0.18183666527811604	0.09086250904318326	0.09092415824976446	0.27279741967317167	0.36357924775576433
0.18196354581781535	0.09079765971410172	0.09090327925243202	0.27265737059359857	0.3636781446220521
0.18191516251338208	0.0908013847043904	0.09092273286406781	0.27269576788763505	0.3636649520305244
0.1817933488636641	0.09096155937907746	0.09093152328713051	0.27268225122514145	0.36363131724498626
0.18203152139302797	0.09073674839269602	0.09092595983369219	0.27269388198367656	0.36361188839690706
0.18202748409033417	0.0907200363983401	0.0909236006305081	0.27267586824499446	0.36365301063582295
0.1818187687620065	0.09098068927590731	0.09088882920467214	0.2727510228364285	0.36356068992098534
0.1819029744351393	0.09085513997865513	0.0909027729187333	0.27270066714745705	0.363638445520015
0.1820105337173275	0.09070749851660663	0.09087674006701836	0.2727076996474826	0.36369752805156463
0.18199663438069044	0.09086557703595521	0.09089089535773506	0.27267910421634445	0.3635677890092746
0.18194172139456138	0.09076776960341017	0.09086769027130906	0.27278843603218733	0.3636343826985319
0.1819211871519887	0.09089684507128737	0.09086708207334088	0.2726827446962917	0.3636321410070911
0.18191764069162286	0.09083172433123804	0.0909202403563861	0.272791588368502	0.3635388062522508
0.18197021356747556	0.09080012183411068	0.090938862295978	0.27277454762109876	0.36351625468133686
0.18203696604728986	0.09077999173288286	0.0908708135979479	0.272775044465403	0.3635371841564762
0.1818392288126724	0.09098741427057377	0.09090890246977366	0.2727227725228776	0.3635416819241024
0.1817450765768019	0.09101355189484614	0.09088617282767983	0.2727208742339521	0.36363432446671984
0.18188433248926372	0.09080174835162844	0.09094290457737819	0.2727319701892895	0.36363904439244
0.18180385750545758	0.09074656382151905	0.09094047984545046	0.27280060108972704	0.36370849773784564
0.18183234410509408	0.09096718504034491	0.09092835677269015	0.2726492829969924	0.36362283108487814
0.18184269391702146	0.09087556583386988	0.09094416563941948	0.2726826851441912	0.36365488946549773
0.18182304363418006	0.09091686562484344	0.09094367224441713	0.2727672348449222	0.3635491836516369
0.1818989483944027	0.09069324322254035	0.09092160412025982	0.2727770641824878	0.36370914008030913
0.18193056467810043	0.0909198684076132	0.09087582630215367	0.2726409901930831	0.3636327504190494
0.1819070612795662	0.0908309089830533	0.09093140708359772	0.27274824467387015	0.3635823779799124
0.1819066626060605	0.09088700092222601	0.09092904647952307	0.2727128791713121	0.3635644108208781
0.18194681748728594	0.09090117510741405	0.0908734516528738	0.27267922869364647	0.36359932705877945
0.1818582292809	0.09084104445600427	0.09091493265407888	0.2728156513292057	0.3635701422798109
0.18191640568187212	0.09076003446922536	0.09094247199738896	0.2727871853622451	0.3635939024892682
0.18199054825782335	0.09073898030212946	0.09091742749449394	0.27268419551999495	0.36366884842555813
0.18191692665844675	0.09087134295918654	0.09092538754485892	0.2726629686773181	0.36362337416018947
0.18194093608882264	0.09068185478587851	0.09091755867964357	0.2727328536781002	0.3637267967675549
0.18203408337440083	0.09068774246005046	0.09092989362078024	0.2726800789573245	0.3636682015874438
0.18174696337591928	0.09097471438409546	0.09094250373371135	0.2727852176247535	0.36355060088152025
0.1817971682713455	0.09101966943675371	0.09094249427647841	0.27270007085447695	0.3635405971609452
0.1819652342118692	0.09073301009872253	0.09094315168580902	0.27269210078232103	0.363666503221278
0.18188282654286317	0.09092356484109725	0.09090980264199093	0.2727203907490856	0.3635634152249628
0.1818485264817208	0.09082996287689395	0.0908930710731221	0.27275296619976463	0.3636754733684983
0.18181097302523455	0.09097219851656722	0.09087555816050656	0.27264100128636953	0.36370026901132196
0.1820006784197919	0.09075704515926239	0.09093935002179837	0.27268417174445503	0.3636187546546921
0.18182052641987342	0.0909493105813736	0.09091820677931524	0.2726575373661143	0.3636544188533232
0.1819027185409147	0.09090062343841178	0.09089070549431875	0.2727932313350063	0.3635127211913482
0.18198640110969203	0.09078837253331727	0.09090156651128771	0.2727068898321146	0.3636167700135883
0.18175520800237738	0.0908981084132867	0.09094293108147324	0.27267242744764775	0.36373132505521477
0.18183186056252776	0.09096045821651003	0.0908701905914207	0.27268626057822526	0.36365123005131605
0.18192864684941568	0.09088543068020183	0.09091582115356672	0.27275052239781267	0.3635195789190029
0.18179547219028974	0.09088659390505857	0.09091247281378464	0.27268586147197266	0.36371959961889416
0.18193321488282044	0.09081140263649293	0.09092429811055672	0.27269700722253687	0.3636340771475928
0.18200477215419758	0.0907512760999265	0.09093245826329902	0.2728039906368359	0.3635075028457408
0.18188856368863338	0.09077417014021369	0.09092593561393189	0.2727583752657015	0.3636529552915193
0.18192152149809562	0.09082462957988349	0.0909033486533165	0.27271269191275804	0.3636378083559461
0.1817462404338802	0.09098635561321056	0.09093463609556636	0.2727331141808932	0.3635996536764495
0.18183739712812735	0.09087835375687765	0.09089894080081301	0.27275516333897054	0.36363014497521123
0.18177651347420035	0.09100408352653444	0.09094474118810143	0.27266489359891677	0.3636097682122468
0.181983466862597	0.09078219883919038	0.09091200046523416	0.2727245181674755	0.3635978156655027
0.18184784266730855	0.09088643793295602	0.09086504901734349	0.27270906973450787	0.36369160064788386
0.18185638101736631	0.09075081733145217	0.09091975716769475	0.2727451279897409	0.36372791649374564
0.18192674237174178	0.09098962523762455	0.09090787953456857	0.27266173159506346	0.36351402126100146
0.18180590771968985	0.09095251484468994	0.09089505904222311	0.272777035479207	0.3635694829141899
0.18175535280659427	0.09094093088854405	0.09094144864755913	0.2727573542387644	0.36360491341853796
0.18186972831483195	0.09093928600511583	0.09093367630906901	0.27266386755702743	0.36359344181395553
0.1817617337698787	0.09099102189579525	0.0909185492395678	0.2726634863045826	0.3636652087901755
0.18189963585742927	0.09079259117317924	0.09092591245341448	0.27270306084173923	0.36367879967423755
0.18188768364387664	0.09093660385575825	0.09091694851975085	0.2727232925212342	0.36353547145937987
0.18196866131403222	0.09089732744111974	0.09093258391294778	0.27266218566309663	0.36353924166880336
0.18182099282956515	0.09095888583293815	0.09089738411705474	0.27273827504273374	0.36358446217770796
0.1818801934791017	0.09092371424438452	0.09087380814343385	0.2727933552645188	0.3635289288685609
0.18200015555780155	0.09081706306519567	0.09089375881650573	0.27277831389211793	0.3635107086683789
0.1819074214590486	0.09070020711959023	0.09092842964430076	0.27271876919639976	0.3637451725806604
0.18204709115591358	0.09082419325942072	0.09087272119222249	0.2727093196820996	0.3635466747103434
0.181829297153376	0.0910260310198811	0.09091514032513734	0.2727159495428957	0.36351358195870964
0.18191637212250966	0.09074732131124177	0.09088915682647117	0.27272087733897726	0.3637262724007999
0.18198768108798855	0.09088760156566544	0.09089250318031364	0.2726385899751215	0.3635936241909106
0.18194434641897367	0.09084847067251897	0.09086883151869574	0.27270875625687796	0.36362959513293347
0.18187931177377226	0.09098626598511138	0.09090678855830218	0.27269950847295155	0.36352812520986244
0.18197372603806383	0.09067809966729426	0.09090058995602801	0.2728069464820287	0.36364063785658496
0.18197080233427226	0.09073311997019042	0.09089341942419094	0.27266306021611997	0.36373959805522615
0.18191002975763795	0.09078192675981614	0.09090958080089147	0.2726786537548642	0.36371980892679
0.18186799947682708	0.09089641895575447	0.09090110630293506	0.2727063008459417	0.36362817441854145
0.18186954158682256	0.0908952283429636	0.09087669842549514	0.27265621518410277	0.36370231646061574
0.1818529024267572	0.09092617965624239	0.09087941959317322	0.27277978754575705	0.3635617107780699
0.18184422748490703	0.09091452397411795	0.09086754673485373	0.272759676222433	0.36361402558368805
0.1818507155032184	0.09088770680174048	0.09089263765310038	0.2727912908942666	0.3635776491476739
0.18192037010785178	0.09080146877906572	0.09094532401660327	0.2726998036077804	0.36363303348869863
0.18188857970812972	0.09089519468271003	0.09092269474471289	0.272730284873808	0.3635632459906391
0.18204122986419752	0.09076508540862627	0.09088052920504855	0.2726900291070361	0.36362312641509137
0.18187257351657377	0.09092179561064548	0.09088909773508672	0.27263538720445113	0.3636811459332427
0.181886033830646	0.09095483277326258	0.09088648436608687	0.27270074513900544	0.3635719038909989
0.18192997401176147	0.09069943675259741	0.09090742635435538	0.2727474698374186	0.3637156930438669
0.18177384781969483	0.09093479197310872	0.09087441890530246	0.27281461114479233	0.3636023301571014
0.18193473558047088	0.09094862624245079	0.09087724334615746	0.27266574865834664	0.36357364617257404
0.1818170317743184	0.09101921892934631	0.09094193920924125	0.2726404273681199	0.3635813827189739
0.1818816894062081	0.09098612471959557	0.09093831000941396	0.272657590980174	0.36353628488460815
0.18189225489461486	0.090864396850783	0.09094062888541805	0.27274522420894787	0.363557495160236
0.18200953489709254	0.09071723502336776	0.09093566674350057	0.2726489715251891	0.3636885918108499
0.18177333154841463	0.0910227540367566	0.09088948365858145	0.27275921994918007	0.363555210807067
0.18181924880420774	0.0908205365467115	0.0909222391562353	0.27275435607193654	0.3636836194209087
0.18203469878978507	0.09072371100749009	0.0908913038337981	0.27274931320993956	0.363600973158987
0.18198518763587673	0.09073975310091355	0.09089128565071895	0.27281319350366157	0.36357058010882903
0.18187966145149287	0.09095951659334493	0.09093477704404075	0.2726557844231	0.36357026048802127
0.18195400948530954	0.09080500822442658	0.09089640366240033	0.2727891835053695	0.3635553951224939
0.18204166204671185	0.09074594521948659	0.0909207828196115	0.27271619846187045	0.3635754114523194
0.18201598073724462	0.09085626897652845	0.09092387546149161	0.27269948632228785	0.36350438850244726
0.18198291294938196	0.09077593857811572	0.09086510798981295	0.2726765856461976	0.3636994548364915
0.1820115534175004	0.09088366707602369	0.09093428253665034	0.27266572030546044	0.3635047766643649
0.18191840472096582	0.09070488766144111	0.09090491878036533	0.27281364441732725	0.36365814441990024
0.18174823078420121	0.0910158839691586	0.09089131013071092	0.27269547235777963	0.3636491027581494
0.1819434705446893	0.09078440439465114	0.09087515699590033	0.272682824681002	0.363714143383757
0.18188368137623398	0.09079434362003774	0.09087116198437753	0.27271504784546224	0.36373576517388834
0.18188181105691065	0.09093603723634311	0.0909224161047989	0.27270626662276237	0.3635534689791847
0.1818420143712086	0.09101271676918005	0.09088072565445147	0.2726400594562405	0.3636244837489192
0.18189931456054498	0.09088406573709516	0.09087908494750767	0.27263966429055253	0.36369787046429947
0.18203628957358975	0.09075065386586789	0.09088433674032546	0.2726814284613717	0.36364729135884494
0.18201589917839336	0.0907477044499066	0.09087332740325244	0.2727244219254865	0.36363864704296084
0.18179257332923382	0.09092477069623756	0.09094276690043666	0.27266434381237586	0.3636755452617159
0.18184004863900027	0.09086353581744801	0.09090606132990049	0.27280984696606037	0.36358050724759067
0.18197645862859976	0.09076633673041762	0.09090169898478064	0.2727139366841792	0.3636415689720226
0.18192138959437543	0.0909414799479532	0.09093604031563036	0.2726909772730047	0.3635101128690361
0.18182000071717208	0.0908835551819337	0.09090051549736684	0.2726780524846313	0.36371787611889583
0.18188749644072252	0.09088304848293224	0.09091338481306169	0.27266397566740797	0.3636520945958754
0.18202587849733018	0.09071199888545761	0.09094070267147329	0.27270224877771776	0.3636191711680209
0.18202768685338067	0.09071400242566888	0.09092965580145128	0.27279822680181076	0.3635304281176882
0.18185931411631928	0.09091486775208937	0.09094102227513025	0.2726878928524248	0.3635969030040361
0.18183486127756365	0.09092057072709334	0.09090002617518739	0.27270607289737847	0.36363846892277696
0.18182396017250765	0.09091358672836146	0.0908961628716832	0.27280613286230576	0.36356015736514175
0.18188382472494186	0.09084980292206774	0.09087032223214636	0.2727213270189064	0.3636747231019374
0.18189476329978255	0.09088237893273278	0.0908933462642433	0.27280291600365186	0.3635265954995893
0.18188026012515765	0.09093933072509142	0.09087418406297444	0.2727090564932647	0.3635971685935116
0.18198264350819127	0.09079089355423069	0.09092955489362937	0.2727780498094444	0.363518858234504
0.18183866712491908	0.09097032166978165	0.09089385444477702	0.2727764583251828	0.3635206984353392
0.18197315506108733	0.0907447804271366	0.09092116058782322	0.2727916785123592	0.3635692254115935
0.1818691656663644	0.09074142978765012	0.09093119697408479	0.27279320227601433	0.3636650052958861
0.18201993641075587	0.09072305890093262	0.09088665380385043	0.2726578896220464	0.3637124612624144
0.18190265913726306	0.0908910957710284	0.09094113038066735	0.27270735022601733	0.36355776448502364
0.18185886016140812	0.0909670336031852	0.09093723656843718	0.2726581078049249	0.36357876186204435
0.1820314272570822	0.09081661987752956	0.09094485576903949	0.2726529009654015	0.363554196130947
0.18200537836838643	0.09071308408385219	0.0909398881279249	0.27272379167193594	0.36361785774790034
0.18190180174044263	0.0908702377816548	0.09087412821256488	0.2726624350507977	0.3636913972145398
0.18190787780746015	0.09090528433852167	0.09089207066193676	0.27271922987805086	0.36357553731403036
0.1820196916420339	0.0907384718813568	0.09087411864303246	0.27265783593911763	0.3637098818944591
0.1820507678538863	0.09078957042331905	0.0909203906768959	0.27271306004554763	0.36352621100035093
0.18200084158552465	0.09089890060014402	0.09087504303431884	0.2727143704323123	0.3635108443477
0.18200896518056092	0.09076266406704495	0.09088003333260747	0.2727807400141155	0.3635675974056709
0.18201756056782475	0.09069635801830674	0.0909116475474728	0.27279519754515436	0.3635792363212412
0.18201595172279178	0.09071569883146276	0.09087635656207599	0.2727633893777427	0.36362860350592663
0.1820273910777686	0.09089389767175252	0.09087114282762827	0.27266477363987895	0.36354279478297147
0.18191981988368622	0.09097543260490694	0.09088957476191184	0.2726558311801674	0.36355934156932745
0.18181418569043203	0.09095171721469691	0.09087033589586162	0.27266069124759834	0.3637030699514109
0.18194777734729334	0.09085321892056503	0.09089080585470048	0.2726994454228989	0.363608752454542
0.18191180058656095	0.09077310821401284	0.09093489558628955	0.2727512491919141	0.36362894642122234
0.18177512907864898	0.09094303304800457	0.09089788624839192	0.2726435439884032	0.36374040763655113
0.18182534069643647	0.0908704406170366	0.09088406494708687	0.27271648101269214	0.3637036727267477
0.18194809051498206	0.09080505366159358	0.09094204127263242	0.2726531046269469	0.3636517099238449
0.1818012639867883	0.09087963969325331	0.09089593488827559	0.2727582185241163	0.3636649429075663
0.18194630049278906	0.09081341136959267	0.09091650959110417	0.27267531265895706	0.36364846588755684
0.18183412050947623	0.09092847527246774	0.09092413142383837	0.27265840496872606	0.3636548678254914
0.18201854118923505	0.09072188390172968	0.09094255463984173	0.27269349332494514	0.3636235269442482
0.18181376739491512	0.09083117032770001	0.0909298750915581	0.27276035105791047	0.3636648361279161
0.18191684073985853	0.09083414413615137	0.09087073982337565	0.27280063883384936	0.3635776364667649
0.18199308570892764	0.09088744475972296	0.09091397018974637	0.27265001131920724	0.36355548802239557
0.18204089277371321	0.09077206223813775	0.09093082021053733	0.27272684137240616	0.36352938340520535
0.1817837994031326	0.09089265289135058	0.09092469571398	0.2727633185662914	0.36363553342524524
0.18181528381141132	0.09085371480254245	0.09090202522073892	0.2728031622960699	0.3636258138692372
0.18179362349330916	0.09090788424887918	0.09086676455381808	0.2727318070169203	0.3636999206870731
0.18194127013812073	0.09083240212759311	0.09089774194714799	0.2727618714144219	0.36356671437271604
0.18192066221646333	0.09094847620010796	0.09087385419196341	0.2727186055741851	0.36353840181728003
0.18191057597653676	0.09088025113396085	0.09088838569987062	0.272750050098114	0.36357073709151755
0.18182364206508966	0.09099949855540732	0.09088912301760393	0.27275548488329204	0.36353225147860685
0.1819251653728859	0.09072278756564302	0.09093961827519124	0.2726996910066265	0.3637127377796531
0.18187921935553208	0.09087243899464438	0.09090298799098431	0.2727072346104974	0.3636381190483416
0.1818803561893855	0.09084923837824836	0.09086519036449488	0.2727364000209979	0.3636688150468731
0.18205181333056775	0.09075014229753964	0.09088985988359494	0.27272725381637375	0.3635809306719237
0.18179257132895102	0.09097133192948362	0.09091185969513396	0.2727947409537881	0.3635294960926432
0.18190808421766416	0.09079967066887036	0.09087682687486551	0.27273591925742025	0.36367949898117957
0.18187763412556224	0.09097687763416405	0.0909443987324339	0.272658916302141	0.3635421732056986
0.18180560839692267	0.09101555432887165	0.09090034998291374	0.2726679604191134	0.3636105268721783
0.18181708288203113	0.0908872163407381	0.09090541410437306	0.272673902772257	0.36371638390060057
0.18202105075157154	0.0908553189295382	0.09092853191576898	0.2726755527242769	0.3635195456788442
0.18189455079209566	0.09083606983934009	0.09089681832296295	0.27277403941408296	0.3635985216315182
0.18176438044821858	0.09094220215967931	0.09090883468622005	0.2727304127709338	0.36365416993494803
0.18199683729478316	0.0906857077600772	0.09094374843766904	0.2726906528010998	0.36368305370637055
0.1817739149456895	0.09089870948537576	0.09094400116705251	0.2726743547794544	0.3637090196224276
0.18179596869002793	0.09097254025329801	0.09090373729544607	0.272811827590757	0.3635159261704708
0.18195711123613534	0.09080177790897076	0.09090244920559984	0.2727481681692577	0.36359049348003625
0.181848896107158	0.09077069322411625	0.09092877688171382	0.272751505746921	0.3637001280400908
0.18177136648810552	0.09096623572216353	0.09093716378531227	0.2726666087915787	0.36365862521283976
0.18187315032378823	0.0908130807983723	0.09090840913470075	0.2727710750570689	0.3636342846860697
0.1818669969908726	0.0908846017078119	0.09089056478208679	0.2727825219458384	0.3635753145733901
0.18195099931776437	0.09068835285228574	0.09088194836803373	0.27280801859610326	0.36367068086581267
0.18192965012949894	0.09082113603062272	0.09092864393169815	0.27273564871638456	0.3635849211917954
0.1818573154666892	0.09101133491488193	0.09089994868934059	0.27271224545538675	0.36351915547370134
0.18194019349617926	0.09069695527511484	0.09092040170012375	0.2727647436927574	0.36367770583582454
0.1818121341961469	0.09094624013770503	0.09089579129642537	0.27266213253229044	0.3636837018374321
0.1819403047478919	0.09089335644581896	0.09087465604016377	0.2727141575538611	0.36357752521226405
0.1819702414014488	0.09083020429598693	0.09092066202924741	0.2727311984538254	0.36354769381949126
0.181882949097365	0.09102291054582248	0.09086727952183982	0.27270493669306517	0.3635219241419073
0.18194711385825066	0.09076851485875784	0.0909134044463983	0.27280733595110007	0.3635636308854929
0.18184069211168793	0.09079761757182177	0.0909368418838979	0.2727016640100324	0.3637231844225598
0.18177903362216874	0.09102870814769864	0.09089236384711266	0.27277732295942264	0.3635225714235971
0.18202498730502129	0.09070296123739913	0.0909384014410936	0.27271071145781856	0.36362293855866723
0.18180978657620145	0.09088980258826476	0.09092209232728007	0.2727803411625866	0.3635979773456669
0.18189804383825842	0.0909765159597352	0.09088289859567153	0.2727084339265047	0.36353410767982997
0.18191082796298413	0.09073798137872872	0.09089153618076758	0.27278840644669167	0.3636712480308277
0.1818504868424656	0.09084247467188356	0.09090246558792447	0.27274198981247644	0.36366258308524974
0.1818725508814431	0.09091050889608329	0.09092370846531021	0.2727782479891796	0.3635149837679836
0.18175346671253792	0.09094221731352173	0.09092985236472541	0.27266274742089425	0.36371171618832043
0.1817727035713054	0.09096557575994765	0.09089309197666023	0.27277741898153346	0.36359120971055303
0.1818896418451278	0.09101782279313049	0.09089153309005597	0.2726695579887277	0.3635314442829578
0.18180172561270413	0.09078291017747289	0.09090039790250745	0.2727893399939266	0.36372562631338873
0.18195011625869503	0.09079249770257172	0.09091122373058413	0.2726500009881898	0.3636961613199591
0.18202277536803163	0.09075956404851285	0.09091873543410935	0.2727922837194302	0.3635066414299158
0.18194399980995068	0.09070164779944759	0.09094074404415015	0.2727580487209223	0.3636555596255291
0.18177097988423613	0.09091502443270305	0.09087127548542806	0.27270031259616007	0.3637424076014725
0.1817608619329769	0.09094632706896946	0.09089172831729853	0.27269180760147615	0.36370927507927875
0.18191630051899715	0.0907728924495353	0.09087642966602393	0.272695361224055	0.36373901614138837
0.18175371077858782	0.09095856355374476	0.09093572762666377	0.27281394733111997	0.36353805070988343
0.1817751801588109	0.09094086167799438	0.09088052979200625	0.272802411269768	0.36360101710142023
0.18189077326006206	0.09088581749978022	0.0909239613082332	0.2727946674324252	0.3635047804994991
0.18196199320935286	0.09084698226324503	0.09092091808405377	0.27266441089849514	0.36360569554485295
0.18195102154792797	0.09083637217964571	0.09093048113851888	0.27274631997584026	0.36353580515806694
0.18183765064860244	0.09077053238193117	0.09093274303217583	0.27276235884554295	0.3636967150917474
0.18199899523714252	0.09072798920214777	0.09089691144151295	0.27272743119880044	0.36364867292039615
0.18181210401122427	0.09085668641250491	0.09093493546584355	0.27274908045440216	0.3636471936560249
0.1817887949333984	0.09092115346105283	0.0908659346559292	0.2727260878560176	0.36369802909360177
0.1819558970519029	0.09085558666927832	0.09092657997830492	0.2726580478177185	0.3636038884827952
0.18177758478448208	0.09102136251287318	0.09089579360471595	0.2727530916654771	0.36355216743245145
0.18195413657044407	0.09083990288788744	0.09091583737934487	0.27278559241270617	0.36350453074961725
0.18181427287697385	0.09099520101754728	0.09089954886495215	0.2726888378543294	0.3636021393861971
0.18202098694989294	0.09071301758072806	0.09086810839770847	0.272724092186938	0.3636737948847323
0.1819866956558026	0.09069566609056191	0.09090506320409317	0.27272583969836167	0.3636867353511804
0.18191470961729816	0.0907751729363735	0.09093178529431652	0.2728088191064447	0.36356951304556684
0.18188602090653816	0.09094980592353524	0.09086511991833857	0.2727663318599801	0.36353272139160775
0.18187900068866486	0.09086295407119423	0.0908967463721951	0.27268206000168316	0.3636792388662624
0.1818303465207067	0.09098211874282619	0.09091784988308296	0.27268740371176203	0.36358228114162194
0.18202505106752367	0.09075771421986703	0.0909376466066798	0.2727507545425501	0.3635288335633792
0.18198577107522565	0.09068781619434557	0.09090829908677511	0.27271141657145986	0.36370669707219355
0.181743098271364	0.09092906313584515	0.0909063016643793	0.27269435805971876	0.3637271788686926
0.18190280801730652	0.09076264406605451	0.09091429884652394	0.27274272075518446	0.36367752831493033
0.18178556779520919	0.09086830291802919	0.09091496767925104	0.27275207610703694	0.36367908550047345
0.18185056310095613	0.09079246827015167	0.09093382084246836	0.27270658277309956	0.36371656501332406
0.18176167874405105	0.09100932326713976	0.09091671316153724	0.272731852855048	0.3635804319722237
0.18177329339661163	0.09083876717976458	0.09087477259622673	0.2727862177805727	0.3637269490468241
0.18195361742621666	0.0908029729658621	0.09087128405966202	0.27274300963281684	0.3636291159154422
0.18197252126976118	0.09070856858589944	0.09091814960203905	0.2727954552416751	0.363605305300625
0.18180288062329034	0.09095045796865034	0.09091383206417354	0.2727136548736249	0.36361917447026065
0.18193686133451675	0.09077117554065524	0.09089406249115033	0.27275887753769995	0.3636390230959775
0.1820248081667053	0.09068125838194618	0.09094389707976591	0.2727002996424128	0.36364973672916956
0.18181247110036747	0.09087465505244831	0.09090573923996477	0.2726784914255806	0.36372864318163867
0.18199886309144025	0.09078567079726897	0.09088542242221259	0.27279982493410854	0.36353021875496944
0.1817667760219065	0.09093144242492304	0.09088629501065555	0.27273388011181304	0.3636816064307017
0.18188959153321502	0.09068905017071614	0.09092316712616354	0.27276371336278316	0.36373447780712187
0.1817983159537201	0.0909144058295235	0.09086893198189074	0.27278456517422844	0.36363378106063704
0.18201173099413392	0.09074833867610377	0.09094004259133749	0.2727273227321936	0.363572565006231
0.1819918953145513	0.09069039722082567	0.09090763825488524	0.27272969755534937	0.3636803716543882
0.18197172085684107	0.09075817363205377	0.09092229912794107	0.27280831599137156	0.36353949039179234
0.1818524978069403	0.09088449204127366	0.0909140811295346	0.27270985931558156	0.36363906970666965
0.1817452314561937	0.09097751914619373	0.09091762716156263	0.2727447757535694	0.3636148464824803
0.18197889597133174	0.09081619211140507	0.09088286290942177	0.2726752108068904	0.36364683820095084
0.18192167342415722	0.09101217921509676	0.09088926332611687	0.27265637183995295	0.363520512194676
0.182018961015666	0.09075859051990834	0.09091958217732986	0.2727128929868664	0.36358997330022913
0.1817658874309556	0.09082174051788569	0.09093268152910276	0.272813800228774	0.36366589029328167
0.18192936200244555	0.09087204309591566	0.09090720686501946	0.27278028377369656	0.36351110426292255
0.1819794737007239	0.09076883765930942	0.09093680757964877	0.27278104984745144	0.3635338312128663
0.1819601636444964	0.0907237256766994	0.0909033452804213	0.2727683125512445	0.3636444528471382
0.18184752127417728	0.09092373926232383	0.09088880657057158	0.2728127737495878	0.36352715914333933
0.18188572734010972	0.09091964593411314	0.09087029578752367	0.2727375391014771	0.3635867918367761
0.18176263603991388	0.09096930451197158	0.09091454621891665	0.2728018449721871	0.3635516682570106
0.18178970227972546	0.09096363508944495	0.09089326390214733	0.2727801828375659	0.3635732158911162
0.18174763117449402	0.09088753807288043	0.09088066459836613	0.2727858337043295	0.36369833244992966
0.1820230597745391	0.0908786532127161	0.09088108906181	0.2726941832459061	0.36352301470502857
0.18178872395638945	0.09096075961645596	0.09090523261812357	0.2726410397554463	0.3637042440535845
0.18178513133679758	0.09085026457230887	0.09091063912744322	0.27274170653756785	0.3637122584258823
0.1818031375116272	0.09085592020216846	0.09090027590689675	0.2727110662728172	0.36372960010649014
0.18195293888345704	0.09087454558615854	0.09088889082550615	0.2727203852520526	0.3635632394528254
0.1817548268013971	0.09090733784106275	0.09090713357249088	0.27280812706046065	0.3636225747245884
0.1818991574384046	0.09076446205836478	0.09092622085047314	0.2727746976368552	0.3636354620159021
0.18200270994628695	0.09073966678737405	0.09090474037564356	0.27278841472528925	0.363564468165406
0.1817985411805544	0.09085331004866837	0.0908793134337108	0.2728048038413503	0.3636640314957159
0.18191158506727267	0.09076060204126245	0.09093785772575519	0.27265722100057643	0.3637327341651331
0.1817744297830705	0.09082071428445652	0.0909148312602668	0.272805537046647	0.36368448762555894
0.18185820717461157	0.09091441388407061	0.09086513478306404	0.272675635302961	0.3636866088552926
0.18187122963483254	0.09101208758746646	0.09087022082150456	0.2727297022749695	0.36351675968122665
0.18201202755504833	0.09079228229068141	0.09089620643620351	0.2727232223764798	0.3635762613415867
0.18181876263035315	0.09083344781597251	0.09087556322449161	0.2727401917650741	0.3637320345641084
0.18190074059342606	0.09078208912237073	0.09088409329034708	0.2728134561844189	0.3636196208094371
0.1818330593354773	0.09101090684710132	0.09089635073722323	0.2726861246480289	0.363573558432169
0.18198319929421403	0.0908447540489682	0.09091989774246116	0.27272696070889635	0.3635251882054601
0.18189086614204336	0.0907724583700113	0.0908647901700736	0.27279682459836835	0.3636750607195032
0.18182861744622167	0.09083410268304035	0.09094208153003489	0.27266673908049155	0.3637284592602113
0.1818265454538215	0.09084974235123794	0.09088325848362153	0.2727886903011254	0.36365176341019345
0.18195903362740767	0.09080276855466463	0.09090173537812768	0.27267507704036886	0.363661385399431
0.18174578284947243	0.09093340304578433	0.09092519388606045	0.27274961886300675	0.3636460013556758
0.1819584483404647	0.09089424766093789	0.0909177262979257	0.2727075581136183	0.3635220195870532
0.18192884609735416	0.09084987655994342	0.09090313397410485	0.2727546134367068	0.36356352993189056
0.18184983092604318	0.09085330263212166	0.09093085193587436	0.27267424288676867	0.3636917716191919
0.18186417141554875	0.09102541501063798	0.09087216435887628	0.27263827362546006	0.3635999755894767
0.18182569702824675	0.09089572146576386	0.09093129511075	0.27271295603800877	0.3636343303572304
0.18204098924644535	0.0907095939115021	0.09093031007618871	0.2727577922155489	0.3635613145503147
0.18184606936906333	0.09096503334088325	0.09090766022025192	0.27272436439086345	0.36355687267893777
0.18192572362598344	0.09089789478828275	0.09090759963334492	0.27272084599389373	0.36354793595849494
0.18199525332937955	0.09091702104559458	0.09088550663008045	0.27264563619854304	0.36355658279640213
0.1817816413633175	0.09097034643401752	0.09086780483352816	0.27275377111041876	0.3636264362587178
0.1819984124885286	0.09079597478646506	0.0908941526314009	0.27277929201130047	0.3635321680823047
0.1818272821491253	0.09085477802245619	0.09090967787597577	0.27275856129957093	0.36364970065287155
0.18204206484960872	0.09072801810258135	0.09090913991932126	0.272750467153096	0.3635703099753925
0.18180789838851102	0.09078544683771182	0.09091100594360484	0.27276924520194656	0.36372640362822556
0.18179946449380663	0.09081393892612119	0.09094448676315942	0.2728126701834164	0.36362943963349614
0.1818544277539655	0.09094780265360691	0.09089694574676518	0.2727653738022846	0.3635354500433776
0.18176808369465214	0.090833830298968	0.09092265397478581	0.2727670823780511	0.3637083496535427
0.1819489276057174	0.09073864768277118	0.09090275379800729	0.27271864228397436	0.3636910286295296
0.18186653765078142	0.09089472163029726	0.09091083360842209	0.27272176508448276	0.36360614202601627
0.18177408309255033	0.09093962051223277	0.09093531727147358	0.2726968501729733	0.3636541289507699
0.18200483957170635	0.09094930313832374	0.09086873737449186	0.2726372651614466	0.3635398547540313
0.1818384576118139	0.09089511228433013	0.09090667031114005	0.27276682160347765	0.36359293818923805
0.18197805374109827	0.09085339181249062	0.09087624182060378	0.272747028451356	0.3635452841744511
0.18176259955652138	0.09099909376840189	0.09092061606489034	0.2726359098887001	0.36368178072148605
0.18200524020992825	0.09071603265690249	0.09088604990785987	0.2727475164592874	0.36364516076602177
0.18175320688273333	0.09093670629401354	0.09090764821939831	0.27280625264188607	0.3635961859619685
0.18182015640286925	0.0910272364074988	0.0908730211754337	0.27266769868068275	0.36361188733351524
0.1819167819279402	0.0907982184463682	0.09091928502107154	0.2727624735990275	0.3636032410055924
0.18186539671283877	0.09102526337010128	0.09088505470202926	0.2727202285058384	0.3635040567091921
0.18185729733518768	0.09097764682255108	0.09093516000399778	0.272722194903178	0.3635077009350852
0.18194423623045908	0.0908106463798613	0.09089358226723517	0.2726678246238435	0.36368371049860077
0.18192621517565175	0.09081875500307597	0.09086941004825805	0.27264462247996196	0.3637409972930521
0.1817608712458692	0.09093523469222362	0.09091506816750569	0.272738073381343	0.36365075251305834
0.1817584365248977	0.09101776514704048	0.09086529090756787	0.2727070258257897	0.36365148159470406
0.18180990374555978	0.09102356389757212	0.09087050668918266	0.27264858901806355	0.3636474366496217
0.1818425535087939	0.09085217273518033	0.09090510730616219	0.2727651353289715	0.36363503112089185
0.18191195467510884	0.09084690393904929	0.09089276335152081	0.27269174721656814	0.3636566308177527
0.18182821008152333	0.09094344295676327	0.09087378432624599	0.27266592472359846	0.36368863791186873
0.1819235834782716	0.09070522097110424	0.09092440894299388	0.2727671145658517	0.3636796720417784
0.18194241284097137	0.09078289761019345	0.09087748531409592	0.272736952266876	0.363660251967863
0.18176997442613108	0.09102235679177265	0.09086861272015384	0.2726431184315513	0.3636959376303909
0.18174832522610904	0.09099845244347891	0.0909302707604841	0.27277810929942864	0.3635448422704991
0.18193967847910195	0.0908334826943403	0.09089600186442795	0.2727360227935868	0.36359481416854283
0.18180836327813188	0.09087039374859321	0.09090724123596944	0.27277466183682797	0.36363933990047725
0.18181612261295807	0.09084691914141471	0.09093470716305757	0.27277875094411574	0.3636235001384537
0.18174174754843736	0.09093451293626179	0.09088103968609226	0.272815831678529	0.36362686815067935
0.18184184421745858	0.09089882423076617	0.09091994049892083	0.27267234000800744	0.36366705104484676
0.18195728252822663	0.09086213705193784	0.09091615271640587	0.27271665383940885	0.3635477738640206
0.18180693175897963	0.09093914629205896	0.09094534638015472	0.27266903555281335	0.36363954001599313
0.18182830242154516	0.09081996915100807	0.09091626527636651	0.2727734375499032	0.3636620256011769
0.18182800586615158	0.09078225617075616	0.09093636743407271	0.2727281892320686	0.36372518129695075
0.18199051124698948	0.09086883215049482	0.09087796011329846	0.2727084690642339	0.3635542274249831
0.1819145001759659	0.09093248803670656	0.09091912646004392	0.27266653815543634	0.36356734717184713
0.1818882849250386	0.09074130183009123	0.09088848141803958	0.27275515070818535	0.3637267811186451
0.181770080991345	0.09094409924283804	0.09089885824436064	0.2726420651159953	0.36374489640546076
0.18197815042883383	0.090822131461442	0.09092828301616857	0.27270531824398914	0.3635661168495663
0.18203894204795107	0.09080550694555556	0.09092222887018063	0.2726346112510698	0.36359871088524276
0.18187656299550486	0.09083319103606571	0.09094529548200808	0.2726901709515697	0.36365477953485137
0.18203922014407173	0.09070481496420035	0.0909261894301803	0.27273699637034954	0.3635927790911978
0.18191629019448438	0.09077840871268891	0.09089741957464868	0.27275640199239837	0.3636514795257795
0.18185546230827637	0.09098815062877974	0.09089238509792977	0.2726865827046264	0.3635774192603875
0.18187552909351434	0.09096777607908621	0.09090030075414696	0.27272362645405324	0.36353276761919906
0.18175588984202729	0.0909034649736596	0.09088735744695253	0.27271071888247106	0.3637425688548893
0.18183552497118494	0.09099225742112733	0.09090773950326222	0.2727219317439152	0.3635425463605101
0.18205301794584317	0.09070824613339185	0.09088133153036637	0.2728100734004676	0.36354733098993075
0.18201863379162544	0.09076091803662348	0.09092787047354975	0.2727196692343198	0.36357290846388135
0.18177732604436672	0.09102093026599317	0.09089263047473846	0.2727193817808305	0.3635897314340709
0.18199583594895302	0.09078458314626885	0.09092135729157753	0.27275766490598297	0.36354055870721735
0.18182757212295172	0.09092846814715635	0.09093759724644089	0.2726832278922223	0.3636231345912285
0.18176417025657088	0.09098030052527765	0.09090470608454983	0.2727759523421268	0.36357487079147466
0.1819758831635498	0.09085857995506394	0.09090127211836425	0.27267765916193004	0.3635866056010918
0.18180394285128473	0.09090674967389174	0.09094127990923358	0.2727239226103897	0.3636241049552001
0.18176261602474642	0.09080682655390306	0.09092944743232358	0.27277149906602455	0.3637296109230022
0.1819761875941157	0.09092632047467825	0.09087007853147736	0.27266755429162604	0.3635598591081024
0.18183813445852529	0.0910228997793334	0.09090046929383586	0.272636990187755	0.36360150628055027
0.18180953375340425	0.09085605921477188	0.09092847100931693	0.2727936890279887	0.3636122469945181
0.18200262191899375	0.09084753854099421	0.09087667810999775	0.27272386768414786	0.3635492937458662
0.1819642274699428	0.09084539765035883	0.09091536492014589	0.27271264832289815	0.3635623616366541
0.18177601639641947	0.09100486382887267	0.09092893713033999	0.27269745939428724	0.3635927232500804
0.1820213550447339	0.0906968114635534	0.09087901751903542	0.27271966351096333	0.36368315246171373
0.18175716233678182	0.09085806179701841	0.09088114990067933	0.27278778463785863	0.3637158413276616
0.18199036404947805	0.09074800956891438	0.09087384289765987	0.27266563974725244	0.36372214373669504
0.18191278556441137	0.0909095106199764	0.09090314702527985	0.2727211526127994	0.3635534041775328
0.18204929882624904	0.09072013802820456	0.09092156284150699	0.27271669765585355	0.36359230264818565
0.18175842406296938	0.09099405264662297	0.090914466089228	0.2727111344108633	0.36362192279031613
0.18177954413854272	0.09083703862805043	0.09089156021846395	0.27274598881110385	0.36374586820383886
0.1820117466420536	0.0908314164143627	0.09087519465644318	0.2726951896469746	0.3635864526401657
0.18194398458075928	0.09071467614588559	0.09092017941109824	0.2726769586008295	0.3637442012614272
0.18190931286135514	0.0908279594483978	0.09092461558537586	0.272634632324126	0.363703479780745
0.18186168585654378	0.09085670215883451	0.0908836033512706	0.2727777073223163	0.3636203013110345
0.1819918844508527	0.09072470416954104	0.09090254062466607	0.27267795549209894	0.36370291526284104
0.18179159100081219	0.0909301287833451	0.09088061448448513	0.27271962223115914	0.3636780435001983
0.18177102678761084	0.09095518451520274	0.09093037989198594	0.2727238911264388	0.36361951767876144
0.18190583993582482	0.09089540966521181	0.09090503646462195	0.27266354838372897	0.3636301655506123
0.18201085598820615	0.09084043624863578	0.09094026048841841	0.2726908564396918	0.36351759083504764
0.18177834272215787	0.09083990988978294	0.09092678796916022	0.2727431668166313	0.3637117926022674
0.1820022917203914	0.09073748143698196	0.09088946790091801	0.2727378159329106	0.36363294300879784
0.18183981785719866	0.09101424527424885	0.09089426157708239	0.2726726758859167	0.36357899940555327
0.18197959750487264	0.09084640982074431	0.09087002306120374	0.2727989431280774	0.36350502648510163
0.18196583922505177	0.09077985341953498	0.09087315961668885	0.27268536032514595	0.3636957874135782
0.18175923895518922	0.09090745709549064	0.09090568340569377	0.272700253659911	0.3637273668837151
0.18203734823856432	0.09082090263130169	0.09089943388107107	0.272642339734949	0.3635999755141137
0.1818944721315086	0.09073569065693647	0.09089725775479897	0.27279601206688103	0.36367656738987475
0.18199587862886799	0.0907073431182036	0.09093645595363643	0.2728077316668725	0.3635525906324193
0.18186700193724045	0.09098543943779917	0.09090860145850313	0.2726997535811522	0.3635392035853048
0.18179119004856695	0.09097885689856926	0.09091894502466519	0.2727495913904171	0.3635614166377813
0.18189061655153302	0.09091237389691088	0.09089600132081524	0.2727337386153931	0.3635672696153475
0.18188734535764506	0.0908571918468659	0.09086947531768169	0.27265080221130533	0.36373518526650184
0.1818047174137254	0.09084741879924192	0.09094407015923156	0.2726685269971302	0.36373526663067074
0.18180095515492697	0.09078081648136142	0.09093577874211378	0.27275022371497043	0.36373222590662724
0.1818032857673929	0.09098280406725157	0.09087129867609856	0.2727131687433524	0.3636294427459043
0.1817803233941686	0.09099247128417558	0.09091241167986171	0.2727410581093137	0.3635737355324802
0.18184183137018683	0.09090554964913929	0.09092371849252918	0.27268265383677137	0.36364624665137313
0.18174661441870088	0.09090129970975738	0.09091022589968156	0.27270001023006585	0.36374184974179413
0.18197277611048152	0.09068441396195931	0.09088136937200691	0.2727663699766473	0.3636950705789047
0.1819815840752354	0.09072248265724314	0.09091583012552817	0.27264933358579646	0.36373076955619665
0.1817896194174496	0.09089575987132788	0.09092832189855118	0.27279158353618005	0.363594715276491
0.18191590416046444	0.09076873167148253	0.09090245806989808	0.272703366333179	0.3637095397649758
0.18196205348347802	0.09075438391571702	0.09091396692186157	0.2728106578896145	0.3635589377893287
0.18175607185773643	0.09094574963136852	0.09087859891061496	0.27281415273138493	0.36360542686889497
0.1818879782979579	0.0908181425194443	0.09090175261431012	0.27272090626953194	0.36367122029875554
0.18188668280542114	0.0907703353814562	0.09091485686228705	0.27273087275905744	0.363697252191778
0.18196498385253254	0.090710318128549	0.09088385653372409	0.27278237739308514	0.36365846409210906
0.18178490121810856	0.09080273816346533	0.09091665012351105	0.2727734621332475	0.36372224836166733
0.18198149711867478	0.09081229008888014	0.09091837296449748	0.2726957795762388	0.3635920602517086
0.1818745865798285	0.09089716239816123	0.09094138105965668	0.2727284695437132	0.3635584004186402
0.18184299286664923	0.09093962180672255	0.09091285223428502	0.27270648715259826	0.3635980459397447
0.18195767999848186	0.09071823841058382	0.0909208607165822	0.27266170313008004	0.3637415177442719
0.18197304643959145	0.09070131740438174	0.09091016614910152	0.2727039538851334	0.36371151612179164
0.18191896964829213	0.09085668670336344	0.09088177013687909	0.27264102046549865	0.3637015530459665
0.1819314774192002	0.09083542104081066	0.09087989601566115	0.2726712167529476	0.36368198877138014
0.181981992424075	0.09079163513244419	0.09087901667253963	0.2727959832566368	0.3635513725143042
0.18179263261245715	0.09095177231155029	0.09089865574436733	0.27274563136088525	0.36361130797073976
0.18203740334141777	0.09083079564336644	0.09092889182265407	0.2726779184700302	0.3635249907225313
0.18204720052706988	0.09073904811206776	0.09093582301546642	0.27274617207651597	0.36353175626887974
0.18183637415921244	0.09098888429022689	0.09091617942549539	0.27269059499395265	0.3635679671311124
0.1818818650446157	0.09094999329429357	0.09086493142500998	0.2727388358650963	0.3635643743709842
0.1818664691654651	0.09090839713159023	0.09087536998341775	0.27275258886254555	0.3635971748569812
0.18197409702681352	0.09080079263853288	0.0909290396667668	0.27277018705276923	0.3635258836151174
0.1818840780479237	0.0908221700898632	0.0909065957407506	0.27273925505550456	0.36364790106595773
0.1819353604559647	0.0909383837219044	0.09088950211407591	0.27270740223611667	0.3635293514719381
0.18194756075830845	0.09072912584375128	0.09092664212989332	0.27266747425616433	0.36372919701188244
0.18194674127612745	0.0907618981142826	0.09090474727061984	0.27281262555522506	0.36357398778374483
0.18191872374587337	0.09071115609024644	0.09091323303147958	0.2727963512668603	0.36366053586554015
0.18195733093105718	0.09077588051096216	0.09088676730496845	0.27266632470807434	0.3637136965449377
0.18186160598675383	0.09096007803746545	0.09094341706396913	0.27270734287281967	0.3635275560389917
0.1820448396267572	0.09070838625071852	0.09092783445434814	0.27269819774277876	0.3636207419253972
0.1820383714938817	0.0907473360909247	0.09086800638270845	0.2728101958115606	0.36353609022092437
0.1819571761379264	0.09077083579587403	0.0909263391789704	0.2727020117726746	0.3636436371145544
0.1820262567416	0.0907922472492922	0.0909118443981962	0.27275397258004924	0.3635156790308621
0.1818069748701469	0.09098852673414182	0.0909108024062173	0.27271750827858443	0.36357618771090927
0.18187598123667834	0.09097278626415096	0.090911936299116	0.2726392980158264	0.36359999818422806
0.1818275856723918	0.09089426823061034	0.09086638320946244	0.2728018276806419	0.3636099352068934
0.18194360912061486	0.0908672028220831	0.09086707964531411	0.27273782552303893	0.3635842828889488
0.18200699357134406	0.09089604385466743	0.09094424946509355	0.2726344416188636	0.36351827149003113
0.18174463545602348	0.09083981201244858	0.09093728432529061	0.27278497115096284	0.3636932970552743
0.1819011683727118	0.09079335171414586	0.09089846588281117	0.27279027730963024	0.3636167367207007
0.18198651245141656	0.09071746667722116	0.09088047693710513	0.2726718523715217	0.3637436915627352
0.18184230564361156	0.09095103142058891	0.09091991196710082	0.2726501633173641	0.3636365876513344
0.18177487322361802	0.09102291763026214	0.0909266693023334	0.2727157384999206	0.3635598013438657
0.1820496090889618	0.09077054726714408	0.09088107820723484	0.2727056864550548	0.3635930789816043
0.1818854538679383	0.09072276749701833	0.09090784364880537	0.272774730431248	0.3637092045549898
0.18198436054293837	0.09084397603087654	0.09087862087421719	0.2726712848518955	0.3636217577000722
0.18182858593322015	0.09079121838069062	0.0909100063490019	0.2727586981044056	0.36371149123268154
0.18175023871186627	0.0910264082703077	0.09087761749883638	0.2726873517510768	0.36365838376791265
0.18192412384972628	0.09084969959712211	0.09089859141580285	0.272716613672712	0.36361097146463656
0.1817697038728724	0.0909109276740229	0.09094496114282505	0.2727135610308508	0.3636608462794286
0.18204826165455756	0.09085017054884639	0.09092531713547164	0.2726396995094017	0.3635365511517225
0.1819382814166639	0.09101628929898764	0.09086775358685117	0.2726704242460683	0.3635072514514288
0.1819813416210046	0.09091379576444679	0.09093358659578066	0.27264890892301163	0.3635223670957561
0.18201556627458082	0.09087605113688367	0.09091964102087693	0.2726763863975915	0.3635123551700669
0.18180485469255442	0.09086143709589133	0.09089071290358024	0.27276126956156266	0.3636817257464111
0.1817750866987159	0.09087825741328459	0.0908955344382342	0.2727395147600147	0.36371160668975044
0.1820526750240487	0.09081236831345196	0.0908800183525203	0.2727187428362562	0.3635361954737226
0.18202079319428116	0.09093888366750266	0.09087396068382418	0.27263420022799556	0.3635321622263963
0.18181967386569736	0.09087140827176628	0.09089131999825778	0.2727755192809406	0.36364207858333775
0.18196568087529355	0.0907155045406266	0.09093340018531085	0.27280300064465307	0.3635824137541157
0.1818565070830876	0.0907949192007216	0.09092731792068338	0.2727733420737556	0.36364791372175165
0.1819956010382182	0.0908502857522128	0.09087734527040221	0.2726516088073851	0.3636251591317815
0.18180657062777772	0.09092206096184349	0.09090259959096675	0.27269089677346625	0.3636778720459456
0.18183415352167367	0.0909838011999675	0.09090275382246397	0.272766950233271	0.36351234122262355
0.18192122656500137	0.09098022429219836	0.09088612511479015	0.27266810943684094	0.363544314591169
0.18197011220506037	0.0907271853665215	0.09091897404878879	0.272778843713996	0.3636048846656332
0.18197508463895343	0.09081757636892573	0.09089053852590756	0.2727115779406575	0.36360522252555555
0.18194744118793654	0.09092143654681535	0.090879414207178	0.2726631640718247	0.3635885439862452
0.18181072970376244	0.09091280981930115	0.09091604365324066	0.2727616764585082	0.3635987403651873
0.18186966826876783	0.091027789425876	0.09090009968416976	0.27264533203248575	0.36355711058870044
0.18183009593432398	0.09088108146075162	0.09093698003132633	0.2727310491471896	0.36362079342640824
0.182011462294207	0.09073058118059987	0.09093519002096091	0.27265335885962666	0.36366940764460537
0.18203378719565805	0.09093199052019585	0.0908666032536484	0.27264426856834695	0.36352335046215056
0.18200573538114884	0.09082123673036917	0.09087283170254291	0.2726898733789876	0.3636103228069513
0.18184366559419204	0.09098688180050343	0.09088783234929035	0.27269480233120896	0.36358681792480496
0.18202527081726258	0.09082943235064006	0.09092393069169019	0.27270816185061886	0.36351320428978817
0.1819838575692822	0.0907573040590998	0.09091807346115455	0.27277752559929536	0.36356323931116785
0.18203568084987762	0.09074285969656945	0.0909115824478961	0.2727179633947677	0.3635919136108889
0.18185007630922495	0.09089903675835456	0.09094309377032606	0.27275385280879	0.36355394035330424
0.18183278604744205	0.09090088933117826	0.09087820510422225	0.2727535503334909	0.3636345691836663
0.18184815306661867	0.09093683188420958	0.09092396852521306	0.2727752106240583	0.36351583589990016
0.18191561732856434	0.09092594953489123	0.09092313112621511	0.272678472375665	0.3635568296346641
0.18198681988693305	0.09085779363904317	0.09092161818007849	0.2726815607206744	0.36355220757327067
0.18184622504985826	0.09096005246317176	0.0909175805759149	0.27273540447747424	0.36354073743358073
0.18183561881646598	0.09095616983065513	0.09090760440459326	0.2727314110672508	0.36356919588103465
0.1820137734855563	0.09073000017101343	0.09092276033008839	0.2727509435109346	0.363582522502407
0.18192623636441554	0.09071578314297309	0.09094276155044324	0.27279425267844354	0.3636209662637244
0.18198230447007271	0.09092680098997852	0.09093048517736352	0.27263812092111717	0.3635222884414679
0.18185636886654802	0.0908691481432109	0.09089908336323371	0.2726767818253062	0.363698617801701
0.1820141419038253	0.09091990676819352	0.09088354733264166	0.27263460727762084	0.3635477967177185
0.18189721657487923	0.09093658368278279	0.09093813390063794	0.27266675638758037	0.3635613094541195
0.1818169813615464	0.09100763684711538	0.09093668159001504	0.27268528687480204	0.3635534133265209
