0.28537502637359574	0.17473156128639156	0.14844046775880151	0.0988629144457415	0.2925900301354694
0.2763804696090994	0.15988327846981154	0.15820306120815178	0.1015380248291241	0.3039951658838129
0.277949513128117	0.15205319428707112	0.1732711437934525	0.10169828037210901	0.2950278684192501
0.2571914351464956	0.19495234763928243	0.14513292496877836	0.10090195137275361	0.30182134087268975
0.24603562752522123	0.17820526478086554	0.16454516203353947	0.10381067623877513	0.3074032694215984
0.292345835487949	0.19378455516520854	0.10264846422322106	0.10300510674921527	0.3082160383744058
0.2507424601928181	0.20794582085451874	0.16966381580002568	0.09428895581988626	0.27735894733275096
0.29112383516859053	0.2196148279738169	0.10437417316048224	0.10349013463655661	0.2813970290605534
0.2675190510905975	0.1491577965783078	0.17628183894487104	0.10198997955698197	0.30505133382924143
0.28181068944521115	0.21560346698924193	0.12492865075378812	0.09651168446415824	0.28114550834760027
0.25303157497725076	0.21119782797661332	0.11976193748599168	0.10746603854001976	0.3085426210201242
0.25045633049051097	0.1856951287406842	0.17441431110437952	0.09651328904849896	0.2929209406159261
0.2803531561284429	0.18014626783792181	0.15499484644898628	0.09940190505984797	0.28510382452480076
0.251803628541407	0.21300631607300732	0.15444477269293197	0.10397248426133242	0.2767727984313211
0.28508005558846494	0.16712971203556928	0.16111271162587143	0.09599560808263882	0.29068191266745524
0.2521402079876628	0.1973591885598539	0.17417872376388052	0.10041379678617626	0.2759080829024263
0.2707044231946244	0.18659766315981202	0.13091819900593415	0.10601545851265509	0.305764256126974
0.2559500847345468	0.1982970320758496	0.14917018648997743	0.10305337110537988	0.29352932559424605
0.2556723129619637	0.18816076983885624	0.14239509780113402	0.10071294565668046	0.3130588737413653
0.26273462099837763	0.21315604939153582	0.1360952542942278	0.10407521418788697	0.2839388611279715
0.24562994460830767	0.23910453758133757	0.10318739025829299	0.10439795615575824	0.3076801713963033
0.2795566624737451	0.2060484664036648	0.10179138582495435	0.10157507197706468	0.3110284133205708
0.2539575322265809	0.2283867067190598	0.12153282350076593	0.09743932963832727	0.2986836079152658
0.28753211813151097	0.18504489530986357	0.14317054066188203	0.09860777792700263	0.28564466796974053
0.24102823553473246	0.2434148828369137	0.11048822790792373	0.09845840940613161	0.3066102443142983
0.23930541929680865	0.2093825465853005	0.14437061802684156	0.10090311065074702	0.30603830544030197
0.27881716779836857	0.17351611791774818	0.14785590275373256	0.10145597848897275	0.29835483304117766
0.250856053139295	0.21091904829864247	0.14405383309502626	0.10489672504467511	0.2892743404223609
0.24293708644290352	0.2364773463385029	0.11861502906170543	0.10637320559457072	0.2955973325623172
0.28421314103034623	0.21617617120527496	0.09876119477638308	0.09844821679962434	0.3024012761883711
0.2756106420279726	0.164891169092105	0.15838067565675784	0.10281844372841065	0.29829906949475365
0.2430800848768436	0.17386830564092423	0.16361215903352655	0.1073839968857769	0.31205545356292846
0.2796694059815222	0.14068358745893042	0.17133182910823488	0.0942558768483631	0.3140593006029491
0.2579387783619717	0.1562295509400454	0.1754828278356207	0.10584823047584405	0.30450061238651793
0.2543205858579707	0.2374127125464254	0.12774097007277835	0.09942040134440008	0.2811053301784252
0.26997419364911057	0.21214939722484175	0.13892568187084256	0.0950323497528154	0.2839183775023894
0.29531102176682855	0.14240353993737612	0.16777464732022204	0.10626869395169489	0.2882420970238781
0.24208259861537462	0.18757360706132345	0.1600711129073703	0.10004379141050193	0.3102288900054294
0.2558478348550833	0.21319716534983926	0.13420896464043214	0.10388320788631837	0.2928628272683267
0.2582448616821972	0.18262924472117947	0.17559195527022683	0.10182827519433199	0.28170566313206424
0.26923673826544314	0.14002549912451695	0.17587310954334984	0.10316075771464844	0.31170389535204135
0.28059265888130497	0.20702831199006394	0.11471723787332334	0.10525943954337545	0.29240235171193196
0.24650830037676674	0.24508863896403843	0.12623958847512942	0.10385729602191011	0.27830617616215503
0.29417232680294436	0.1565881371790682	0.16366953166210316	0.09734832589563507	0.28822167846024893
0.25684072697149396	0.15724259822578593	0.17084204715605142	0.10310988328003182	0.3119647443666366
0.2513965211112481	0.22645658687781783	0.11488347464853865	0.10324517062630369	0.30401824673609146
0.2960340197436001	0.16120109343952388	0.1537584058400352	0.09744907050171188	0.29155741047512873
0.2733433420920866	0.22062002953784748	0.10561044547102243	0.10667122633253656	0.29375495656650663
0.2699231142938879	0.24604684007710528	0.1051941888164649	0.10179110413294024	0.2770447526796015
0.2906629491008207	0.19596041303645922	0.10382181177663745	0.10149713653313973	0.30805768955294266
0.2763453166698119	0.19008528003017705	0.16278009932900883	0.09487147671043439	0.2759178272605676
0.24564480928959062	0.24186739012891859	0.11973067492992197	0.1056648124991951	0.2870923131523735
0.25261574270473114	0.18991882933016477	0.17263211764331	0.09845170539402975	0.2863816049277641
0.2896171234219162	0.15883588134351867	0.17251092327646056	0.10046904734094907	0.2785670246171552
0.2625155358753623	0.20186290119018135	0.13741045080086878	0.10719033741340815	0.2910207747201792
0.26278129116300375	0.22911759680027668	0.11043515351218172	0.10302084124860038	0.29464511727593723
0.2710440019347694	0.23084036585692116	0.096455676121189	0.1032192197666598	0.2984407363204603
0.27884106003085024	0.16986383111741746	0.1692648068983407	0.09432020586374511	0.2877100960896462
0.27855039448177826	0.18192078101867146	0.13766111229629335	0.10203256003805611	0.2998351521652005
0.27936745749961456	0.14324405762625747	0.1635263791552923	0.1001119756902433	0.31375013002859214
0.25068336258454027	0.18406962483352501	0.15720596443274507	0.10690823669794541	0.301132811451244
0.2651695113202174	0.21325247696218524	0.12763284737227867	0.095283325407249	0.29866183893806947
0.27727744033533597	0.20208366044226098	0.10865432524765778	0.1009685199864244	0.3110160539883206
0.288797600477292	0.1901433145708839	0.10761913587683342	0.10763451595433537	0.305805433120655
0.27318094187634245	0.2144857338189367	0.10417964755559073	0.10251959274103128	0.30563408400809855
0.29339534732205086	0.17780870537630344	0.11344281682731776	0.10551068811227558	0.30984244236205205
0.23910755846649887	0.23101979200220682	0.14943809140403305	0.09532323405300366	0.2851113240742574
0.27748184368662365	0.18164403974085086	0.15873397303287073	0.10500472699623804	0.27713541654341645
0.271967131184037	0.1410029564292953	0.17374784813345223	0.1066850799904771	0.30659698426273807
0.25282919995473013	0.2404515841939608	0.12517557296653145	0.09823175739994491	0.28331188548483244
0.2518063742289528	0.21161989328172315	0.15881934913663542	0.10100570393225995	0.27674867942042847
0.2779144627412746	0.1677050884878494	0.15965784761142798	0.09819206811828043	0.2965305330411673
0.2851885785053466	0.15739367000982027	0.1566940944461789	0.10142202923859431	0.29930162780005964
0.2765409653189769	0.18683880103294162	0.1443495616229968	0.09839891760594234	0.2938717544191421
0.2793291331555339	0.15220345500766622	0.17457801238555692	0.10127687509918303	0.29261252435205964
0.2879373489075367	0.20627864759122533	0.11488647055114541	0.10631551322586447	0.2845820197242278
0.24829535653446094	0.2360986121070177	0.11949269488483705	0.1061540167760197	0.28995931969766436
0.2696760106737316	0.18144740034760487	0.1538063227462075	0.10741937326274335	0.2876508929697124
0.29126198352416727	0.19035056379255094	0.13125714735059632	0.09921141140271678	0.28791889392996844
0.24761033784767605	0.24059432981609674	0.11404711005818695	0.10144785406979322	0.2963003682082468
0.26491745224036833	0.2139117593254596	0.14662582188900075	0.09952232540223735	0.2750226411429337
0.2762642103208529	0.20581619876598986	0.12228697273487026	0.09767673815452904	0.2979558800237576
0.2802924901364712	0.18024083776002747	0.13780002471051664	0.10271447456032613	0.2989521728326583
0.24239675243180156	0.16738598386668438	0.17265192676948252	0.10567732596562292	0.3118880109664084
0.2568562574970537	0.19764136994109824	0.14926202867642996	0.09426132015210317	0.30197902373331464
0.2573076221950278	0.2375239870454314	0.1214939359404996	0.1013323218842579	0.28234213293478305
0.2634578896203783	0.19808635788518858	0.13431241751211878	0.10368651771344974	0.3004568172688643
0.24134621055465183	0.18919140462044848	0.1727400105698223	0.10502031860946284	0.29170205564561436
0.2864645831154895	0.20660646169574765	0.09701525629021526	0.0993751359009162	0.3105385629976311
0.28090619797852445	0.21548160543758849	0.1045306774432674	0.09743111209099385	0.30165040704962554
0.2675590661511821	0.1839387837805603	0.15355753882194995	0.09618841088483107	0.2987562003614763
0.26554083855052424	0.21567136139948961	0.11453285436234029	0.10449949497478567	0.2997554507128599
0.2801138257459912	0.1657244247044339	0.14193525141421512	0.10548786333857495	0.30673863479678454
0.2717421668489799	0.18747326142281615	0.13067816168074572	0.10114263543561287	0.3089637746118451
0.2471081791790664	0.18374679492298096	0.17138151952780065	0.09609846114877707	0.30166504522137466
0.29465634590088835	0.1593959418997221	0.15231019383461086	0.09992933634895106	0.2937081820158274
0.2910758537899714	0.21089250146096014	0.12402159358551254	0.09457261565209518	0.27943743551146044
0.2405363143209801	0.16921504110385205	0.17147483428381233	0.10739388120617643	0.31137992908517886
0.2762393418465689	0.16769002099052627	0.16552328231368146	0.10175729075152976	0.28879006409769337
0.2930031564053904	0.14751441927113873	0.16664991529506962	0.09939694581300845	0.29343556321539255
0.27617960366838196	0.1661670361694045	0.1577691604607124	0.09951426984625762	0.30036992985524325
0.24272088613422182	0.20142479064133587	0.15639240428001314	0.10774468743915627	0.2917172315052726
0.26414840858613253	0.21024785864495177	0.13529594064740816	0.10402135728291924	0.286286434838588
0.2516156145275672	0.2191564032129439	0.12321762908698229	0.09537883517145078	0.31063151800105554
0.28377821735285824	0.23838020270654223	0.10096589072432789	0.10012927508305276	0.2767464141332186
0.24971009816679737	0.23945916901309505	0.12431683222985354	0.10261615269343966	0.2838977478968141
0.2851227161756427	0.2272426434805663	0.09578330774627837	0.09487713212630942	0.29697420047120293
0.2783855004986664	0.19728938807075305	0.1511077513342463	0.09667608960988289	0.27654127048645105
0.2755772333698334	0.23641217947973703	0.10874113835628385	0.09526141546328949	0.2840080333308559
0.2479332675255867	0.1707112932305866	0.17417105322407858	0.10554341983802884	0.30164096618171904
0.29297282392257684	0.20814569208825925	0.09915254160901568	0.09503756508998493	0.304691377290163
0.2770009018104145	0.21929730490869426	0.13021910662518688	0.09842292551949566	0.27505976113620845
0.2488306853138185	0.21449627202027846	0.13975038709870086	0.10564334020535118	0.2912793153618507
0.24680995644612683	0.18648233584159893	0.16720006251519332	0.09659129235785378	0.3029163528392269
0.2513688047272322	0.20053811371419514	0.17521432825683697	0.09582011955549435	0.27705863374624107
0.2630052014414654	0.20200696227068274	0.14792118644264562	0.10630227317130356	0.2807643766739024
0.28662607756659547	0.2152761621070598	0.1096657015185752	0.09897215311015976	0.2894599056976095
0.2860863823255254	0.17081888986070848	0.1705746629667203	0.09585712672267792	0.2766629381243676
0.25772745847198375	0.18102735935401637	0.1762130330598125	0.10648634530103351	0.2785458038131536
0.2511657083296701	0.22387037831932427	0.1443921700754927	0.10181062468354338	0.2787611185919693
0.2763845498600312	0.20958927914256734	0.12609030149706474	0.0961462104211244	0.29178965907921206
0.29247663831598447	0.18775253010321025	0.12192701951635107	0.09530929845160144	0.30253451361285244
0.26938863733576357	0.18573770389402372	0.17131224621612745	0.0977435575970007	0.2758178549570843
0.25003866420204696	0.2370109046114187	0.12087415338936752	0.09813570458859111	0.2939405732085755
0.2607229739064627	0.24849589864140942	0.10440880313235454	0.10664120927966923	0.27973111504010384
0.2551397066213069	0.2457128070701792	0.11709792565978186	0.09830456614982212	0.28374499449890966
0.2652750941094705	0.19630260941341143	0.13610894411457689	0.10303299128905734	0.29928036107348355
0.27424754094440706	0.1671119899803374	0.17738751460717983	0.10107467067908539	0.28017828378899007
0.2924204144963359	0.17710258755137953	0.14716982219476243	0.10373228071609866	0.2795748950414232
0.27951352978387434	0.16454124173841178	0.1496843475764213	0.10274684057381087	0.3035140403274814
0.28949189026440814	0.1415880171197566	0.1574708707172417	0.0979357302854733	0.3135134916131199
0.2874342132943246	0.21845473238134808	0.10441294662861887	0.0950023179246737	0.2946957897710345
0.2606219932370903	0.22966835725472934	0.12131591521046842	0.10766134065592735	0.2807323936417844
0.27931572944808736	0.17145936976330856	0.144910969922273	0.10633133669128432	0.29798259417504647
0.27510063942680774	0.15481898595954094	0.1548324181320776	0.10490998416093661	0.31033797232063687
0.24665853092183165	0.23611636861010027	0.12138512474586985	0.09475485463724086	0.3010851210849571
0.2711092046630753	0.2401824876586769	0.10829728704222587	0.10274069715021157	0.27767032348581006
0.29308592567514197	0.15377973889945826	0.14809351160577588	0.09549365693632118	0.3095471668833024
0.25408696096824424	0.2267430746992306	0.1138642159978631	0.1038486509688399	0.30145709736582194
0.28252926990293953	0.21924198125449684	0.11827798180244538	0.09524683881677964	0.28470392822333834
0.2518312229046002	0.21107669519822492	0.1382539506512459	0.10681340231588898	0.2920247289300397
0.2914915322864472	0.16737378572483083	0.13990693708220786	0.10397077147101462	0.29725697343549917
0.27121313717343043	0.17757700030237003	0.16137003531812538	0.09527467848034245	0.2945651487257315
0.27339162009509216	0.20820949246262893	0.13748593117504687	0.09589111390267986	0.2850218423645519
0.26549773260137116	0.18003716864516228	0.15232256093208935	0.10377784593675794	0.298364691884619
0.26275714163058705	0.15894910877834573	0.17578455951027205	0.0987022531969018	0.3038069368838931
0.2959789452176102	0.2026776810190883	0.12312629745204043	0.10101189579169641	0.2772051805195644
0.2801514502904321	0.20405543418987537	0.11182521656159561	0.10541899592838724	0.2985489030297094
0.2957430365129395	0.1680147225621733	0.14843182516304204	0.09714450029311998	0.2906659154687249
0.28937815035228315	0.146288576389216	0.15418046417069536	0.09910470386720181	0.3110481052206034
0.2856768903897836	0.1458262052321215	0.1614453884399591	0.09826198687139136	0.3087895290667442
0.26846555799207106	0.19788380188695565	0.1324962478398795	0.0989317915821957	0.30222260069889784
0.2514094752800459	0.21589161228443254	0.14202735454942306	0.10743125246483239	0.2832403054212659
0.275339342473804	0.2139033373966384	0.12568918959007702	0.10743954443856474	0.27762858610091556
0.2850451516201152	0.19249468027444291	0.12812184087477768	0.10408328588115559	0.29025504134950836
0.289033202009368	0.17197638678944308	0.14615751172350644	0.09572362373207899	0.29710927574560325
0.250569113584866	0.19899433891683305	0.14412809730365408	0.09667681262540134	0.3096316375692453
0.2709844224325121	0.225550812567892	0.10011132825438729	0.09604553353016336	0.307307903215045
0.26898730276912897	0.14866950395509648	0.17544132538545493	0.09609086545828095	0.3108110024320384
0.24583759185811155	0.25041870453323645	0.09852798520074615	0.09629798486017359	0.308917733547732
0.2656785377258166	0.20718404837187218	0.12693931145101853	0.10310964802032382	0.2970884544309686
0.27962132548931173	0.14498298859880834	0.1635813876378368	0.10538871043637604	0.3064255878376669
0.27966958461359565	0.1935918623009958	0.13251057154385926	0.10298572219066068	0.2912422593508883
0.28136472642087784	0.19317522276097054	0.13866262479959252	0.09780568400524985	0.288991742013309
0.23969947573019543	0.19944827279573177	0.15220256993767392	0.10682062974679574	0.3018290517896029
0.24380185430715126	0.1778792828499662	0.16543894816821647	0.10346820623211594	0.3094117084425499
0.26365260179519956	0.16267670996104552	0.16624197624863898	0.10592004195466279	0.3015086700404529
0.2863129317361799	0.17038750749324288	0.15072980815510995	0.107365610017516	0.285204142597951
0.2501583342731096	0.24259821535808176	0.10770236185834853	0.09858524437026911	0.3009558441401908
0.24860267092347038	0.18191064394753173	0.16624747206320234	0.09473958193540791	0.3084996311303874
0.2504699321179771	0.18395455719784054	0.1631009861387206	0.09603315655672588	0.30644136798873567
0.2748107303735568	0.21375086424008846	0.12023051250633568	0.09751486604264946	0.2936930268373693
0.24255914940551804	0.2152319973533118	0.1399959520555508	0.0979164608524481	0.304296440333171
0.2598988683153608	0.22553861372518996	0.12366511911264332	0.1055045809509986	0.28539281789580706
0.2592321990231897	0.2338920507566452	0.10771390961104575	0.10331512937987934	0.29584671122923967
0.2537163550559033	0.24427937955090534	0.12203521651764584	0.10149073784257708	0.27847831103296816
0.2650544853796208	0.1769510552023824	0.15233427090927634	0.09447571206522891	0.3111844764434913
0.2870151261762264	0.20659211907195743	0.09749763781862229	0.10272152325803668	0.30617359367515695
0.2513142967275431	0.21615945424706745	0.133297480212325	0.10126067973757383	0.29796808907549044
0.24365591901097255	0.18170614599590093	0.16717985258388646	0.09524285132596869	0.3122152310832711
0.25185187003758347	0.2077587781448539	0.16869648394256834	0.0950893012417628	0.2766035666332312
0.2920768456349112	0.1990549510001587	0.12807897839815718	0.09717358821080742	0.28361563675596524
0.2639447679546905	0.19292936766453503	0.14243287863896992	0.102871798766247	0.29782118697555726
0.2691884886199249	0.191569686582452	0.13851400375419728	0.10549379685027534	0.2952340241931502
0.2610013594215943	0.2238081512871382	0.13500141000082738	0.09531879273759578	0.2848702865528441
0.2928109466397825	0.1621496214621892	0.15417256981010982	0.09483149570004032	0.29603536638787786
0.2823756342612381	0.1815185139452235	0.11789601098844797	0.10598341971110688	0.3122264210939833
0.2523870872887283	0.23801221261132863	0.1272965637322721	0.1073468654528755	0.27495727091479527
0.27632091535413394	0.20651740730012663	0.13046739901526255	0.10594948211049184	0.2807447962199847
0.2682169670307757	0.20422623144692914	0.13502531376885	0.10526752865744947	0.28726395909599545
0.2710599195346147	0.1639298463694226	0.15205545963681882	0.09882733904130306	0.31412743541784055
0.2665873270786634	0.24498190330497693	0.1153060442745229	0.0954678877982563	0.27765683754358017
0.2670603266087813	0.15314794412977822	0.17113729570182237	0.10566915482937346	0.30298527873024433
0.25472235847916513	0.21810613914710006	0.11502689570008345	0.1032542907887969	0.30889031588485416
0.28511383348508523	0.20683897544091362	0.11189861639331393	0.10736032650977165	0.28878824817091525
0.25749082165769666	0.19676340169098	0.14457224440964855	0.09509495410191705	0.3060785781397575
0.2468098838147206	0.21978303410568262	0.13559128893636474	0.1062189857336803	0.29159680740955146
0.27662462094884743	0.20893963522555853	0.13438186893738457	0.10409157393613269	0.2759623009520765
0.2776294418168819	0.1715386680042623	0.16738767257692783	0.10372602997036592	0.27971818763156187
0.2942489906829899	0.14723422619100118	0.14757275681817988	0.09901120343866521	0.3119328228691636
0.281615983128114	0.20367924383781122	0.10630436211080642	0.10727727663764962	0.30112313428561843
0.271246533076219	0.22492960746392301	0.10986328842355156	0.09495810287898308	0.2990024681573231
0.24295374391493058	0.2459824434669951	0.10635027466019273	0.10245182265663862	0.30226171530124274
0.27522570449264605	0.21497162313022644	0.13156543849397653	0.09611991098257648	0.28211732290057423
0.24571895046133957	0.17609148768253804	0.17205377236635191	0.10145293413127218	0.30468285535849804
0.2700510762414198	0.22886123689462715	0.10398888893353742	0.10010297619141689	0.29699582173899847
0.24565799697636112	0.21963798310180685	0.15188189796523882	0.10703339191912134	0.2757887300374716
0.287622543094603	0.20374110426001507	0.11304770043948756	0.10531110871436142	0.2902775434915326
0.2931760580540928	0.17852447564567941	0.1425764335308013	0.09870937335986013	0.28701365940956614
0.26260093485880526	0.21248296892969143	0.14429824999939034	0.1026964845241856	0.27792136168792714
0.28465328246597765	0.17473308889473818	0.1316507237241172	0.10263367546191395	0.3063292294532527
0.29170801965684795	0.19238186648711894	0.1353145950134548	0.0972975089749885	0.2832980098675895
0.26437595342403536	0.21055199366198948	0.13214474442996635	0.10762734077357752	0.28529996771043103
0.29570987206476096	0.1985736576920145	0.12358478746630959	0.10632221294272619	0.2758094698341885
0.26304440038349597	0.20470111772227292	0.15971852833437106	0.0966227122108216	0.27591324134903816
0.270050198240175	0.17862284506697929	0.13922939168209275	0.10510480423578512	0.30699276077496757
0.27354682277998943	0.22213968579902132	0.1061381463007738	0.09766171992446009	0.3005136251957551
0.2454289245041702	0.20508294850717318	0.14332971640568357	0.10085830489050344	0.30530010569246935
0.2581324815667558	0.19013674038126238	0.14677951102917214	0.09840891516303117	0.30654235185977824
0.24398989938009277	0.2139408655579423	0.139314520012629	0.10528915711029901	0.2974655579390366
0.23979685579915247	0.23738198632560753	0.1459784624532523	0.100860059440644	0.2759826359813435
0.28236797455598706	0.19881549585123834	0.12297364695031138	0.0991496661063001	0.2966932165361629
0.26016671845592154	0.22112007018174032	0.10286699587396274	0.107710975497882	0.3081352399904932
0.24454972260008712	0.22244544258030788	0.12439914530735616	0.09867005494599199	0.3099356345662566
0.26330469716434396	0.21387828720094257	0.13530391045068585	0.10469346265136695	0.28281964253266045
0.2685756408151424	0.21091265884252078	0.13788121851747587	0.10750986098775037	0.27512062083711025
0.24135298899631963	0.23371599309435326	0.1238102899676785	0.10339076099345425	0.2977299669481941
0.26804897044161474	0.22917966857862807	0.12576715085264684	0.09796786848179394	0.27903634164531615
0.24087504399332454	0.2396644793262941	0.11916817432245247	0.09725606777943714	0.3030362345784915
0.2439145189643648	0.2376843946475053	0.12985741288161395	0.09797495974906262	0.2905687137574531
0.27469130536263375	0.20974217935260517	0.11367387099696497	0.10217375146803319	0.2997188928197626
0.2941740701455351	0.18163997811447508	0.1460874722712197	0.09715113039144925	0.28094734907732055
0.28667311075740864	0.19323100665283502	0.12259399059700324	0.10220342797547052	0.29529846401728227
0.28629643092464124	0.15581709100764526	0.15604482503617254	0.09430226093163922	0.30753939209990144
0.26373536319850927	0.18539359008244644	0.1669252879681478	0.10387011908296434	0.28007563966793186
0.27843966181903673	0.20397015181088252	0.1378676298627505	0.10327192814437228	0.27645062836295775
0.27791401738797294	0.2160977392890886	0.10286046723227404	0.1053755518277709	0.2977522242628933
0.28253521027060435	0.16126635796391384	0.13916753470065008	0.10712323263147057	0.3099076644333609
0.25110829441069027	0.19699647732247916	0.16930139509934108	0.1026467748147387	0.2799470583527506
0.26247966384518207	0.21942219546542274	0.14058454615165736	0.09527124019462609	0.2822423543431115
0.28227061846197976	0.18966328661973691	0.14917189780863907	0.10257438904512695	0.27631980806451706
0.2949351722246562	0.13657050165007445	0.17024729746369463	0.09778895557407598	0.30045807308749845
0.2940944711793832	0.21420618683781104	0.11609997194539738	0.0951247850843334	0.2804745849530747
0.2500736097095173	0.2062193334520276	0.15310199118859985	0.10476982084265307	0.2858352448072019
0.2410737543032731	0.24240260509350406	0.10433773533203658	0.10343783661730657	0.30874806865387944
0.2806937727344641	0.2057330626168894	0.1272548970807274	0.10665700274180259	0.27966126482611625
0.25018492400064996	0.2113391717016975	0.14265420613546684	0.09880695312500355	0.29701474503718195
0.2522917012168188	0.20523327770109867	0.1663852413761376	0.09610025142961497	0.2799895282763296
0.2887488657661701	0.1511641055329963	0.1646731991548962	0.10370133752528003	0.291712492020657
0.2524719010036649	0.2030192444608069	0.15468310002612745	0.10402689517678164	0.28579885933261884
0.29257618380232564	0.18008708271659282	0.1282488374318686	0.10162928922645473	0.297458606822758
0.2715405679588889	0.22716343691968544	0.09975810759737733	0.09729871415463623	0.30423917336941186
0.24781044051634776	0.21480720585749563	0.15286417272920766	0.09989902341973121	0.28461915747721744
0.278829922857244	0.1661799786914019	0.15050921504837045	0.10054400910574465	0.3039368742972387
0.24254173550682434	0.23363001227186028	0.14158394387545942	0.10429452802167184	0.2779497803241839
0.2492659688828246	0.1966609034655725	0.15776743199767473	0.1076829815694523	0.2886227140844756
0.2769726466870017	0.16327168513513435	0.16514228633953457	0.10350811769845022	0.2911052641398788
0.2699368822954017	0.2209548956447695	0.12188030468940857	0.09721464534151009	0.2900132720289099
0.2793081970219121	0.19584145671279787	0.13837456360716005	0.10426079278642078	0.2822149898717089
0.29107323643435085	0.1796328279815912	0.11664527795430907	0.10004789083042027	0.31260076679932836
0.2845757132275269	0.18079096609069353	0.1442096037523254	0.10049729705290207	0.2899264198765518
0.274276179781897	0.2292228429803145	0.11689235968662803	0.09743960744882967	0.28216901010233053
0.24301879348567956	0.22108208289512274	0.15338545991847924	0.09610131161057076	0.2864123520901474
0.28161621619047256	0.1639916479142848	0.14239745672701826	0.10721160100571883	0.30478307816250527
0.27671141524863563	0.1524626912384131	0.16820114007694575	0.09543174171586526	0.30719301172014
0.26667155449989066	0.19428221295346504	0.1494277406836254	0.10366721668965008	0.2859512751733686
0.24312074034962658	0.22738003730287226	0.1334024923166963	0.10253671103836057	0.29356001899244405
0.25312572853139015	0.20501549178150594	0.16905656328307087	0.09784029799546914	0.2749619184085636
0.2575864036928781	0.24649013820313503	0.10667005187363554	0.09625987869385066	0.2929935275365004
0.24552815469603445	0.22896932527388558	0.1214663891518664	0.09871362220632843	0.30532250867188493
0.2397765066840668	0.2489089977698645	0.1193813261214978	0.09616959907760671	0.29576357034696393
0.2822125686208345	0.2052637193536295	0.10592100646588172	0.09745211191250708	0.309150593647147
0.282240345717628	0.13249259094495203	0.17043268472569884	0.1055234421555915	0.30931093645612934
0.28020601620934255	0.13169760672885264	0.16920340904498674	0.10494030537954305	0.3139526626372747
0.27732998678217763	0.24001640269945024	0.09539162446773349	0.09466295330781707	0.2925990327428213
0.2545193741671482	0.2379658880381617	0.1328676910169394	0.09640353608895537	0.2782435106887951
0.2829546863581939	0.1664656066726597	0.1620313187773877	0.1005764376732018	0.2879719505185566
0.28417443516385166	0.14358790923884396	0.1625926649670142	0.10249681829226606	0.3071481723380239
0.28491679439375156	0.14657179488535133	0.17627453831365714	0.10300104928240231	0.28923582312483737
0.2956633059944127	0.20553234690589392	0.10068753833203185	0.10406874424216517	0.29404806452549603
0.26760554261525066	0.22292966745005666	0.11163014806322787	0.10192046955899983	0.29591417231246475
0.29369254358491415	0.14545846842621546	0.16629964198525707	0.0953698534696652	0.2991794925339478
0.24678682538517693	0.2437626416681376	0.12178258669168675	0.10672200883265535	0.2809459374223431
0.24851198290705723	0.24622858339615034	0.10390297445563172	0.10069189821592006	0.3006645610252404
0.29129148160643564	0.16606680565343	0.13149948026028194	0.1070860596466464	0.30405617283320574
0.25852121269963924	0.19057221073492378	0.15840048110388763	0.1059743295269184	0.2865317659346307
0.2482284770527463	0.21338742037181715	0.13672634879171475	0.10561597012325825	0.2960417836604633
0.25379725076679227	0.2072158450715753	0.13077562845485546	0.10493099213076755	0.30328028357600917
0.27359839236329264	0.1694796510189601	0.1466861021391705	0.09988358632365495	0.31035226815492156
0.2901432467599208	0.14107432273479306	0.17032853322391517	0.09530645388183744	0.30314744339953326
0.2852612047692221	0.16885303393105539	0.16440831167382908	0.09617732908520776	0.2853001205406854
0.2860209243764913	0.2214647828610281	0.10167708022222116	0.09899944890030932	0.29183776363994984
0.29214344953934684	0.13680809818895884	0.15791683170006016	0.10377608125712726	0.30935553931450666
0.29519473806748364	0.1310927711396646	0.1693034321037539	0.10750554507710344	0.2969035136119942
0.24645045355522352	0.1779181976655478	0.17525958717099246	0.10496518069720598	0.29540658091102995
0.24585091049800703	0.18152575837256968	0.17360501754721283	0.09794700846608584	0.30107130511612434
0.2683158412715594	0.2280219464105537	0.11529586434199765	0.09920561219497212	0.2891607357809169
0.25703331044458116	0.21698943751190103	0.12476747392421697	0.10283141191227806	0.2983783662070225
0.27879683552011514	0.23954017719923792	0.09905571389957385	0.09952769170163182	0.283079581679441
0.2643297163676548	0.17757567028170054	0.16164406238190565	0.09969599587479036	0.2967545550939483
0.2451334086439824	0.24949536456120075	0.10171455908542182	0.10243293157879202	0.3012237361306027
0.27791698767529166	0.23559193058346412	0.10818180057723722	0.09806099231480152	0.2802482888492052
0.256350688919773	0.20645417430125707	0.15917144276407588	0.09714219038196693	0.28088150363292685
0.2581277643320405	0.17726376595507093	0.16012798070618497	0.10217865595945858	0.3023018330472448
0.28798036260172927	0.14039457381540096	0.1685712420544797	0.10015868764587935	0.30289513388251044
0.27060667394953297	0.1910611395462394	0.13403877260226874	0.09650352054302973	0.3077898933589289
0.25048657256107537	0.20547798697973774	0.15097286938504148	0.09737195808109209	0.2956906129930531
0.2760446275045391	0.22426117931449888	0.10778637676155975	0.09448763913852198	0.29742017728088
0.2815490106777432	0.15685358053915605	0.16172842257641	0.0961851141014804	0.3036838721052101
0.26123408398159575	0.23894217994532102	0.09904794256886938	0.10324919087885079	0.2975266026253628
0.24377976827799305	0.20632061429190063	0.14221418691442075	0.10267255719799359	0.3050128733176917
0.2825049138108303	0.1694950826031293	0.14654609425546658	0.1035789143047279	0.2978749950258457
0.2616989906640048	0.23130318235102554	0.12599960661548204	0.10265886274428923	0.2783393576251981
0.2488889316098192	0.23668473731987705	0.11552032530505806	0.09629591238049803	0.3026100933847474
0.2730555878267761	0.18557191007793597	0.14617849644814943	0.09546961697257332	0.29972438867456497
0.24268990347276664	0.22274312473755242	0.14390541693170117	0.10395041071957835	0.28671114413840115
0.28228364145447904	0.1861055551640634	0.14578327294559834	0.10197873151030246	0.2838487989255565
0.27112267929103057	0.16173668422569276	0.17430675695853434	0.1025577994299297	0.2902760800948123
0.24853501916637316	0.17730125460323024	0.16500772830599272	0.09977794636584479	0.3093780515585588
0.292181024042962	0.194734971900932	0.1239039001751615	0.10399709832063948	0.28518300556030474
0.2646135721974195	0.23119128214881784	0.12521641513522225	0.10262350323796193	0.2763552272805782
0.26872341875387373	0.1656072274845235	0.15210153849562813	0.1012652812046756	0.3123025340612988
0.24542661158379703	0.20495823970196023	0.13996358212589816	0.09874240733782415	0.3109091592505202
0.2896460045808552	0.1806545736170249	0.14865239263425506	0.09536331178428677	0.28568371738357784
0.25090678223924673	0.21232144464615746	0.12483715021319988	0.10378392932377369	0.30815069357762204
0.24491364855435377	0.23216020776373356	0.1396613999580543	0.10760979093104754	0.2756549527928106
0.2856123718162905	0.16515790067727285	0.12990734930061623	0.10756418222054065	0.31175819598527943
0.28853862205227077	0.16528382257487534	0.16391584229362754	0.09735765371321341	0.2849040593660127
0.24278393896391753	0.21890512640111523	0.15582483341637174	0.09775279547538501	0.2847333057432102
0.2595014092713537	0.2305392477135924	0.1018748431568098	0.10566229783745298	0.30242220202079084
0.26457729334316404	0.19876813782699204	0.1313462038462025	0.09852381311807835	0.3067845518655628
0.2735752048203487	0.18978134845360098	0.1372680363874497	0.10377638318100804	0.29559902715759234
0.25787186311370547	0.1739296536796136	0.15705260377997823	0.10173745067753713	0.3094084287491653
0.2956200485596888	0.1634677139186172	0.1434563452191366	0.10346786895575891	0.2939880233467982
0.26052141887110125	0.21836685665836061	0.1331219104543349	0.10485214146607771	0.2831376725501253
0.26241799258705356	0.23601853031441652	0.11122385239778514	0.0961000299077698	0.29423959479297473
0.25628476669169303	0.23194171346358322	0.09849549614418102	0.09977251278659517	0.3135055109139473
0.29482000781844303	0.15728813585763762	0.15615918843032495	0.10699703981840183	0.28473562807519226
0.29610433453415286	0.15341220083600915	0.15582753774227745	0.10174145760640596	0.2929144692811543
0.2693275221571885	0.1855173057558298	0.14012101556945944	0.10304815945907964	0.3019859970584423
0.2629058626499168	0.20660368029916243	0.13136953072875387	0.10649435178434798	0.2926265745378187
0.2797106175339463	0.17458472436356337	0.13330532852421884	0.10072268840741223	0.31167664117085897
0.2690999939593368	0.18552273952593978	0.14744897775357418	0.10733394029723878	0.2905943484639102
0.2518736858697648	0.1722188531493247	0.17517326176078699	0.10430430211278137	0.2964298971073419
0.29212075697184336	0.20471352422934866	0.12079177893414168	0.10521622087560803	0.277157718989058
0.2392195605139683	0.24526526452609737	0.1227634370879654	0.10612083226122106	0.2866309056107476
0.2491964542579746	0.18504603668557257	0.1593249327551685	0.0993205015718759	0.30711207472940816
0.26413358994186564	0.23992158677426473	0.12048657157784332	0.10030812343408639	0.2751501282719397
0.2848193272991366	0.17435293160638315	0.11984197822259812	0.1076835556915306	0.3133022071803512
0.27481526452314226	0.2012175519487476	0.14385819061839153	0.09450157168559889	0.2856074212241194
0.24758551496248904	0.24836519649352745	0.1281924414114612	0.09510668951405463	0.28075015761846744
0.28392511600455744	0.23108115829388023	0.10416589244373226	0.0952815576063284	0.28554627565150137
0.27702311020870396	0.18865422488289044	0.12354275546640843	0.10725699675669641	0.30352291268530046
0.290580929249543	0.13572981870029166	0.16374846574300822	0.10450750282411125	0.30543328348304566
0.279697465664521	0.17130233265826475	0.15776770218923708	0.10716476859753545	0.28406773089044157
0.283650914252763	0.16624020510319942	0.13986532790160694	0.10008201273089978	0.31016154001153057
0.27102878534094665	0.20269516396293177	0.1424662334728252	0.0971540358089866	0.2866557814143095
0.26010443077575657	0.20499705841754154	0.153094106890598	0.09642238778777071	0.2853820161283329
0.2538243152295646	0.1729489314579812	0.1637293618152283	0.10658315020561893	0.3029142412916067
0.29032417865642035	0.19404131991507365	0.11167305081047034	0.10567656692976371	0.29828488368827166
0.2781913694189224	0.2291459203570887	0.10718042529156141	0.09489943464975023	0.29058285028267694
0.2763332603395551	0.18546044683090646	0.14651094608498488	0.10148103053341091	0.29021431621114235
0.27737395658701963	0.23261523869397982	0.0967800976280391	0.0988580958103436	0.2943726112806176
0.29045790699717894	0.1949528898862447	0.11154411946543527	0.09988841873117314	0.3031566649199677
0.2624566502086876	0.1563602668509514	0.16699269373405198	0.10335147034593813	0.3108389188603707
0.2865385169083146	0.15411881389223886	0.15185987102939816	0.1036337055624596	0.3038490926075885
0.27256099018182045	0.1644105315914699	0.1698113803869326	0.10124726599539714	0.29196983184437963
0.23921158026225198	0.20731454975016303	0.1708362395873431	0.0947576825538001	0.28787994784644155
0.25163036816579765	0.2125564263080105	0.15022486838816843	0.09983092913898099	0.28575740799904215
0.2758089679989647	0.19542406160944173	0.13485851026483786	0.10378155552412943	0.290126904602626
0.24803998951087608	0.18945396600980904	0.1750699320493969	0.10448844025873959	0.2829476721711781
0.2664177651566956	0.20560272384572909	0.1517579111711122	0.10130858725971023	0.2749130125667527
0.28111426651212956	0.16287888466918743	0.14532723107045545	0.1001862209953335	0.3104933967528938
0.26707763694189895	0.20663436810715968	0.14132679672716975	0.09509017843662357	0.28987101978714774
0.24505447116157675	0.19753114892169282	0.16954977145432554	0.10385481318785968	0.28400979527454495
0.2805021666669302	0.21479248302834325	0.10284905994086162	0.107117267690116	0.2947390226737487
0.2823477540912366	0.18751151963781398	0.11709225181436866	0.10363046901791728	0.3094180054386632
0.271535138620087	0.1427257552031377	0.17002237595007894	0.10772188302674159	0.3079948471999545
0.24382674774332114	0.21322481059956322	0.15398899726372514	0.09763510821932381	0.29132433617406644
0.2860385989405271	0.17747079157012707	0.1428331495425134	0.10656395423588959	0.28709350571094255
0.2785381614005358	0.21623316852265745	0.12454088815285995	0.10297997515156246	0.27770780677238405
0.25961340535497385	0.17330364620662042	0.16577089733648312	0.10332876023748418	0.29798329086443814
0.29310217332499755	0.19575092827716908	0.10443610669274792	0.10112258429217187	0.30558820741291326
0.2530015113141168	0.1737898913563924	0.1758174232782646	0.10322483332016051	0.2941663407310654
0.272944399387014	0.19373320851869208	0.14053258791755197	0.10012876421327603	0.2926610399634657
0.2804176588714663	0.15398319099437813	0.17668182450343695	0.10716771536317506	0.2817496102675433
0.24147427117105616	0.20712765823328433	0.14604154137172848	0.10472578418689185	0.3006307450370389
0.2617282440134384	0.18878791656477747	0.17008301705696344	0.09750531342118252	0.2818955089436379
0.28803672967776894	0.13901645249926695	0.17365733203108707	0.09955342514029261	0.29973606065158415
0.28606698896336535	0.19160981520935724	0.11659220527036257	0.09451450456937938	0.3112164859875352
0.2841015396891865	0.22207553762907378	0.1001350251478911	0.10476940147597037	0.288918496057878
0.25337985339357516	0.23398429272473903	0.10448495774800351	0.10063078577941284	0.3075201103542692
0.29077181311403594	0.19776413049522498	0.09722751699000559	0.10185494333834066	0.3123815960623926
0.2868970093135745	0.14668610075577618	0.17556822031720407	0.0945732394641095	0.29627543014933544
0.24509886334455022	0.21701911863663037	0.1441824217161159	0.10106190184730121	0.29263769445540205
0.26903306659067067	0.1742571325365448	0.15983426990747818	0.10609016337912229	0.2907853675861838
0.29493808736271265	0.18997437188283622	0.10610507810508749	0.10095871422335914	0.3080237484260042
0.2444767625069316	0.24474937657632878	0.11028097139960352	0.10260792015768128	0.29788496935945463
0.267225104042903	0.21557824370076334	0.09996518249799471	0.10348995955958473	0.3137415101987539
0.2750932108085903	0.19143598372604073	0.11814319766544656	0.10410577651701511	0.31122183128290704
0.24336416548873185	0.24504676567313308	0.12065261551842965	0.10301482714492195	0.28792162617478323
0.2482450388221533	0.23461927957863335	0.11785553942384852	0.09941445764528634	0.2998656845300782
0.2725699262283996	0.1987368059300668	0.1278191126806823	0.09447794408190836	0.30639621107894266
0.28398052857754746	0.1520546747585376	0.15023059628566496	0.09974193486077665	0.31399226551747306
0.24647561901159665	0.23077590666737702	0.13844330234063146	0.09847371950193401	0.28583145247846065
0.26578603253567046	0.22147793919158854	0.11411021779961476	0.10098815936421023	0.29763765110891577
0.28612120071454705	0.19570613024656633	0.10842872877038626	0.09757379996663587	0.31217014030186424
0.28691641604631274	0.2350985618663171	0.1021603814484723	0.09449448147657753	0.28133015916232
0.26995678472373874	0.21177856318553412	0.1034921334602223	0.10463223219522563	0.3101402864352789
0.2677273039154954	0.2419470747147564	0.09565914037649435	0.10004631878325504	0.2946201622099986
0.254115772065308	0.17707956038312558	0.1675812026420755	0.09483793141029918	0.3063855334991915
0.272980152347505	0.23641294664384752	0.10441326413809765	0.09611492091560335	0.29007871595494616
0.28300051075621024	0.16493044611463187	0.14988268722980885	0.09868846326948966	0.30349789262985916
0.25936100015896324	0.2082994803181758	0.13854243532392932	0.10338103313432245	0.29041605106460894
0.29456943766490673	0.19098432604651633	0.1306540635910227	0.10304172258642061	0.28075045011113337
0.24834206440616619	0.22190268906288088	0.14354454293800506	0.09779258732264721	0.2884181162703004
0.2673733714039449	0.23396545866027482	0.1261944682817964	0.0944635632790077	0.2780031383749759
0.28984950943588556	0.1955028838353409	0.10671356899465595	0.1075149493244553	0.300419088409662
0.26439917474522	0.2334136076691704	0.11807427088207294	0.1068637924535951	0.27724915424994123
0.2903380631406527	0.23875677403404735	0.09638693888039379	0.09460495354749605	0.2799132703974098
0.2522200080146753	0.22221409938326958	0.14303251921540042	0.09686275582949876	0.2856706175571557
0.26101147014766457	0.21808216669856725	0.13384395493407916	0.10461991637813627	0.2824424918415525
0.28798874472963265	0.16686084343669483	0.15600791582300677	0.09907203412112028	0.2900704618895452
0.272154816598714	0.1582367253289268	0.15324726830397897	0.10686151006262079	0.3094996797057592
0.2875863041540646	0.13349432817861667	0.17529379322819408	0.0964256044930571	0.3071999699460673
0.28738499851713784	0.17480254115709984	0.15221007626965244	0.09808168102751505	0.2875207030285945
0.27947100696516436	0.15671593813741014	0.16360188538582532	0.10296054542928694	0.29725062408231306
0.26041184166485815	0.19994701906624132	0.13791780055561834	0.1018063689177724	0.2999169697955095
0.2810087021769133	0.18691549828615922	0.14814499278534715	0.09653118789330146	0.2873996188582786
0.29319769594506184	0.18798558544654706	0.1256587170129606	0.09479988409323525	0.29835811750219493
0.2966044125731305	0.19013704443763998	0.11501971621512891	0.10205197841324803	0.2961868483608523
0.24379345503597494	0.16004593766075503	0.17735837742365673	0.10475093856785118	0.31405129131176185
0.28695993890380656	0.1418598557816716	0.16429403983823077	0.10244169136342149	0.3044444741128693
0.2485014555066435	0.22509421199935067	0.1249297311123287	0.09431160306703743	0.30716299831463945
0.2709341719344521	0.2279219454545625	0.10609610103362013	0.10691781403678842	0.2881299675405766
0.27180532073061364	0.2154402870704897	0.10389028540282538	0.09915592607658755	0.3097081807194835
0.28911482206786165	0.16224348598145205	0.13988667115186793	0.10026510480580646	0.3084899159930116
0.25988934872109687	0.18317204442166707	0.16230758205950122	0.09562935295104703	0.2990016718466875
0.25653632045435826	0.22612296764211148	0.1369259193207802	0.10419007997160577	0.276224712611144
0.2732809811924052	0.21722235647432206	0.1030158329169801	0.10695641148667444	0.2995244179296179
0.2873059790456483	0.16745899158790048	0.1521339523789832	0.10587260664334394	0.2872284703441238
0.28234539300072486	0.20794220861075174	0.1257154494418482	0.09840963897575802	0.2855873099709169
0.2850066820573992	0.13885911400943463	0.16377487864765083	0.10366626219067995	0.3086930630948351
0.23930272622030702	0.19540841900645092	0.17676842637779044	0.09856529180989605	0.2899551365855553
0.2463774456673673	0.23142988025588	0.12072578872894625	0.09758880847570546	0.3038780768721007
0.2569566012192759	0.22487000136740645	0.10601945791051164	0.09947281333930885	0.3126811261634969
0.23915500546490645	0.2482222331585399	0.12071373553216092	0.10582165781709703	0.2860873680272954
0.26549236239350804	0.2337899433639736	0.09923466847712523	0.09856671856633792	0.3029163071990549
0.2965026004436357	0.18610829707239424	0.1106263251747056	0.10502728845602152	0.3017354888532427
0.25626887889859035	0.19124834923275796	0.13578732323078474	0.10508065837869318	0.3116147902591735
0.24273413393357804	0.20207481511831782	0.16295690157225318	0.10292277878177178	0.2893113705940789
0.2785438831722878	0.169355261811783	0.15279209749997832	0.10062756416696098	0.2986811933489896
0.25764206120802147	0.17256851986189511	0.15690549228662418	0.10627015351214769	0.30661377313131133
0.296131924312797	0.13444075321140006	0.16767690542507135	0.10405511912049177	0.2976952979302395
0.25864423287465726	0.21376337359269038	0.13788346349177422	0.09728138323293883	0.29242754680793903
0.2652817686983834	0.19275171936060337	0.15961707522010357	0.09630101914987702	0.2860484175710324
0.2729533340437408	0.22329569786418835	0.09707751606407514	0.10502284961760383	0.30165060241039166
0.27350236487571766	0.22788859040703852	0.10816774077285118	0.1050513231457244	0.28538998079866795
0.2520516710130512	0.24950412555926446	0.11376636598509751	0.1053904922731584	0.2792873451694281
0.2658225146822619	0.18314728816429843	0.1563259701405933	0.0956158393679525	0.2990883876448936
0.244238956117801	0.18793750544315196	0.15643734028688588	0.10250413491274936	0.3088820632394116
0.2601386690125818	0.23486653281135486	0.12229450315133304	0.10690335693691826	0.2757969380878118
0.28882510494032676	0.14766751238320117	0.1678747987425341	0.09982549025314325	0.2958070936807945
0.2480055763404516	0.2404800097669892	0.1342524133852842	0.10236075712191599	0.2749012433853588
0.28308448357712246	0.17204501948883072	0.14647996444274408	0.10272955359953949	0.295660978891763
0.29015282872113823	0.18480133873029778	0.13011250673914393	0.09862986962692055	0.29630345618249926
0.24567147518311933	0.21956276703371275	0.14695159770039745	0.1032713927833744	0.2845427672993958
0.25478815599643206	0.21882338159131362	0.11999594618915704	0.09736172778670339	0.3090307884363936
0.2868512119040702	0.22392320330715787	0.10760375814367575	0.09668433219471949	0.2849374944503764
0.2745018128009781	0.2034090959722514	0.11623369992783666	0.0970305693228136	0.30882482197612005
0.2696189166634585	0.1607129212104596	0.1607577206547795	0.10142286762564777	0.3074875738456544
0.27964318221155227	0.18435884864242422	0.13455928305243825	0.0996801024001447	0.30175858369344033
0.2420699070047159	0.1931368382384583	0.1589811002598326	0.09721134209477089	0.30860081240222204
0.242840705732796	0.2400869348933528	0.12650781291208996	0.10346356087150615	0.28710098559025476
0.2622081718009581	0.22008389638837103	0.1104663170413312	0.10083019471850524	0.30641142005083416
0.2575257314985715	0.23844543578892088	0.09860201441138446	0.10565974120172995	0.299767077099393
0.25386160700200827	0.19871572070001337	0.13530238183328674	0.09899331591281982	0.31312697455187155
0.2856494739512667	0.17637935269998933	0.12451750573431535	0.10493345782511834	0.30852020978931
0.27521377679263875	0.18685731514875276	0.16046381140827648	0.10239462188502618	0.27507047476530555
0.2643819775309783	0.21869107670836305	0.13073585223311673	0.10563536027481886	0.2805557332527228
0.2473957258298402	0.19521658842113496	0.15557843776279906	0.10181298192500551	0.29999626606122004
0.25569806479689783	0.19139319610856673	0.176479211712596	0.0980450535191921	0.27838447386274706
0.2791322269855995	0.1858363965993496	0.1256005677540817	0.09787214218432312	0.31155866647664576
0.29000963485940634	0.16392680502555523	0.15849557920766585	0.09558875823896396	0.29197922266840837
0.25565377883588863	0.24223775044771112	0.114476880949146	0.10124044138112814	0.28639114838612584
0.2798402135467709	0.20812264177800288	0.09505982779575592	0.10581779565702296	0.31115952122244706
0.2834208239444236	0.19152148265360727	0.11254216221227939	0.10033330995463872	0.3121822212350508
0.25869980336328696	0.2147655797979162	0.1427022433410723	0.1034660262193512	0.28036634727837306
0.2547852213194135	0.2478034924720388	0.11507198372384132	0.10558759606432849	0.27675170642037755
0.2683006892789593	0.1967608747848196	0.15839626418536332	0.09791919432915432	0.2786229774217032
0.2801431319539934	0.15031118695640863	0.1676960162404395	0.10632641072178577	0.29552325412737246
0.2906910070410068	0.13383448575305798	0.1629009163916672	0.10070702277907637	0.31186656803519136
0.27439191272352237	0.17520228546258756	0.14883581273778157	0.09523721572007951	0.3063327733560287
0.25978798724027513	0.24465096350882887	0.10672474536567927	0.10172028753849388	0.28711601634672257
0.26268993481646086	0.22299639483676037	0.12836973641492994	0.1003702133921969	0.28557372053965174
0.2532979856462379	0.21675166893060616	0.13759940568613743	0.10525672182495838	0.2870942179120599
0.2599742714473811	0.22393842766958327	0.13720981048571196	0.09423692843629108	0.28464056196103227
0.28603756551211273	0.1920259442630415	0.15019133425137132	0.095363856163961	0.2763812998095132
0.28421054941161794	0.19486628164712175	0.11368445710888599	0.10099062278190521	0.30624808905046885
0.2542321403859744	0.23153925421978747	0.10234191946545955	0.09869551924690077	0.3131911666818775
0.2781420903410977	0.19524693470366528	0.13241753389363187	0.10089597641128449	0.2932974646503204
0.2742190594499402	0.18293246858240492	0.15611020266657505	0.09943720275168645	0.28730106654939314
0.24984202608334763	0.20670870931581614	0.14610664604440177	0.09846916049295659	0.29887345806347754
0.28441623754786516	0.12975865076554133	0.17415970318928334	0.10146495236756073	0.3102004561297491
0.2785056759338619	0.18972152166965328	0.1443022463920822	0.09481770914757805	0.2926528468568243
0.2569352318080072	0.24166530511900186	0.10552503248273318	0.09729957920802293	0.29857485138223455
0.26271319919904024	0.18403319187481526	0.17417972242617752	0.09532034206269546	0.28375354443727124
0.2561591441977869	0.2079037312575265	0.15374892564662612	0.10202776811934886	0.2801604307787114
0.25859291222099434	0.2052129844847718	0.14586868822127047	0.10400067460346767	0.28632474046949546
0.25205638365629324	0.20187197686507244	0.16325761445955636	0.10039918664801109	0.2824148383710666
0.25281569485317573	0.20666919416881815	0.13382846034474422	0.09871988604166218	0.30796676459159944
0.295936721132018	0.14021581284246953	0.15852653932428554	0.0974517263076061	0.30786920039362053
0.2881820472293789	0.15537037629115957	0.17312437543555514	0.09641688404651683	0.2869063169973892
0.2586489493929059	0.21236001934737705	0.12180558394292781	0.10512006175127418	0.30206538556551477
0.2897092071460601	0.21509789671395305	0.10670049205681299	0.10157831722604575	0.2869140868571278
0.24737697712860035	0.24463301136439197	0.1126665692379974	0.09990512263354762	0.2954183196354624
0.2658670278227221	0.212726696345922	0.13137333770126905	0.10346923103905425	0.2865637070910324
0.25225727131062703	0.2132761894944946	0.12872811752257546	0.09987091956316337	0.3058675021091393
0.2679831937097306	0.13864279397862977	0.17570997838321795	0.10484302543678548	0.31282100849163597
0.27160748905664156	0.21849907079984604	0.10856164091801716	0.0944283355275793	0.30690346369791566
0.2674369700269358	0.21980157252742988	0.10869303006409974	0.10169480824363464	0.30237361913789973
0.2551381746941901	0.1794775487568582	0.14409007288037362	0.10718452331584012	0.3141096803527377
0.2915496164867146	0.2277567290456176	0.107018926089165	0.09719532834542212	0.2764794000330804
0.2872902217604978	0.1742406506840969	0.14304199115603106	0.09502703111008984	0.3004001052892841
0.26264308283026894	0.23593048273023948	0.10130036218498666	0.10143212533998408	0.29869394691452056
0.2729952264408062	0.18692929461186097	0.14712240226904175	0.1011244623231666	0.2918286143551242
0.24717736103848367	0.20499233286692176	0.13402744586197174	0.10206259971135899	0.3117402605212636
0.23924969957066772	0.24218169778070603	0.13284235331220712	0.09883381717303012	0.2868924321633888
0.2450775815786531	0.23180468373065488	0.1408114869873648	0.10013909677368134	0.2821671509296456
0.26454766006271213	0.1941288678385923	0.16025784317274003	0.09897855238417656	0.2820870765417787
0.26703610270500566	0.18438822153437354	0.1571938465133919	0.09899731537480735	0.29238451387242126
0.27558596299027005	0.21169834527694245	0.1327419415358031	0.09561865432971967	0.2843550958672645
0.25165660511843646	0.21835698405897425	0.15682584155979978	0.09656102514131175	0.27659954412147747
0.2835082269655272	0.21451191002455688	0.0984706682522058	0.09895747758766929	0.30455171717004054
0.2628532219336512	0.19745012592184152	0.16873116549626557	0.09591990523161695	0.2750455814166245
0.28878538091243966	0.19206141424978568	0.098655834802478	0.10770921042137706	0.31278815961391937
0.2622354878306388	0.1882107010643008	0.1478928743919762	0.09781410644643937	0.30384683026664455
0.28379005556754267	0.19309241996025764	0.14431484222649782	0.10008079243231165	0.27872188981338997
0.2730140009729178	0.20493047822543384	0.13567002490555993	0.10749558891284883	0.2788899069832394
0.24463865872986398	0.23432235635807905	0.13596713620646914	0.09508719688027846	0.28998465182530914
0.2550335848588574	0.22474192391666759	0.13411345144356834	0.09746441484868586	0.28864662493222054
0.2456414572275346	0.19375776128697125	0.14800867695066766	0.09841294090574207	0.3141791636290841
0.28253515407870605	0.22894476946977088	0.10243442242519395	0.09434878648759273	0.2917368675387361
0.28183089869974076	0.21304119278697656	0.1146433952637833	0.10415600080696902	0.2863285124425301
0.264055614388765	0.19700334420960464	0.15566222005857466	0.09939025387441719	0.2838885674686383
0.2573946723362541	0.18906545967677235	0.1661186033572838	0.09726272819199297	0.2901585364376965
0.2877908149989355	0.22313112766880214	0.10171490649002338	0.09792119768642674	0.289441953155812
0.24553431597209574	0.217299016970922	0.13865171175100222	0.09548622216928139	0.3030287331366984
0.2699292777012867	0.22672142433022688	0.12407669629078949	0.10186840157190649	0.27740420010579014
0.26726185131052077	0.23258593697761953	0.11441392606749963	0.10135700656712432	0.2843812790772354
0.27065632049548694	0.22302224367465412	0.11437383732713356	0.10403131842683595	0.2879162800758892
0.2574265874329197	0.21139768287772143	0.11897831292673496	0.10199363979022982	0.3102037769723939
0.28233850643841274	0.20606675135793454	0.12235201720570218	0.10106256947753996	0.2881801555204103
0.24311975612879716	0.20288054552757578	0.13851308856444042	0.10770706219035385	0.3077795475888325
0.2888927679433271	0.1745997071200414	0.158039211583589	0.09689282894079233	0.2815754844122499
0.29216248634506914	0.15122458317821463	0.14103123156651315	0.10289477917178785	0.312686919738415
0.27388941718495335	0.19862648524162785	0.14953984351380878	0.10141449445526281	0.27652975960434695
0.260150574071672	0.22952333886856152	0.11977687814437575	0.10597147155922625	0.2845777373561642
0.2850687181832114	0.16306262247128694	0.1425572906103365	0.09688620461257041	0.31242516412259447
0.29318284105771175	0.14789413919021943	0.16126179893737996	0.09740938472574623	0.3002518360889424
0.29431886533956975	0.16922853883524872	0.15042494105610796	0.10730232493644483	0.27872532983262843
0.2465331602730693	0.2024625508204142	0.1653306983461879	0.1038334039277987	0.28184018663252963
0.28382380860634193	0.21341247517784634	0.11725081900996127	0.09633095097701509	0.2891819462288351
0.2803746724745333	0.18505263292895124	0.145344233707201	0.10439069259662433	0.2848377682926898
0.26491109185662093	0.18478056065444606	0.14990137103143553	0.09665461259440575	0.30375236386309146
0.2579484165872631	0.225279379016119	0.1364980721647498	0.10273394434311814	0.27754018788874973
0.2514343824574187	0.23221572011751784	0.1189326086740529	0.09713377274494442	0.30028351600606584
0.2758004557213415	0.16061531737109472	0.1637238219646221	0.0946450276143473	0.3052153773285941
0.27786727419079715	0.16561966909461084	0.15997663350885669	0.10093188368975897	0.2956045395159761
0.286063053578693	0.22999424340368507	0.09569662609147994	0.0960511475975305	0.2921949293286112
0.2807208743596977	0.21624260653973304	0.09531291107054989	0.10307648501955062	0.3046471230104685
0.2721288032804914	0.15288832570900873	0.16086461035803823	0.10701405142269893	0.30710420922976245
0.2414134137155936	0.1727076195000701	0.17583469868834276	0.10418388487742705	0.30586038321856623
0.2692656679795694	0.19952928767836628	0.12044873917159962	0.10169011771799535	0.30906618745246905
0.2641085050908052	0.23984441000791495	0.10915575796240166	0.10667248900534064	0.2802188379335373
0.29194886184123425	0.1427826879086906	0.17738195139015225	0.10589662291759941	0.2819898759423233
0.2915902491342024	0.22026722727347386	0.09729138051456569	0.10053660573158126	0.2903145373461765
0.2822691365177718	0.18842485497358835	0.14288743000767284	0.10064420870709016	0.2857743697938766
0.2795555147080053	0.1574010922353508	0.16630707574960296	0.09703860173839324	0.29969771556864744
0.2825283128242865	0.2111599584010971	0.09778245252063641	0.10025842059757085	0.3082708556564089
0.25885300487778135	0.21670943291918296	0.12796834985707872	0.10205631702212263	0.2944128953238341
0.27702812476468835	0.23472002892549565	0.10668463365427534	0.10316280793117341	0.278404404724367
0.2655306154078181	0.22879699556514288	0.11740115863507364	0.10644179806091161	0.28182943233105356
0.24292650101533925	0.25034998637211436	0.12929608259371184	0.09899208006571214	0.2784353499531222
0.27225499405562237	0.19889405561883555	0.1245960672979326	0.09979217753587385	0.3044627054917354
0.24679151036952662	0.24864258157971247	0.1102737320645268	0.10288635671963077	0.29140581926660303
0.25848656780722923	0.2102862941360646	0.12941392478795838	0.10208888091741374	0.2997243323513338
0.29260361520049827	0.20611770327926826	0.11736038686789432	0.09588123748338075	0.2880370571689582
0.2850690900188075	0.17400889415629944	0.13265496554645065	0.10089159997793146	0.3073754503005107
0.2840264395596136	0.20836137376878378	0.12878328180628754	0.10198468850046297	0.27684421636485185
0.2713785245736393	0.20754943516065566	0.1390296157603111	0.09780266397554832	0.28423976052984534
0.2679609565862152	0.1915463215995783	0.15965862541708004	0.1030363035941952	0.27779779280293104
0.24004801829296823	0.23500198102072598	0.11636082473258107	0.10333719788729726	0.30525197806642723
0.2949259548698468	0.18413737046704173	0.13348772378840273	0.10728456236524292	0.28016438850946557
0.2714283127629028	0.23563795187382924	0.11075982845971212	0.10597070555141763	0.276203201352138
0.2623443084382347	0.2340281568705877	0.12288085306964805	0.09642005869476647	0.2843266229267628
0.27294772634294406	0.19228353817938182	0.12328403001831681	0.10046201579291851	0.3110226896664386
0.28186838088394295	0.2241921638804426	0.11247571279387278	0.10082303173558264	0.28064071070615876
0.2891028587843428	0.17204508576877509	0.15443014549539455	0.09452359916039596	0.28989831079109135
0.27810447930994525	0.195029460158155	0.13435575147847542	0.09566308324813852	0.29684722580528555
0.2805239807489557	0.15058136622072998	0.1627415434442611	0.1017583639432408	0.3043947456428122
0.2954420297784554	0.14304409215339703	0.15779482924357385	0.10649778271357668	0.29722126611099675
0.2871095701796157	0.1733120552405188	0.12761309181784464	0.09994978394376286	0.31201549881825774
0.25864515328934706	0.24618939160236572	0.11035343517250595	0.09834180922802767	0.28647021070775336
0.2502890716467763	0.2218660810871659	0.1234433434713669	0.10122222848371729	0.30317927531097344
0.2652241921011553	0.18816220158418806	0.1367274102688369	0.10433974756861362	0.30554644847720586
0.28233438833533503	0.17354325482289598	0.15264022712040481	0.10370536097458537	0.2877767687467785
0.29488915886993355	0.20236841145482987	0.12502364725085222	0.09887507724175022	0.2788437051826339
0.24628888109587255	0.20094977569718783	0.15111250717828367	0.10495018112720096	0.29669865490145475
0.24840621469788474	0.20653622625717505	0.13197482801418892	0.10329676186680078	0.3097859691639503
0.2687123400829399	0.2232979084294612	0.1237978440409453	0.10402376653820808	0.2801681409084452
0.25733785709746904	0.2349628893474673	0.09945612943097955	0.10356054068219885	0.304682583441885
0.25762479206767536	0.214047952237267	0.13259613013293392	0.09929032450574364	0.2964408010563798
0.2796337770292894	0.20649493493874738	0.10607559242902634	0.09498995683621417	0.31280573876672246
0.24283794667834768	0.21462673746690475	0.14645676366373053	0.10083996913229748	0.2952385830587193
0.26769211541136956	0.21966665727865164	0.11965379401455994	0.10201196054377283	0.29097547275164576
0.2671072346892177	0.16654727083610613	0.1525514130716596	0.10528815872704254	0.30850592267597376
0.2593565919884542	0.1931891400462462	0.16396565663666712	0.09683387820710435	0.2866547331215279
0.24411425599884906	0.2284162856349656	0.11765308638340756	0.10184721062732002	0.3079691613554575
0.2808366973210093	0.18575074919326853	0.14325943368356436	0.09710233707701894	0.29305078272513857
0.2890805963133497	0.17281340880367632	0.1431915210908773	0.10712470316491896	0.2877897706271775
0.2441403367189087	0.20795184767842606	0.15685695267326932	0.106937996095402	0.28411286683399367
0.26491181258663415	0.1500540018922102	0.16924817894238842	0.10589075742194654	0.30989524915682043
0.25249605515856294	0.2494231911873029	0.09796376444308763	0.09715859448765957	0.3029583947233867
0.23962903523260193	0.22630004788351188	0.12694838863237368	0.0995095881004513	0.30761294015106094
0.2928019723102605	0.16270403349250268	0.1358021588734926	0.09773359817565225	0.3109582371480917
0.28562776343486174	0.16345288479019476	0.14116138977550108	0.10214555374309159	0.30761240825635056
0.267728300038248	0.20102010471768478	0.12142196269971689	0.09585009467265217	0.3139795378716979
0.2446430099854891	0.1974487008330573	0.14985986084430777	0.10398269774671276	0.30406573059043285
0.2798147381409444	0.18102948335200872	0.14136375708596544	0.0973577031935591	0.30043431822752203
0.25807716061896047	0.21433608310010357	0.11473974886613751	0.10355871730540138	0.3092882901093968
0.2607678952696431	0.24996302140183985	0.10734334411521121	0.09983754366793658	0.282088195545369
0.2843607768274622	0.18883260933061594	0.12938206151372333	0.09633323101791094	0.3010913213102873
0.25440523364031464	0.23072075132487174	0.13439817949608013	0.10355645572101764	0.2769193798177156
0.29063446435359774	0.18927070379945715	0.13993080173617425	0.10148174038371655	0.27868228972705406
0.25442604267425206	0.21621401299649648	0.1158771248742771	0.10259468380213352	0.31088813565284057
0.26525178041766934	0.21523217414881435	0.12720776120984756	0.10127132200474119	0.29103696221892733
0.2804357053065265	0.23221554998818866	0.09654107069882119	0.0959783995449455	0.29482927446151785
0.2684641625050478	0.21790146401762553	0.12379193988205064	0.10139708744592052	0.28844534614935524
0.2763408123406778	0.17903464507276987	0.1552003972167034	0.10001369300137375	0.2894104523684749
0.27208452983019693	0.1860251388332019	0.13787106843513636	0.10288168806718123	0.3011375748342833
0.25031453232105333	0.1889210030054699	0.15226565697676936	0.10705268178424476	0.3014461259124624
0.24189269248402645	0.23150238119626732	0.1369726175788911	0.10037009545167044	0.2892622132891445
0.25015447933538043	0.21408767487649774	0.12849597100450466	0.09683106025515568	0.3104308145284612
0.247680316521654	0.18487256208328998	0.1625293884007204	0.09547849047367903	0.30943924252065635
0.24458314199950965	0.22275781460855854	0.1398064923446383	0.10325656391661765	0.2895959871306757
0.25792325679865397	0.1896165858090657	0.17399871704452394	0.10167120216422634	0.27679023818352977
0.26011881664024294	0.19310942401069703	0.13789050237803707	0.10285296648066673	0.30602829049035596
0.24538639919214197	0.2035035359802485	0.17124234207798666	0.10079538753098888	0.2790723352186337
0.27542211989588483	0.20495900491672434	0.12289016817023185	0.099764411217271	0.29696429579988765
0.2621112102718701	0.176906687240603	0.14587736953298297	0.10502932200650142	0.31007541094804225
0.28176992870046824	0.20297415196615087	0.11902043562547028	0.09581912506072267	0.3004163586471877
0.25639349098363096	0.2084092590749405	0.1449089607305093	0.09877490020002488	0.2915133890108941
0.26761673603969294	0.1892758529038736	0.1407184903688505	0.10176816254837316	0.3006207581392096
0.27953000147434026	0.22803108787326834	0.10072675313446382	0.09731336427666444	0.2943987932412629
0.24629744144081342	0.17438711990554093	0.17202973909631547	0.1023445754679807	0.3049411240893492
0.25048208909946995	0.17636506491863257	0.16967572515738916	0.09666828841960516	0.3068088324049029
0.2892577712968539	0.14237574935099187	0.16537658648096193	0.10539583487942095	0.2975940579917711
0.27504574021244915	0.1846361926712648	0.13135957812380752	0.10347541310461844	0.30548307588785983
0.25256486318718124	0.2118327690364399	0.1250601738401491	0.10771569275846091	0.3028265011777686
0.2903191788191647	0.17848269571707717	0.12529662898313892	0.09798528633808246	0.30791621014253645
0.29039803652100726	0.2303553258578801	0.10479122895157954	0.09644248168648498	0.2780129269830478
0.2728022511180969	0.20856172584929428	0.14192040483317592	0.09989906868071066	0.2768165495187219
0.2621186455142512	0.199895540421774	0.1290573838695812	0.09567668709241091	0.31325174310198245
0.2895564401907299	0.12852128369547666	0.17234131194493008	0.10017516481627942	0.3094057993525837
0.24674566225570294	0.21354997030209794	0.1567597078978134	0.10069416725796253	0.28225049228642296
0.29016435211726216	0.1714448514207804	0.16456696946332622	0.09726611591764953	0.2765577110809814
0.2820850984758363	0.20618815928623677	0.13540191108616662	0.09690586021220547	0.2794189709395546
0.28545743297189774	0.18946431103128739	0.12196075135707364	0.09842974915119698	0.304687755488544
0.295712930751294	0.18256833098077366	0.10945834709706184	0.10190634624612088	0.31035404492474933
0.29590212221849943	0.20015875351588108	0.12052868728339051	0.10437318329723558	0.2790372536849931
0.2934028220153018	0.14548226749886206	0.1714118750874622	0.10489111547384661	0.28481191992452703
0.2435379831485331	0.2226337937277904	0.1363082214606573	0.104170419396147	0.2933495822668719
0.2829781831189128	0.22037523229559045	0.11375135132586521	0.09811101651117551	0.2847842167484558
0.2584379415589989	0.1587500237535561	0.16379538092879636	0.10518668483431166	0.3138299689243367
0.2763087720253924	0.20424321290810885	0.13331805356522777	0.10626834021161632	0.27986162128965436
0.25327899326711945	0.20080858098126309	0.16664313132950773	0.09429573831703073	0.2849735561050788
0.24854623695012773	0.20151110101405958	0.13873929905726706	0.1007247812167906	0.31047858176175475
0.23947157476310688	0.2194542127043796	0.13663638384561216	0.10377454969626188	0.30066327899063927
0.25436251115099195	0.18840286489506985	0.17528815260644898	0.10081497434691997	0.281131497000569
0.24492407360715354	0.21347217164480572	0.1304222235322965	0.09743680509561026	0.3137447261201337
0.2887076447876307	0.1911842442754163	0.1386627341265465	0.10244411439678577	0.27900126241362044
0.25731485795631537	0.23796698452306297	0.11054567576375486	0.10026534966244528	0.29390713209442126
0.24724006100955384	0.24565586115522495	0.09531800821831313	0.09915384857438066	0.3126322210425272
0.2687582562209341	0.18428173783212748	0.14080599570855468	0.1035683748562328	0.30258563538215066
0.2677744460943001	0.19947574006947827	0.15513840813189847	0.10016218633576762	0.2774492193685552
0.29673606733528096	0.17376556951763278	0.13212019551721765	0.10356376235013715	0.2938144052797312
0.2549611526782817	0.1946359436027912	0.1608060608417336	0.10004839279674532	0.28954845008044794
0.24142519412689406	0.21565261038716255	0.17127094102769497	0.09584843802114529	0.2758028164371029
0.25044346448117577	0.23630569794585266	0.10816290020976209	0.09844702986295158	0.3066409075002577
0.2593649852312932	0.20712746070425117	0.13138252175826154	0.0994126726157402	0.3027123596904536
0.250880887376654	0.21059921356034464	0.15775851211389866	0.09692717131036477	0.2838342156387377
0.2701413069409673	0.18779277370053674	0.12834757467442948	0.10714913088139823	0.30656921380266805
0.24183895810348097	0.19299849765840368	0.1665806342159074	0.09701945438857867	0.30156245563362905
0.2664639894643397	0.15766172065507908	0.17488910663069515	0.10561401246036177	0.2953711707895241
0.2752093303269739	0.2434515206783489	0.10505188381169753	0.09453493554488453	0.2817523296380948
0.24249558059928392	0.2056237594281945	0.17265212097936272	0.10400720649018584	0.27522133250297276
0.25290890892725354	0.2237509217473307	0.11484477220427815	0.09764538808563288	0.3108500090355045
0.24718637480749633	0.20100203324712218	0.14660231048582364	0.10711353808479321	0.2980957433747644
0.26313196645072806	0.14362103899173764	0.17261787568976455	0.1074855134233519	0.3131436054444176
0.27603036240698614	0.17023129152198338	0.15281035689280897	0.09784603615166051	0.3030819530265607
0.24889979219025593	0.20146291992471907	0.1619671616431229	0.10429152938280391	0.28337859685909794
0.2643731207432236	0.16592029378389148	0.1761946393691566	0.10305937788870095	0.29045256821502713
0.2473611749159803	0.19979319690202707	0.1701200429959555	0.10523582197212529	0.2774897632139116
0.25029812986945255	0.2056827821560743	0.1676647961536694	0.09875950556453222	0.2775947862562713
0.28408606838872147	0.18409930667109095	0.13884445363713827	0.10067413026946419	0.29229604103358486
0.2923744379956931	0.2175098813476094	0.11626458733939969	0.0952544582897202	0.2785966350275773
0.24689179142359285	0.1977481052299544	0.15163762717157878	0.10301544987377456	0.30070702630109913
0.2675270034160342	0.17966425139793504	0.1715000314950112	0.0975198204397039	0.2837888932513154
0.2532187944612072	0.24574242430595997	0.11937614957741699	0.10032692567294872	0.2813357059824668
0.2707559228448715	0.1446176490453463	0.16686731614522587	0.10578235443891895	0.31197675752563714
0.2615636760944278	0.22937620530127553	0.11008067821078935	0.09463821667372609	0.304341223719781
0.2784571162236946	0.21443191515427812	0.1188184432839508	0.0985539640421849	0.28973856129589126
0.2784856879696998	0.2282804754638929	0.11365506361804363	0.10400233862256743	0.2755764343257959
0.26106814401073014	0.19619990839719945	0.1399071365904302	0.10170412457893814	0.30112068642270173
0.2544933968817834	0.23156614167221853	0.130439689874325	0.09957361664076958	0.28392715493090326
0.24778815668050835	0.16666751194247054	0.17393669953135324	0.09911505190827333	0.3124925799373943
0.25276722123924605	0.24511823366937432	0.09534390037601571	0.09921923927935528	0.30755140543600834
0.2944723938910962	0.17376612877060515	0.11648094574832311	0.10328664153847877	0.31199389005149647
0.24146872130607316	0.23088505224321562	0.15317415147690328	0.09494784349133839	0.2795242314824693
0.2935949512276719	0.16392725324773022	0.1295407215603897	0.10022928713160266	0.31270778683260525
0.2820317650862463	0.19720305429008242	0.10391143165866709	0.10523046674550109	0.31162328221950286
0.24864151025623002	0.1954946648694147	0.17131933291609136	0.09984054722773403	0.2847039447305296
0.28567963526480256	0.16426328882961946	0.17275316542344474	0.0991800300885504	0.2781238803935826
0.2789293916433315	0.19837301421940287	0.11415930074683933	0.09872741450189254	0.3098108788885334
0.2753027974748017	0.16938538024562477	0.15543819430140826	0.09835599750204821	0.3015176304761168
0.2571070033968789	0.19136702273062062	0.1588945788839652	0.10268279441598877	0.28994860057254623
0.27501666103324063	0.2055621820851657	0.12150766752630306	0.09767990500098596	0.30023358435430436
0.2744305009128857	0.22477863647086704	0.11695516598775765	0.09797900184243594	0.28585669478605347
0.2423207982936852	0.2358574906901752	0.12305489646418441	0.09539090335137686	0.30337591120057805
0.2635891028499146	0.21252094443762615	0.12498700999774093	0.10654749715119802	0.29235544556352006
0.2893204309560631	0.19130330231710568	0.1360915805077584	0.10656568751046082	0.2767189987086117
0.2966076894133134	0.16242962830640517	0.13662367489349445	0.10096055196493606	0.30337845542185066
0.23980904433901645	0.20992537946980694	0.16352016638075723	0.09990697618195894	0.2868384336284602
0.29384378036558234	0.18113398304986814	0.12795131161150783	0.09887858578395484	0.2981923391890866
0.27704743220595374	0.1385439591159192	0.169381626180015	0.10249260849004838	0.31253437400806344
0.2598406153340401	0.17859429054688142	0.17629677531212168	0.10610187633830391	0.27916644246865263
0.291018432602768	0.19112524156808905	0.11816142561368907	0.103207205421148	0.2964876947943056
0.2804186374447075	0.1628124352680826	0.14581519423649184	0.10043796120290599	0.3105157718478118
0.24212841511937722	0.22349373585505414	0.12148303392341951	0.10699016673834123	0.30590464836380765
0.24407880302899146	0.186126906135557	0.17566136847273459	0.09845622675170228	0.2956766956110144
0.2552675822941272	0.2123056222419861	0.15016111776180763	0.10581804941516215	0.2764476282869166
0.2401927944040168	0.20297559202094723	0.1640831932843022	0.10037590319468781	0.2923725170960457
0.28291544582141215	0.17785439423724403	0.1535146399589272	0.09969463890186442	0.2860208810805519
0.26360831427044007	0.20483765420678565	0.1280088604703313	0.09767020299762182	0.3058749680548209
0.2696024518933904	0.17652286154633973	0.1561096778394641	0.09444365290605643	0.3033213558147491
0.2818765529096625	0.20917126998348518	0.12398738619590859	0.10310342279548822	0.2818613681154552
0.2654947197516039	0.2341404039154443	0.11632323998094762	0.10127141404452789	0.282770222307476
0.2705172831973611	0.19834853471098385	0.1433055034447957	0.09458241813923407	0.29324626050762503
0.29479818011075076	0.15829606671393143	0.16715107962607795	0.10315238510913674	0.27660228844010293
0.2896551086156424	0.17766660230025588	0.14483789924758492	0.1043162568963688	0.2835241329401477
0.27909014169185986	0.20003944868163873	0.13725386375214466	0.09630346114710243	0.28731308472725403
0.2694894343257608	0.19968186084730152	0.11988631272685862	0.10357370308506511	0.3073686890150137
0.27757554294941533	0.19119273964352917	0.11870904443268293	0.10081933912150176	0.3117033338528705
0.27016542531756227	0.19090947820206183	0.14759627489701788	0.09574680496131907	0.29558201662203876
0.25455606614775084	0.2018978392389863	0.13398181327375602	0.10022540902333497	0.30933887231617163
0.24869444525964085	0.2400256690678836	0.12506991046288532	0.10243677099593615	0.2837732042136538
0.28978392683908627	0.15255722962967905	0.1671094273125573	0.09714238620035542	0.2934070300183217
0.2577968470298182	0.1935336673875317	0.17071345550660466	0.09927260447731742	0.2786834255987278
0.2620033015308424	0.18643178199439878	0.16707055065333615	0.10019815784276691	0.2842962079786555
0.29394580449303764	0.1689982664247938	0.1369499186890697	0.09750559854334165	0.302600411849757
0.2656575197727084	0.17317296173565333	0.17694397884093532	0.0946575456322202	0.28956799401848243
0.26108229920957743	0.18558836580814175	0.13724688326961942	0.10439840523511565	0.3116840464775455
0.2607080877357692	0.17232625935874965	0.17511421001985467	0.10689087993751305	0.28496056294811317
0.2946328382741782	0.1415045541183253	0.1776905697764509	0.09446109273232135	0.291710945098724
0.25474993644496946	0.24371059602778034	0.10736956630716153	0.10208516989865543	0.292084731321433
0.24185387652791268	0.2166235725540885	0.14879573677586283	0.09436471141922201	0.29836210272291375
0.2391886371113545	0.1950629780206881	0.16635326970516479	0.0975754283827227	0.30181968678006965
0.2470652128715491	0.225725754695546	0.14474597133064648	0.09557973960679472	0.2868833214954634
0.24652669100642402	0.19939424399955627	0.14797374100705102	0.09763976163153006	0.3084655623554384
0.27641317942430377	0.17938576174767373	0.15912477579617626	0.09688023424301428	0.28819604878883176
0.2750919529130256	0.2095552976460967	0.1337578431068756	0.10078689118518716	0.2808080151488147
0.2906018011282453	0.16802526289692066	0.1516338674255614	0.0953691945150949	0.2943698740341774
0.25085447546251355	0.2258580319440471	0.13107592213187358	0.09942113938817462	0.29279043107339087
0.2813115408912329	0.2271208340753005	0.11044480961212952	0.10186386585401677	0.27925894956732006
0.263676032802829	0.19997390723046501	0.13081718684156524	0.09841174414202289	0.30712112898311766
0.2791980137988554	0.193806842070845	0.13121123485241268	0.09474455359597746	0.3010393556819092
0.27907911444663946	0.15526193847938508	0.15251081583623602	0.10374260824876168	0.3094055229889775
0.26033760756052104	0.22044136047550453	0.1327311165550479	0.10354197828501968	0.2829479371239066
0.2463188052874547	0.24442691703264124	0.09686601059936342	0.1048474282068631	0.30754083887367734
0.2919778237711489	0.20664753452313725	0.10446072746409263	0.09473130342263483	0.3021826108189861
0.2658937814594776	0.18581929229770391	0.1438215235937757	0.10203283370776518	0.3024325689412773
0.27506213134354063	0.16869147742494714	0.15480859681205825	0.0994873071414314	0.3019504872780223
0.2466698441696503	0.2036083916123561	0.15973645616947313	0.105027197480797	0.28495811056772324
0.2655528444240771	0.2230326348679045	0.12764316776260448	0.10340641387746298	0.2803649390679507
0.2693639765406126	0.2322210919454838	0.10381833080540512	0.09705470239241894	0.29754189831607925
0.25847462234337165	0.2380358104302696	0.11823232248216074	0.10096068308583347	0.28429656165836426
0.2693758394321236	0.2307697461271978	0.12214500140340087	0.09914558378566807	0.2785638292516094
0.2869043535048752	0.1579120820750214	0.14244376468704953	0.09881479971718828	0.3139250000158653
0.2632804055078578	0.2424015353585566	0.10965836517759016	0.09507820151620623	0.2895814924397889
0.2782003885974031	0.17928752116577212	0.15972549014497728	0.10699829510943355	0.2757883049824137
0.29530850131604913	0.1547203606300508	0.1611117737107488	0.09851444492053092	0.2903449194226201
0.27072784986613974	0.18327035738258896	0.161097177232418	0.10320683870076922	0.28169777681808383
0.28159348945553747	0.22250888141729602	0.10374948741857219	0.09529303655262093	0.29685510515597313
0.2691393959123595	0.18316393766727712	0.16603921597091978	0.10664787851859878	0.2750095719308445
0.279519743295121	0.2304529415742351	0.09556527501179674	0.09814384871702508	0.29631819140182175
0.27564347399776395	0.18147213026168602	0.12759671892411317	0.10768605801516928	0.3076016188012673
0.2714639931200159	0.19386029640194688	0.1271583456395272	0.10768844296219685	0.29982892187631294
0.2715208832567252	0.15872236292179162	0.15384731212338618	0.10288235555320815	0.3130270861448886
0.26316573108497865	0.2009085400901287	0.13219444679436387	0.10025646428663533	0.3034748177438932
0.2828155666674108	0.1571893535757744	0.17455904369932335	0.09527028776261011	0.2901657482948811
0.28863593300554885	0.194207264488728	0.12892047164703466	0.10164344368136327	0.286592887177325
0.28745523725969596	0.1798690896143295	0.12505948892980198	0.09682913822429928	0.310787045971873
0.2550758445904443	0.1891918046594248	0.14994929901841028	0.1066445129937248	0.29913853873799556
0.2503126539951174	0.23378791626769424	0.13080786377366907	0.10396647647774249	0.2811250894857766
0.26992794934062553	0.2218602607140942	0.11366657538987918	0.1021918953399879	0.29235331921541297
0.25580846424133313	0.20656769091377566	0.1581671613621275	0.09644968031675275	0.2830070031660107
0.26233216117410024	0.2178334777367557	0.13199734726489645	0.09565257916632915	0.2921844346579182
0.28595091990525145	0.14709208495708107	0.17554661001709349	0.10718184958401522	0.28422853553655847
0.2959065868079983	0.17941012712274665	0.12323262600211393	0.09449687238097984	0.30695378768616105
0.2842584932368953	0.17787004868496095	0.13360111434407576	0.10251475102459834	0.3017555927094694
0.29556375437916727	0.16522218096334357	0.12957662675564297	0.09797857112996658	0.3116588667718794
0.2660526126231889	0.2093842768731814	0.12220649627818304	0.10037642570137563	0.30198018852407077
0.2537031379959345	0.2256214435407704	0.13587544321114756	0.09441671140642766	0.29038326384571966
0.2467149725716981	0.18599441751903822	0.17056800717705095	0.09641221699018374	0.3003103857420287
0.25697276363363303	0.18465842968069968	0.15736264057034716	0.10152669313461331	0.29947947298070654
0.29094836175334676	0.14738955277076923	0.14522606102341998	0.10408771118390205	0.31234831326856166
0.29334496957717315	0.1639665945548255	0.16698698472093476	0.09999349933984616	0.2757079518072201
0.2896012020206971	0.159011750798756	0.17640587119012308	0.09472203556716399	0.2802591404232595
0.24934939217523455	0.22630539924327178	0.1266154701457191	0.09461300319991509	0.3031167352358592
0.28586895953086633	0.20006051093399238	0.10354192376595782	0.10568006441474137	0.30484854135444184
0.2794951601581888	0.145568323301352	0.17423565865984608	0.10520786824322703	0.2954929896373858
0.24269418981559007	0.21372255400299645	0.15753912028860526	0.09752087751205314	0.2885232583807548
0.2883749830419231	0.13016618585739323	0.1730480183087001	0.0980791372021536	0.3103316755898297
0.2748550002094589	0.22807319597929418	0.10149049138322204	0.10585106640430425	0.28973024602372033
0.24688279830853352	0.20914519767069253	0.14649319520307283	0.10727625402453989	0.290202554793161
0.28037242936339357	0.1492524510767149	0.1681488294310776	0.10189775549243993	0.3003285346363737
0.2716685226677197	0.20076091171348792	0.11343616533269438	0.10480376079370445	0.30933063949239326
0.28093764158240075	0.22333083022426362	0.10288101149519775	0.094991904043457	0.29785861265468067
0.2822377096441147	0.13751752572584464	0.16535896642205705	0.10614320230787955	0.3087425959001038
0.25580524776062874	0.16658882865644684	0.16633062157333303	0.1003897780408367	0.31088552396875446
0.2547007126939589	0.21422617628550045	0.14452817358190564	0.0952924230345061	0.29125251440412864
0.262967970357915	0.23858940829529268	0.1097278866656155	0.09673752832648705	0.2919772063546895
0.279987614282141	0.16487909983183263	0.15442226574439155	0.10064462448021883	0.3000663956614157
0.24076692524306653	0.2351790106925233	0.11724909983772819	0.10672150987730022	0.3000834543493815
0.26547686144595317	0.1730618405158332	0.15588362842226766	0.09564313507943968	0.309934534536506
0.2923417449193893	0.181574580405542	0.1319768484921892	0.10332685900599377	0.2907799671768854
0.29018395788465423	0.18038443748011784	0.12291930158227408	0.09485424464084463	0.311658058412109
0.2745005596205217	0.2015574065595909	0.1323818415623197	0.09632745806715931	0.2952327341904081
0.24457198528875168	0.20842505179152485	0.16584707064024015	0.10191291796354297	0.2792429743159401
0.2868868521367229	0.1800861076179509	0.14617232908464028	0.09656229576617385	0.2902924153945118
0.27443369134263074	0.22367507787657606	0.1147041555601429	0.10370224782931153	0.2834848273913385
0.26097224836043176	0.24735091790056285	0.10725441608599545	0.1009745922420962	0.2834478254109134
0.28960195832163527	0.21162596753425797	0.1065730287733662	0.10305577734304039	0.28914326802769985
0.2486989896923693	0.19867774434976884	0.15020356785671915	0.10426189184935647	0.298157806251786
0.2463425166299326	0.20094956831649358	0.14982036581457686	0.10613693471180762	0.29675061452718915
0.2871854510283298	0.1734943724500936	0.14833695575557992	0.09781812789166008	0.2931650928743363
0.2820877392349863	0.1352755897501339	0.17544535588834184	0.10349559376462984	0.3036957213619078
0.24068277054693088	0.22004899849203374	0.13224302904137644	0.1021480606728191	0.3048771412468396
0.25120453405110893	0.21793922182565378	0.13287620354856577	0.09516432748945951	0.30281571308521177
0.24666634048012503	0.1679269698750112	0.17461443072427782	0.104614019935209	0.30617823898537666
0.2550751624958221	0.22479845293902914	0.13841837184368533	0.09974188630422716	0.28196612641723595
0.2845617387508337	0.22563165993107126	0.10398194824484308	0.0990667375998127	0.286757915473439
0.25636892776295944	0.21056492059648027	0.15659250116004847	0.09872342560358308	0.27775022487692846
0.2752992214397916	0.2381064767971729	0.09792658763073564	0.10319705808921309	0.2854706560430865
0.26201385912087666	0.21677574063072502	0.12511292832287796	0.09444187271637697	0.3016555992091431
0.2660382398516126	0.21697900609977727	0.12236664766862351	0.10554016840399247	0.28907593797599385
0.2668854040316889	0.19484122974582524	0.13003179627490324	0.09539396043201895	0.31284760951556334
0.25544440279859254	0.2412093538870701	0.10864473208625935	0.09673603250445698	0.2979654787236208
0.26320844634388063	0.1891394112143768	0.1707065407496953	0.09852855459630247	0.27841704709574444
0.2435991899682232	0.24144842006314338	0.11735729509307673	0.0969397977763274	0.3006552970992291
0.24356527744010673	0.20535060186143161	0.1391856100695364	0.1055480136226215	0.3063504970063035
0.2741822274844955	0.17710660206837575	0.14420496737504093	0.09498993697449967	0.3095162660975879
0.2554147059241706	0.17648019760454572	0.16142345165461192	0.10497162462596743	0.3017100201907041
0.2619679527775909	0.23486557118944132	0.09779536284270456	0.10305573849425345	0.30231537469600955
0.2605079774875321	0.23727226098529447	0.12643928168494784	0.09656128530562137	0.27921919453660393
0.2423790780353962	0.22497555813036463	0.11580557317657585	0.1060364409727807	0.3108033496848824
0.2602386852996343	0.23155672533817162	0.12152564088283446	0.10325360997782049	0.2834253385015389
0.29102685846519194	0.1871085085214491	0.13342233477169957	0.10146509989962904	0.2869771983420301
0.28457023610834936	0.1615477055095284	0.1455350228658858	0.09869411524723211	0.30965292026900404
0.2710052637687589	0.15602201153240242	0.16458082364978485	0.09782797267803221	0.3105639283710213
0.283403538578478	0.15679919376561968	0.14021428939737357	0.10713188359339017	0.3124510946651383
0.29030061459897677	0.20635841845291306	0.09800529781799068	0.10498989334812306	0.3003457757819961
0.2659135264748052	0.2298159640936021	0.11157678663315491	0.0981705450439148	0.29452317775452275
0.23915183302527226	0.2195400770229139	0.13462280930049814	0.10017810802862616	0.3065071726226893
0.26711419301730865	0.17864372790339594	0.15484954902992948	0.10536415902612686	0.29402837102323875
0.2756491559494532	0.21763542437660172	0.10395014285088558	0.0953086486748819	0.3074566281481773
0.24979335491736931	0.2238094560894819	0.11982354202935709	0.09907670986433385	0.3074969370994576
0.25054227903649245	0.22003879260747183	0.143661691851452	0.10487787189115778	0.2808793646134257
0.2811627641665573	0.21779945792766564	0.09701421518756331	0.10532082494417691	0.29870273777403655
0.2889660679897843	0.20554027897283922	0.11067185414583772	0.09955191884925613	0.29526988004228233
0.2622907834660774	0.1604585741277769	0.16934774018329452	0.10497924906580593	0.30292365315704495
0.2523877239953713	0.21687908149228566	0.12279541508183672	0.09688541269494058	0.31105236673556547
0.29603544079227684	0.15350831650550803	0.15894987399935312	0.10005738314461325	0.2914489855582485
0.28941276848745773	0.1508102705029769	0.1634653239575623	0.09488959805497464	0.30142203899702813
0.2665191366667929	0.23939133765092965	0.1025076649238122	0.10183072271241872	0.28975113804604624
0.28927574697589	0.2190312020664335	0.09603692513930856	0.1034863767255867	0.29216974909278093
0.2471853082566122	0.2146524999627675	0.140216219171298	0.10147944551062871	0.29646652709869337
0.245637012940249	0.16845491115819133	0.1754744318926638	0.09719325025789376	0.3132403937510019
0.25010588627795405	0.20845470904451682	0.1468560739299945	0.10239438983065197	0.2921889409168824
0.2737770817634095	0.21499489409893552	0.10796698848669527	0.0951624620083862	0.3080985736425733
0.26011614364862323	0.21481298530604387	0.12302596357940224	0.10739453094472702	0.2946503765212034
0.2934239081353821	0.16403028888522309	0.13231991144932498	0.09615464492347318	0.3140712466065963
0.261020743405476	0.21246193749952944	0.12447185505339818	0.10050754961269961	0.30153791442889655
0.2731173648118291	0.16388464124069357	0.15501290738347567	0.1053895487713536	0.3025955377926478
0.2680117104573227	0.18118056208502847	0.16093408298969836	0.10311417766685561	0.28675946680109465
0.2743178679352145	0.18139059226023319	0.1335288801238773	0.10147697869162252	0.30928568098905224
0.25979336876071435	0.24900264207330697	0.10754887445956146	0.09829685899909249	0.2853582557073244
0.29210317051103035	0.21939153837624592	0.10748499554369673	0.09680294263189483	0.2842173529371319
0.24007703518783235	0.23145063747604183	0.11986776930397455	0.09528825109087453	0.3133163069412765
0.2786530967107557	0.19669000868549644	0.12667052514983002	0.10436667943339574	0.2936196900205218
0.28656934891909175	0.2345032007145138	0.10657698845063726	0.0967394607840049	0.275611001131752
0.2680315306731319	0.22034253705407641	0.1271452559615976	0.09438011461439835	0.2901005616967955
0.27773902873047207	0.16587437040244013	0.17760664853625796	0.09508569962540814	0.2836942527054214
0.2939260090397005	0.1733363811097452	0.1425430899995437	0.09791948125057505	0.29227503860043524
0.278452985296582	0.20315981176174322	0.11542037168188035	0.10001318984717586	0.30295364141261827
0.26130223448041506	0.20574747713570132	0.13632831365760478	0.09521519899896694	0.30140677572731167
0.2621603202708403	0.1924853505409943	0.13640440540780305	0.10436298049706395	0.30458694328329816
0.2630703610600218	0.17123449070422614	0.14961785007362777	0.1027727193868412	0.3133045787752829
0.2829391230794014	0.140471615658337	0.1628573292248504	0.10588584442620784	0.30784608761120313
0.25522661076081443	0.17617580087146337	0.15176260101728645	0.10519345707643461	0.3116415302740009
0.2644307707071173	0.2407292176550258	0.10188026016014771	0.09818162649332007	0.2947781249843889
0.27438812626514436	0.16023993627601638	0.15823706746496538	0.10531141765792312	0.3018234523359505
0.2583565019912813	0.19876825946729157	0.13650640298096137	0.10289567063069652	0.30347316492976895
0.25237940479671955	0.2135836625823791	0.14570123708752064	0.10175071342559719	0.28658498210778327
0.26140893068721993	0.1957674711911425	0.1413000749735084	0.09822667513455936	0.30329684801356954
0.2415068209212218	0.24197412150683711	0.10882952481729893	0.10676125261608845	0.30092828013855344
0.2697101013079309	0.22212512620263614	0.10544097013749468	0.10512850233520485	0.2975953000167332
0.2670010886913128	0.22252260239928373	0.12068245432764294	0.10026688967581804	0.28952696490594226
0.24784260873069086	0.23115195961103277	0.13456741543105355	0.09616421617082223	0.2902738000564003
0.2419836989874226	0.22899083856251493	0.12898764069336938	0.10232580873598156	0.29771201302071126
0.28565618338955256	0.21116335705156594	0.10084540308592713	0.09457072361123059	0.30776433286172344
0.2686184228378565	0.21081245649302813	0.13513232273249987	0.10758801857949143	0.2778487793571238
0.24261384898257266	0.17621583629694465	0.17176539277888933	0.09753923424217761	0.3118656876994155
0.2488856396921198	0.24491646739886963	0.12032390793246413	0.10724720085067593	0.2786267841258703
0.2416267077629394	0.24798778241839745	0.11076677017461767	0.09785328047027914	0.30176545917376607
0.23898734292781	0.21363526558725218	0.16245798056851202	0.09623422023644469	0.2886851906799809
0.2576955421704314	0.23273125581533033	0.11151444189824175	0.10670509330492157	0.2913536668110747
0.29403770012951247	0.18970075087536806	0.10534908971320442	0.09963991263592163	0.31127254664599313
0.29630891752143684	0.1861998102099146	0.11649579424265302	0.10003674779593069	0.3009587302300646
0.2890614205256947	0.193891932781756	0.11573188508556143	0.10522915399266466	0.2960856076143229
0.2825975205269653	0.23916358313730451	0.10224664740532591	0.09888782850488216	0.2771044204255218
0.27530490977602756	0.1964950167020561	0.1388711728433598	0.10561169981305733	0.2837172008654989
0.2530358093337119	0.17473998557022172	0.17558812309071725	0.09497861007623506	0.30165747192911385
0.2847308534031204	0.17217910025020805	0.12465190662962432	0.10482378096774064	0.3136143587493063
0.27921820473170617	0.15026712046313334	0.17678489520415475	0.10065724916230835	0.29307253043869713
0.2702480172386418	0.18105814037476026	0.1479739131833758	0.09501735612802495	0.305702573075197
0.2819786365614954	0.19676387266794454	0.12435915783177938	0.10739575684457835	0.28950257609420205
0.2921373390847046	0.1326353698252336	0.17003968499916364	0.10217826913189	0.3030093369590079
0.2850555208710546	0.18393944862418593	0.15168212651387952	0.097626511848256	0.28169639214262365
0.2522993898610071	0.23265925172238627	0.11666457559802919	0.10566701633899833	0.2927097664795788
0.26144313251150764	0.17389056181338924	0.17770068693453306	0.10585641724793772	0.2811092014926321
0.2952178888560657	0.1712005812441968	0.14879782644996833	0.10486529683506003	0.2799184066147088
0.2852670708247987	0.22410936578751875	0.10565484730668616	0.10704608283919814	0.277922633241798
0.2508105434200269	0.22211815316120775	0.14505059610196064	0.10242675528855649	0.2795939520282479
0.261238816380436	0.21388220055458348	0.1337230279822202	0.09682995276903392	0.2943260023137262
0.2630242552410005	0.22766021950913004	0.11131477953327493	0.09607839688389044	0.30192234883270386
0.25516755861283746	0.21650372261995585	0.1397995638064184	0.10485473932756137	0.28367441563322665
0.28268212070568755	0.19550919027611777	0.13280707595108115	0.09959611552335645	0.2894054975437568
0.26299576530162494	0.1638587222657211	0.15418765559401382	0.10676024643721517	0.3121976104014247
0.2947523550360546	0.18097807810079222	0.13945036593254817	0.09691049984209285	0.28790870108851185
0.2918855377610962	0.16138612052087797	0.15361717241355394	0.09487940947743555	0.29823175982703604
0.2637602791150415	0.18746731829271676	0.14930218728696315	0.09793389253151945	0.30153632277375886
0.28023299973329047	0.22886504012995657	0.1116725450753681	0.0964498979084755	0.2827795171529091
0.24768564248424282	0.19684220495750335	0.1547891938954566	0.09972249349255068	0.3009604651702463
0.23930815257072635	0.21449594170899808	0.14299666784343462	0.10587850701708265	0.2973207308597581
0.24165166024720158	0.23996046070131985	0.1309349098389595	0.09910183009298977	0.2883511391195291
0.2703386761522182	0.18310644192792125	0.13860482163505733	0.09919560961212023	0.3087544506726828
0.2669564947298799	0.23134455348593627	0.11848167552428647	0.09555761469240401	0.28765966156749306
0.2516428090733569	0.24587584628240028	0.1233866595888901	0.09878335345291314	0.2803113316024394
0.27472589251972745	0.14835435944146108	0.16419658671507298	0.10572764125242552	0.3069955200713127
0.26365987931373974	0.1575856522470506	0.16904422128867386	0.09867522645846222	0.31103502069207334
0.24105909405521403	0.2305991972671303	0.12982278913088455	0.1006443659648519	0.297874553581919
0.2966927473430958	0.13983160372962722	0.1631054801867319	0.09709389924838481	0.30327626949215997
0.27857176185847216	0.15700406932890953	0.16536212669328582	0.09507358164710804	0.30398846047222416
0.2957739149088269	0.15572195478079695	0.16656866714763574	0.094651160772754	0.28728430238998615
0.2524790229290702	0.2248865856536564	0.1334770894671241	0.10227849164056732	0.28687881030958173
0.25308960294500393	0.19793567171941162	0.15800223201560715	0.09561588650758722	0.29535660681238984
0.2484687117318202	0.2074154469896345	0.13614012146092175	0.09717723142082386	0.31079848839679947
0.2694933923709515	0.19335094052962448	0.15834707192125322	0.10025478648858084	0.27855380868958973
0.2632096442340415	0.18618324294517627	0.15066258168071683	0.10624486909905144	0.2936996620410137
0.2741534955397653	0.22247071118520817	0.10271042132194458	0.09617306615991801	0.30449230579316366
0.2555518586745571	0.21253797104467523	0.15085561685882495	0.1014234965198111	0.27963105690213136
0.24057058426979128	0.24756910170865046	0.11809653750650802	0.10470857664437404	0.28905519987067596
0.2703558197525201	0.1872420094673723	0.14539845442377936	0.10245916943967492	0.2945445469166531
0.2463981679838156	0.2070809489217148	0.16167294841836408	0.09637813372743344	0.2884698009486718
0.24854870201817256	0.21978890982495924	0.15299126922654913	0.10300229081618818	0.2756688281141307
0.27244793383038357	0.21550356411199317	0.11950648333456991	0.10045307181466791	0.29208894690838516
0.24893368639958438	0.25074768787737656	0.10731879083431795	0.0975134275340481	0.2954864073546728
0.28945740063613734	0.16311622650607716	0.14071365592220178	0.09588425960772652	0.3108284573278569
0.29622515741764804	0.14062508953240072	0.16260724493090226	0.10223144786357018	0.2983110602554786
0.29158320538015214	0.14556165236524027	0.1569823063038244	0.10417300235015126	0.30169983360063163
0.2496731340603022	0.18008226045841388	0.16962506602461666	0.09951915393466325	0.3011003855220038
0.26362631200965514	0.22279195633879298	0.09590932869146518	0.10718542178089452	0.31048698117919193
0.28407104981975306	0.20253944965712795	0.12310294763884237	0.10282593861515145	0.28746061426912484
0.2652575552715759	0.1628236475691776	0.16612562506743944	0.10266271828675244	0.3031304538050543
0.29457765696630084	0.1591443821377311	0.13287684723401594	0.10361433629302184	0.30978677736893
0.24652220395571314	0.22940112265605173	0.1331230552659227	0.10229368504974862	0.28865993307256355
0.2762838807801647	0.19935607891360452	0.13548332722879028	0.1006673882876904	0.28820932478974987
0.2536594279260499	0.22785650911919605	0.11904249625211244	0.10448059933659393	0.2949609673660475
0.2513108741568626	0.2412600376319914	0.11470774005547518	0.10194732316603267	0.2907740249896379
0.2916471198492323	0.1874606413250806	0.14700421585918552	0.09439122980832751	0.2794967931581738
0.2818719836456779	0.2175993772914519	0.10481969358266394	0.09745132970967552	0.29825761577053045
0.26954026467019854	0.2141331635601311	0.1402648847362059	0.0945949642679378	0.2814667227655264
0.29060901308543435	0.16934139321558267	0.12673708353928975	0.10301337381169084	0.3102991363480021
0.2883155666677888	0.18134378158098563	0.12515685625596296	0.10677026271438987	0.2984135327808725
0.256471171236781	0.22869143692164118	0.10562353725883157	0.1010851691768486	0.30812868540589744
0.2746677599322969	0.1687601741169535	0.15310950683018046	0.09729004776834009	0.3061725113522287
0.2857942825256413	0.15334662164767407	0.16497339621327828	0.09806835075819714	0.29781734885520894
0.267357135559538	0.22613904837878046	0.11079600043107167	0.09770959724081657	0.297998218389793
