0.7490060218074923	0.25099397819250735
0.7481920835394631	0.2518079164605365
0.7471715814629052	0.2528284185370945
0.7497169019747192	0.25028309802528054
0.7440634233892797	0.25593657661072
0.7472493708609622	0.25275062913903745
0.7456355097476869	0.2543644902523128
0.7451086230415468	0.2548913769584529
0.7488649429002232	0.2511350570997765
0.7472173234084715	0.2527826765915282
0.74859231759061	0.2514076824093897
0.74597361552324	0.2540263844767596
0.7453654389840176	0.25463456101598203
0.7499606063931159	0.25003939360688376
0.7490565291276412	0.25094347087235847
0.748248871036863	0.25175112896313667
0.7468551057185611	0.2531448942814386
0.7446681030780278	0.2553318969219719
0.7446158063729945	0.25538419362700515
0.7472707670513339	0.2527292329486657
0.750027559718837	0.24997244028116272
0.7454581891994432	0.2545418108005565
0.7443697204870936	0.2556302795129061
0.7440336039525703	0.2559663960474293
0.748663883181748	0.25133611681825163
0.7472054537615923	0.25279454623840736
0.7503990149803904	0.24960098501960926
0.7454160907513657	0.25458390924863394
0.7486041523269159	0.25139584767308376
0.7477016159200861	0.25229838407991356
0.7478654450378338	0.25213455496216586
0.7454930887513366	0.2545069112486631
0.7446016615491402	0.25539833845085946
0.7490540570537725	0.25094594294622713
0.7501166782900106	0.24988332170998911
0.747957420845741	0.25204257915425865
0.7477046857897208	0.25229531421027884
0.7490784307760058	0.2509215692239939
0.7481682831674317	0.251831716832568
0.7464696958627737	0.253530304137226
0.7445240524152746	0.255475947584725
0.7449094974425593	0.25509050255744037
0.7502611495734965	0.24973885042650318
0.7439660812542999	0.25603391874569986
0.7454528993469911	0.2545471006530086
0.7475811146304493	0.25241888536955037
0.7492150233291374	0.2507849766708623
0.7483967895798671	0.25160321042013256
0.7502184838070862	0.2497815161929135
0.748978240508576	0.2510217594914237
0.7491459058218221	0.2508540941781776
0.7439597901612311	0.2560402098387685
0.7479993514140579	0.2520006485859418
0.7457182795897738	0.2542817204102259
0.7449274062622027	0.255072593737797
0.7497124889477954	0.25028751105220426
0.748318893601941	0.25168110639805863
0.7500590237753912	0.24994097622460848
0.74482141487795	0.2551785851220497
0.7498498822191899	0.25015011778080976
0.7444259696983593	0.25557403030164044
0.7496911131272843	0.25030888687271535
0.7455917846211307	0.25440821537886893
0.7465027354088047	0.25349726459119487
0.7440400619636851	0.25595993803631456
0.7492482508768855	0.25075174912311415
0.747070291211287	0.2529297087887127
0.7488846223028465	0.2511153776971532
0.7460082799739495	0.2539917200260502
0.7482360992353216	0.25176390076467803
0.7454822791724995	0.2545177208275001
0.7480975493496951	0.2519024506503046
0.7465405330033874	0.2534594669966123
0.7461944677335761	0.2538055322664235
0.7502440620980367	0.24975593790196293
0.7470163334610749	0.2529836665389248
0.7487668749236411	0.25123312507635853
0.7496801055302299	0.25031989446976977
0.7477697739576251	0.25223022604237455
0.7457458460450281	0.25425415395497153
0.7459489187895644	0.2540510812104353
0.7496194419319298	0.2503805580680699
0.7470930655003315	0.25290693449966817
0.7488421802318389	0.25115781976816076
0.748036462265971	0.2519635377340287
0.7504330708142624	0.24956692918573725
0.7490773127497335	0.2509226872502661
0.7501242729109872	0.2498757270890125
0.7480488840870811	0.2519511159129185
0.7496031030850625	0.2503968969149371
0.749995122983523	0.25000487701647667
0.7492506380139463	0.2507493619860533
0.7475486775387237	0.252451322461276
0.7503677850116962	0.24963221498830346
0.7499669472735715	0.2500330527264281
0.7478953726874791	0.25210462731252065
0.7497901464261943	0.2502098535738053
0.7442491626465676	0.25575083735343207
0.7462564820642861	0.25374351793571354
0.7459260679276579	0.25407393207234175
0.7463352428021047	0.25366475719789494
0.7499142449657756	0.25008575503422403
0.7503770595478569	0.24962294045214278
0.7485384960592419	0.2514615039407577
0.7480576694099654	0.2519423305900343
0.7500897795162824	0.2499102204837173
0.7502924755792061	0.24970752442079358
0.7471250500789522	0.2528749499210474
0.7503174078856633	0.2496825921143364
0.7454033407999294	0.25459665920007024
0.7474128298979674	0.25258717010203224
0.7499524294200923	0.25004757057990734
0.7451231799655544	0.25487682003444523
0.7459347725365587	0.25406522746344096
0.7478309935187104	0.2521690064812892
0.7501776804128418	0.24982231958715784
0.7454905627968689	0.2545094372031308
0.7443870014881137	0.255612998511886
0.7448735915741841	0.2551264084258156
0.745004395116526	0.2549956048834736
0.7500022872511628	0.24999771274883686
0.7476163137978138	0.2523836862021859
0.7450796172396065	0.2549203827603932
0.7500496868619383	0.24995031313806138
0.7486125348905331	0.2513874651094665
0.7457341006102377	0.25426589938976196
0.7496982482307114	0.25030175176928826
0.7467205373611068	0.2532794626388929
0.7445437856917921	0.25545621430820753
0.7448750434745043	0.2551249565254954
0.7454921595408066	0.2545078404591931
0.7450999841986178	0.2549000158013819
0.7450497772001886	0.25495022279981105
0.7496700130194718	0.2503299869805279
0.7462535732130604	0.25374642678693926
0.7468944551822243	0.2531055448177754
0.7460073444919675	0.2539926555080322
0.7501776381244467	0.2498223618755529
0.7492976637090862	0.25070233629091343
0.7492249642840818	0.25077503571591786
0.7493740834367922	0.25062591656320743
0.7470705059227942	0.25292949407720544
0.7443652764949843	0.25563472350501537
0.7487734201474794	0.25122657985252034
0.7497281593630936	0.2502718406369061
0.7491819273710187	0.2508180726289809
0.7477456247604473	0.25225437523955246
0.7487491463167547	0.25125085368324496
0.7439537506715369	0.25604624932846276
0.7501563508733047	0.249843649126695
0.7481928185379259	0.2518071814620738
0.7455000371958604	0.2544999628041393
0.7454616718769649	0.25453832812303473
0.7485768808220725	0.2514231191779271
0.7494559578083223	0.25054404219167736
0.7454396868743587	0.254560313125641
0.7487685563081974	0.2512314436918023
0.7482458342596069	0.2517541657403928
0.7477238684514709	0.25227613154852874
0.7470213637516553	0.2529786362483444
0.7476997467754116	0.25230025322458804
0.7469110864244461	0.2530889135755535
0.74563311731985	0.2543668826801496
0.7470626617252218	0.2529373382747778
0.7443282053128006	0.25567179468719897
0.7483380435502918	0.25166195644970785
0.7479588246673748	0.2520411753326248
0.7475381105296915	0.2524618894703081
0.7483004358081324	0.25169956419186723
0.7456823881774869	0.2543176118225128
0.7498238467119651	0.25017615328803455
0.7488353745532268	0.25116462544677287
0.7498629337640846	0.25013706623591503
0.7459222399406318	0.2540777600593679
0.7474851455615091	0.25251485443849053
0.7481453521901322	0.2518546478098675
0.7440265641085825	0.2559734358914172
0.7504173003473138	0.2495826996526858
0.7461352694314624	0.2538647305685373
0.7443249598007972	0.2556750401992025
0.7493323586649504	0.25066764133504926
0.7463560607039229	0.25364393929607676
0.7462728720457535	0.2537271279542461
0.7497585401404876	0.2502414598595121
0.7484690264921725	0.25153097350782716
0.7464920675820003	0.2535079324179994
0.7453836328163614	0.2546163671836383
0.7489616748496977	0.251038325150302
0.7471362911521491	0.2528637088478506
0.7501516805818103	0.24984831941818947
0.7481361767002321	0.25186382329976753
0.7496477995586422	0.2503522004413574
0.7490664937839068	0.2509335062160929
0.7484513457772723	0.2515486542227273
0.749084938436728	0.25091506156327176
0.744461456775245	0.2555385432247547
0.7463814799626907	0.25361852003730895
0.747128580071162	0.25287141992883766
0.7484098537664035	0.25159014623359627
0.7474077354810988	0.2525922645189008
0.744504351357399	0.2554956486426007
0.7466948560152189	0.25330514398478077
0.7502261201553293	0.2497738798446703
0.7452339300224552	0.2547660699775445
0.7442105637756149	0.2557894362243847
0.7452870620496036	0.25471293795039607
0.7444829390373331	0.25551706096266663
0.7483727511504306	0.25162724884956916
0.7471779880198814	0.2528220119801182
0.7467920785564974	0.25320792144350224
0.7466731741112019	0.25332682588879774
0.7458393774047027	0.254160622595297
0.7502474824359744	0.24975251756402528
0.7476372388293003	0.25236276117069933
0.7493664599193842	0.25063354008061545
0.7452707832986581	0.2547292167013415
0.7480206167302911	0.2519793832697086
0.7476170038557163	0.2523829961442834
0.7439939620958962	0.2560060379041035
0.7461574903897683	0.25384250961023136
0.7489579054575173	0.2510420945424824
0.7480404812573499	0.25195951874264977
0.7453745986095093	0.2546254013904904
0.7444861781683669	0.2555138218316327
0.748925016277578	0.2510749837224216
0.7441033450559623	0.25589665494403735
0.7490766457023249	0.25092335429767476
0.7492214212969097	0.25077857870309
0.7499977491920584	0.2500022508079413
0.7502247016292587	0.24977529837074092
0.7490752100623581	0.25092478993764156
0.7463697280344871	0.2536302719655126
0.7495970859858159	0.2504029140141838
0.7498563680167153	0.2501436319832844
0.7484385109408573	0.2515614890591423
0.7471100571862304	0.25288994281376936
0.7478933936650612	0.2521066063349384
0.7487960082710372	0.25120399172896246
0.7492498218415996	0.25075017815840006
0.7449066896363044	0.2550933103636953
0.7449122828188088	0.25508771718119083
0.7496336797907275	0.2503663202092722
0.74417289599395	0.2558271040060497
0.7486294641338533	0.2513705358661463
0.7452270603929276	0.254772939607072
0.7488811080597972	0.2511188919402024
0.7470675702529399	0.25293242974705976
0.7497795354503312	0.25022046454966845
0.7496129152927136	0.25038708470728605
0.7459190435603422	0.25408095643965745
0.7458706141493188	0.25412938585068084
0.7440464073921831	0.25595359260781664
0.7471400224041844	0.25285997759581524
0.7453130184012188	0.2546869815987809
0.7451462535950435	0.25485374640495617
0.7501207034586233	0.24987929654137636
0.748720798907944	0.2512792010920557
0.7503921554014565	0.24960784459854313
0.7503212240169598	0.2496787759830399
0.7469031831059744	0.2530968168940253
0.7485496141806927	0.251450385819307
0.745808759197853	0.2541912408021466
0.7495102537052833	0.2504897462947164
0.7479744647699311	0.2520255352300685
0.7455505299804671	0.25444947001953255
0.7502700811663248	0.2497299188336749
0.7481734920056355	0.2518265079943641
0.7495178910857823	0.25048210891421735
0.7443082665592047	0.25569173344079504
0.7444753246953637	0.25552467530463596
0.7454397073876233	0.25456029261237634
0.745622034490059	0.25437796550994063
0.7479568897133944	0.25204311028660537
0.7473010096191821	0.25269899038081756
0.7480601582147645	0.2519398417852352
0.7464146336949598	0.2535853663050399
0.7440101746317206	0.2559898253682791
0.7461656449548535	0.2538343550451462
0.7440844280713699	0.2559155719286298
0.7460885700133091	0.25391142998669053
0.7473445559972136	0.25265544400278606
0.7456748999126267	0.25432510008737297
0.7459022522768359	0.25409774772316374
0.74937037176897	0.25062962823102963
0.7479143185039078	0.2520856814960919
0.7497807794759114	0.2502192205240883
0.7448170199380842	0.2551829800619154
0.7456426783563481	0.25435732164365155
0.7443553413599713	0.2556446586400284
0.748851213334331	0.2511487866656687
0.7441797485428352	0.2558202514571645
0.7461533532371734	0.25384664676282637
0.7439060499167383	0.25609395008326147
0.7499100934648856	0.2500899065351141
0.7442698714554322	0.25573012854456745
0.7486115236825805	0.2513884763174191
0.7492782980336201	0.25072170196637955
0.750077006826551	0.24992299317344868
0.7485866908738291	0.25141330912617055
0.7499745912443165	0.2500254087556831
0.7484630973070724	0.2515369026929273
0.7497009631773603	0.2502990368226394
0.7497302977628005	0.25026970223719913
0.7447543314212419	0.25524566857875775
0.7455473930248064	0.25445260697519323
0.7462684549432513	0.25373154505674833
0.7488850104904878	0.25111498950951183
0.7465286321702679	0.2534713678297318
0.7461364477588173	0.2538635522411824
0.7440993432072822	0.25590065679271745
0.743897166473076	0.25610283352692365
0.7452170831556169	0.25478291684438287
0.7493960105821815	0.25060398941781814
0.7484271859507575	0.25157281404924214
0.746895082591086	0.2531049174089137
0.7485661660031049	0.2514338339968948
0.7487410987166578	0.2512589012833418
0.7487998576095889	0.2512001423904108
0.7441348713673467	0.255865128632653
0.7469125569417505	0.25308744305824915
0.7479106309420487	0.252089369057951
0.7480759726553192	0.25192402734468045
0.7480092726123297	0.2519907273876699
0.7465709068032744	0.2534290931967253
0.7452069183575076	0.25479308164249204
0.7448111405062561	0.2551888594937436
0.7503622026945307	0.24963779730546903
0.7473908802849292	0.2526091197150705
0.7499724975886862	0.25002750241131344
0.7462901807948402	0.25370981920515945
0.7502777649771171	0.24972223502288265
0.750224455344606	0.2497755446553936
0.7464882830957572	0.25351171690424246
0.7460326687905235	0.2539673312094761
0.7481567864740031	0.25184321352599665
0.7447312943942817	0.255268705605718
0.7457774100132524	0.25422258998674724
0.7475030674552913	0.2524969325447084
0.7453015589190464	0.2546984410809533
0.7470656383751366	0.252934361624863
0.744879932947994	0.25512006705200563
0.7485098017608891	0.25149019823911056
0.7475396710008851	0.2524603289991145
0.7477247995761863	0.25227520042381335
0.7473469544314801	0.2526530455685195
0.7503207796573174	0.2496792203426823
0.7442773287918084	0.25572267120819125
0.7454863165983528	0.2545136834016468
0.7479062702949123	0.25209372970508737
0.7459894822257208	0.25401051777427885
0.7442932925595265	0.2557067074404732
0.748947661603907	0.2510523383960926
0.7468741576707507	0.25312584232924895
0.7475655927857134	0.2524344072142862
0.7441851661299255	0.2558148338700742
0.7484894077897012	0.2515105922102985
0.7477470937586816	0.2522529062413181
0.7489722740826521	0.25102772591734757
0.7460561402586885	0.2539438597413111
0.7476340837659399	0.25236591623405985
0.7441470319079753	0.2558529680920244
0.7499634060347087	0.250036593965291
0.7501307290012722	0.24986927099872747
0.7488643798835877	0.25113562011641194
0.7472743880457443	0.25272561195425536
0.7476688023094287	0.25233119769057105
0.7473169301275724	0.25268306987242733
0.7469081450750239	0.2530918549249757
0.7473671100352207	0.25263288996477895
0.744983819599714	0.25501618040028556
0.7470799857999877	0.25292001420001203
0.749685917903503	0.25031408209649664
0.7492415628427886	0.250758437157211
0.7467005658585871	0.25329943414141254
0.7467075332799369	0.25329246672006284
0.7465499262074317	0.253450073792568
0.7489384630470076	0.25106153695299205
0.7485494634370231	0.25145053656297656
0.7502406602740284	0.24975933972597125
0.7480612941943106	0.25193870580568906
0.749925550535463	0.2500744494645367
0.750411127072478	0.2495888729275217
0.7482348626971994	0.25176513730280026
0.7479507595378909	0.25204924046210875
0.7448706160897137	0.25512938391028595
0.7499005022260935	0.25009949777390617
0.7463760605677688	0.2536239394322308
0.7473395838889536	0.25266041611104606
0.7491453573308269	0.2508546426691728
0.7481656849886362	0.25183431501136344
0.7451154581468352	0.25488454185316445
0.7496926569158873	0.2503073430841124
0.7442862816871979	0.25571371831280176
0.7458494327233766	0.2541505672766231
0.7496304621972381	0.2503695378027616
0.7458201510651734	0.2541798489348262
0.7480555422670252	0.25194445773297447
0.7500869679700031	0.24991303202999654
0.7483610555728092	0.2516389444271905
0.7465814873145942	0.25341851268540544
0.7441157795343374	0.25588422046566234
0.7479081670962549	0.2520918329037448
0.7498725575417143	0.25012744245828533
0.747732749697872	0.2522672503021277
0.7498235821347194	0.25017641786528017
0.750449893089232	0.24955010691076762
0.7454205150633704	0.2545794849366293
0.7484167400105173	0.2515832599894824
0.7487868120236074	0.25121318797639225
0.7500250241840815	0.2499749758159182
0.7455933262458985	0.25440667375410125
0.7493775632061177	0.25062243679388196
0.7447629580321968	0.25523704196780284
0.7489383018328812	0.25106169816711843
0.7485140839346754	0.2514859160653242
0.744242868824575	0.2557571311754246
0.7460747115900106	0.253925288409989
0.7485514362325383	0.25144856376746144
0.7443308140483091	0.2556691859516906
0.7499090736435735	0.25009092635642616
0.7446797703808512	0.2553202296191485
0.7501028701605295	0.24989712983947027
0.7476269621594869	0.25237303784051274
0.7454104374301848	0.2545895625698149
0.7459082416527362	0.2540917583472635
0.750097208262459	0.2499027917375407
0.7464085612593934	0.25359143874060636
0.7452271874752147	0.254772812524785
0.7473577470520119	0.2526422529479878
0.7455918996665095	0.25440810033349015
0.7484237674291052	0.25157623257089445
0.7490662319616844	0.25093376803831524
0.7448590040254955	0.2551409959745041
0.747912082219522	0.2520879177804776
0.7478092500714251	0.25219074992857465
0.7455752416380166	0.25442475836198314
0.7465547393933957	0.253445260606604
0.7462603074160151	0.25373969258398454
0.7503101882068591	0.24968981179314054
0.7440133262014936	0.255986673798506
0.7498125512506043	0.25018744874939536
0.7493126145340177	0.25068738546598207
0.7501292929479089	0.2498707070520908
0.7473970780077489	0.25260292199225076
0.7501977548159664	0.2498022451840332
0.7467049582482476	0.2532950417517521
0.7450558648332612	0.2549441351667385
0.7438870644575132	0.2561129355424865
0.7474514848160563	0.2525485151839434
0.7491483884138043	0.2508516115861954
0.7449122869049103	0.2550877130950893
0.7461022073471318	0.2538977926528678
0.7440248650441693	0.25597513495583035
0.7454013624884	0.2545986375115996
0.7485512491765769	0.2514487508234228
0.7502182421609788	0.2497817578390209
0.7491588598007717	0.25084114019922793
0.7494217293719097	0.25057827062808996
0.7454467077247944	0.25455329227520535
0.7475270941287115	0.2524729058712881
0.7482139621208279	0.2517860378791718
0.7448107156239709	0.2551892843760287
0.7469882963915928	0.25301170360840686
0.7445400167614176	0.2554599832385821
0.7478249806243998	0.25217501937559983
0.7440744536778936	0.25592554632210607
0.7448809216335136	0.25511907836648606
0.7448264060498591	0.2551735939501406
0.7500946239699475	0.24990537603005214
0.7451859437285113	0.2548140562714883
0.7488625683755853	0.2511374316244144
0.7444089280141583	0.2555910719858414
0.7439499171412982	0.2560500828587014
0.7455467254266394	0.2544532745733603
0.7504432333988671	0.24955676660113252
0.7504385205488981	0.24956147945110152
0.7440355971373783	0.25596440286262134
0.7489446925298316	0.251055307470168
0.7478021208047875	0.2521978791952122
0.7504270018729144	0.24957299812708528
0.7470694401026968	0.25293055989730284
0.7446517209371272	0.2553482790628725
0.7439276203849577	0.2560723796150419
0.7482973344372814	0.2517026655627182
0.7468878928470795	0.25311210715292015
0.7479012939936144	0.2520987060063853
0.7461330584062071	0.25386694159379253
0.7479905559135044	0.2520094440864953
0.7470029174206538	0.2529970825793459
0.7457664451447117	0.254233554855288
0.747481362873735	0.25251863712626466
0.7468870623767494	0.25311293762325027
0.7487827698579972	0.2512172301420025
0.7440100767413651	0.2559899232586345
0.745818937244829	0.2541810627551708
0.7487954078520391	0.25120459214796054
0.7441900345559078	0.25580996544409185
0.7489607373404605	0.25103926265953913
0.75026586976853	0.24973413023146962
0.7484320306674593	0.25156796933254033
0.7462282899566468	0.2537717100433529
0.7487794778639261	0.2512205221360736
0.7467198553822428	0.25328014461775683
0.7463202649041354	0.25367973509586433
0.7488598600700294	0.25114013992997036
0.7476046182171034	0.2523953817828962
0.7458544490041095	0.2541455509958902
0.749031034136858	0.2509689658631416
0.749714327209516	0.25028567279048364
0.7450698428625968	0.25493015713740286
0.7484743982938944	0.25152560170610533
0.7461898148923349	0.25381018510766473
0.748222948199598	0.25177705180040166
0.7461197648787453	0.25388023512125435
0.748018254056239	0.2519817459437607
0.7499076378203294	0.25009236217967024
0.7447350413231302	0.25526495867686955
0.7502196432971743	0.2497803567028254
0.7489815733700618	0.2510184266299379
0.7453908618302404	0.2546091381697593
0.7498599163842365	0.2501400836157631
0.7477756233353512	0.25222437666464853
0.7478951190649459	0.2521048809350538
0.7486238317839632	0.2513761682160365
0.746085601113408	0.2539143988865916
0.7469957626513704	0.25300423734862926
0.746051727631078	0.2539482723689217
0.750394182501942	0.24960581749805766
0.7462126312933655	0.2537873687066342
0.7448506472613994	0.2551493527386003
0.7479705958794227	0.25202940412057695
0.7477045563182235	0.25229544368177614
0.7463669911533661	0.25363300884663353
0.7441842814905137	0.255815718509486
0.7470988439322981	0.25290115606770164
0.748066150937073	0.2519338490629267
0.7479321400052439	0.2520678599947558
0.7499652567911108	0.2500347432088889
0.7493929225546804	0.2506070774453193
0.7472438990172228	0.2527561009827769
0.7500472539032116	0.24995274609678808
0.7491392902222894	0.25086070977771024
0.7459767399913477	0.25402326000865194
0.7501927468466068	0.24980725315339297
0.7483765576412698	0.25162344235872997
0.7469112512211885	0.25308874877881116
0.748402660998949	0.25159733900105063
0.7468673676728358	0.2531326323271639
0.7503077899544763	0.2496922100455234
0.7457568160492567	0.25424318395074297
0.744671649410046	0.2553283505899536
0.7462708900591469	0.25372910994085274
0.7471500098514775	0.25284999014852216
0.7463847728777633	0.2536152271222364
0.745023654468026	0.2549763455319736
0.7458345948826962	0.25416540511730346
0.7478722558220868	0.25212774417791284
0.7459878833264335	0.25401211667356616
0.7478374546583815	0.25216254534161814
0.7470298500127254	0.2529701499872743
0.7489403084017519	0.25105969159824776
0.7458972215911222	0.2541027784088775
0.7477561031408672	0.2522438968591325
0.7481986443520918	0.2518013556479078
0.7473455050676568	0.2526544949323428
0.7463338381485412	0.25366616185145857
0.7503899802523688	0.24961001974763092
0.7486628983730252	0.25133710162697437
0.7471524681350087	0.252847531864991
0.7477573287591335	0.2522426712408662
0.7477455330510502	0.2522544669489495
0.7448390650640694	0.2551609349359303
0.748845901205699	0.2511540987943006
0.7466405800644588	0.2533594199355409
0.7477288228841129	0.25227117711588676
0.7445946942377091	0.2554053057622906
0.7469914085563334	0.2530085914436662
0.7479942301504933	0.2520057698495064
0.7462474841024161	0.2537525158975835
0.7481635807870174	0.2518364192129823
0.7465017638781287	0.25349823612187095
0.7453351229680227	0.254664877031977
0.7449145804584183	0.25508541954158137
0.7457673191419687	0.2542326808580309
0.7483536559188027	0.251646344081197
0.7473020306430376	0.25269796935696204
0.7439261349966036	0.256073865003396
0.7497319345361314	0.25026806546386826
0.7455085109598188	0.2544914890401808
0.7472345048886615	0.25276549511133817
0.7450848460242112	0.2549151539757884
0.7469255061466367	0.25307449385336295
0.7469847133909948	0.25301528660900485
0.7440016620034594	0.25599833799654026
0.7475199610785354	0.2524800389214643
0.7447879364037622	0.2552120635962375
0.7483464850355406	0.2516535149644591
0.7448459113499211	0.25515408865007866
0.7492259495395011	0.25077405046049855
0.7457713131206815	0.2542286868793182
0.7485715619400675	0.2514284380599322
0.7452715088062287	0.254728491193771
0.7455997552720738	0.2544002447279259
0.7458886927531581	0.2541113072468416
0.7490830127916032	0.2509169872083965
0.7447493455391037	0.25525065446089595
0.744219160738667	0.25578083926133266
0.7471613605181711	0.25283863948182866
0.7482080662281447	0.2517919337718549
0.7492191574751647	0.250780842524835
0.7448502215668078	0.2551497784331919
0.7481328128286392	0.2518671871713605
0.7472275751856666	0.25277242481433304
0.744001265317564	0.2559987346824356
0.748751422995125	0.2512485770048747
0.7466711236945422	0.2533288763054575
0.7445543720659002	0.2554456279340994
0.7476312391554865	0.25236876084451326
0.7467880425406659	0.25321195745933384
0.7467402453250498	0.25325975467494993
0.7450105489371197	0.25498945106287996
0.7440120958622632	0.2559879041377364
0.7489530255529464	0.25104697444705326
0.7462704161854834	0.25372958381451627
0.7449341491982514	0.25506585080174826
0.7490558417434747	0.25094415825652494
0.7488021533608623	0.25119784663913736
0.7477295936354496	0.2522704063645501
0.7451561783099796	0.25484382169002007
0.750446248402783	0.2495537515972167
0.7465995097488443	0.2534004902511554
0.748393591328772	0.2516064086712276
0.74398510970004	0.2560148902999597
0.746776602127636	0.2532233978723637
0.7487198073085771	0.25128019269142254
0.7470106268132832	0.2529893731867165
0.7486829364289884	0.2513170635710112
0.7486060543238483	0.25139394567615136
0.7464101580120475	0.2535898419879522
0.74442851241561	0.25557148758438963
0.7477396872230792	0.2522603127769205
0.749533103255223	0.2504668967447767
0.7444350344897287	0.25556496551027097
0.7465293627178583	0.25347063728214136
0.750451270765111	0.2495487292348887
0.7457230734280585	0.2542769265719411
0.7452208501084296	0.25477914989157
0.7479585503134505	0.2520414496865492
0.7449619759283764	0.25503802407162324
0.7470562282595008	0.2529437717404988
0.7502884426775798	0.24971155732241995
0.7441072558509602	0.2558927441490395
0.7487452845708853	0.2512547154291144
0.744190227697814	0.2558097723021857
0.748856642111686	0.25114335788831366
0.74839038310969	0.2516096168903097
0.7439788370960283	0.2560211629039713
0.7439357270869966	0.2560642729130031
0.7481556788266372	0.2518443211733624
0.7496334632939806	0.25036653670601905
0.7444585342400596	0.2555414657599401
0.7463720352901585	0.25362796470984117
0.744224330693552	0.2557756693064477
0.7474409358981193	0.25255906410188034
0.7461259148483025	0.2538740851516972
0.7438830010809303	0.25611699891906936
0.7499820265893694	0.25001797341063026
0.7503890547744596	0.24961094522554
0.7446213439234083	0.2553786560765914
0.7478390483684478	0.25216095163155183
0.74562620834246	0.2543737916575397
0.744520948234336	0.25547905176566366
0.7441142845256857	0.25588571547431394
0.744541180577739	0.2554588194222607
0.7497277928163424	0.2502722071836573
0.7454356311957168	0.2545643688042829
0.745734634942708	0.2542653650572917
0.7495502119543273	0.2504497880456724
0.747439163344262	0.2525608366557377
0.7475057841154344	0.2524942158845652
0.7452114924169498	0.25478850758304983
0.7440244524773345	0.2559755475226652
0.7458755450482327	0.25412445495176694
0.7472426688080805	0.2527573311919191
0.7478709796144754	0.2521290203855243
0.7488158094781476	0.251184190521852
0.7456633152606331	0.25433668473936655
0.7479230504160993	0.25207694958390037
0.7444987078258662	0.2555012921741334
0.7446646784460217	0.255335321553978
0.7468337756812246	0.2531662243187751
0.7463310851122719	0.2536689148877278
0.7467195206346575	0.2532804793653422
0.7496249376326116	0.25037506236738805
0.7478464390276288	0.25215356097237085
0.7486228765579357	0.251377123442064
0.7460282558909256	0.2539717441090741
0.7490778242728027	0.250922175727197
0.7459253786265534	0.2540746213734462
0.7480576975755954	0.2519423024244043
0.7451123894785967	0.2548876105214029
0.7494432383614851	0.25055676163851465
0.7486560132163009	0.2513439867836988
0.7494350119537783	0.25056498804622146
0.7459239522599398	0.2540760477400599
0.7480451363629721	0.2519548636370275
0.7483089131493862	0.2516910868506135
0.7481320323653737	0.25186796763462593
0.7472819398962642	0.25271806010373543
0.7503713047178735	0.2496286952821261
0.7465862342163185	0.25341376578368113
0.7458327537433684	0.2541672462566313
0.7497811324168541	0.2502188675831456
0.7446230301403466	0.2553769698596531
0.7470476189267522	0.25295238107324747
0.7456006131319012	0.2543993868680985
0.7473050923359761	0.2526949076640236
0.7478159823533517	0.252184017646648
0.7494863511521233	0.2505136488478764
0.7480326263116969	0.2519673736883028
0.7457356973631384	0.25426430263686134
0.748119457583132	0.2518805424168676
0.7472115878142783	0.25278841218572135
0.7461442533589808	0.2538557466410188
0.7452613963784718	0.2547386036215279
0.7488696654019038	0.25113033459809586
0.7449132074372913	0.2550867925627084
0.7480590609113178	0.25194093908868187
0.745163988424516	0.2548360115754837
0.7466005702348786	0.25339942976512103
0.7476479890477588	0.25235201095224086
0.7457698762728158	0.2542301237271839
0.7481328771745597	0.25186712282544
0.7486168761509464	0.25138312384905326
0.7494369698280218	0.2505630301719779
0.7447494941959522	0.2552505058040475
0.7477786580745456	0.2522213419254541
0.7469109019093159	0.2530890980906838
0.7478707493379634	0.2521292506620363
0.7478553085757527	0.252144691424247
0.7441407520776039	0.2558592479223958
0.7503864833825451	0.24961351661745457
0.7459907674676067	0.25400923253239294
0.749884627362506	0.2501153726374936
0.7495473220681765	0.2504526779318231
0.7482509409761555	0.25174905902384415
0.7443303930056419	0.2556696069943578
0.7480775517999461	0.2519224482000536
0.7453026504923451	0.25469734950765455
0.745579584309262	0.2544204156907377
0.7452158504709501	0.25478414952904954
0.7475042081773179	0.2524957918226818
0.7489108582177009	0.25108914178229874
0.7479711591437723	0.25202884085622734
0.75019805134359	0.2498019486564097
0.748602513011866	0.2513974869881337
0.7480775377827914	0.25192246221720827
0.7502888397365535	0.2497111602634462
0.7461772909540856	0.25382270904591414
0.7465646708364506	0.253435329163549
0.7464364122669305	0.2535635877330692
0.7479730583990717	0.252026941600928
0.746190380196426	0.2538096198035737
0.7474823467411982	0.2525176532588015
0.7450963360887778	0.2549036639112219
0.7462466817134001	0.2537533182865995
0.7496242697564304	0.2503757302435693
0.7480137834167561	0.2519862165832436
0.7443151961091243	0.25568480389087533
0.7492090703897556	0.25079092961024413
0.7471012917722138	0.2528987082277858
0.7498092618588206	0.25019073814117915
0.7449644296922586	0.25503557030774104
0.748965972793577	0.25103402720642265
0.7457226083923344	0.25427739160766527
0.7490589807813164	0.25094101921868334
0.7491275457431023	0.2508724542568974
0.7500306601554059	0.2499693398445938
0.7452123874930062	0.25478761250699344
0.7446342669663129	0.2553657330336868
0.7486609384901226	0.25133906150987706
0.7452715480278608	0.2547284519721389
0.7443130225764406	0.25568697742355906
0.7479540312739451	0.25204596872605456
0.746577303482172	0.2534226965178277
0.7479905647824046	0.2520094352175951
0.7463195587708803	0.25368044122911937
0.7474551875410623	0.25254481245893734
0.7459523971084913	0.2540476028915084
0.7489183730651021	0.25108162693489755
0.7438899140050199	0.25611008599497975
0.749418334150441	0.2505816658495587
0.7463918328036733	0.2536081671963264
0.7471612044417408	0.25283879555825883
0.7499111582368443	0.2500888417631554
0.7503876253660408	0.2496123746339589
0.7447445801401147	0.255255419859885
0.7456362036539768	0.25436379634602296
0.7455001678041897	0.25449983219580996
0.7478345365609016	0.252165463439098
0.7470729117502293	0.2529270882497704
0.7488824379407182	0.2511175620592815
0.744756266514796	0.2552437334852037
0.7488175192054899	0.2511824807945098
0.7502565155225249	0.24974348447747474
0.7496271581580689	0.2503728418419308
0.7452349621634544	0.25476503783654525
0.7500884572503592	0.24991154274964045
0.746442854500829	0.25355714549917063
0.744407810092244	0.2555921899077557
0.7443399201241516	0.255660079875848
0.7448211872946381	0.2551788127053616
0.7493510615960652	0.25064893840393443
0.7456587299482307	0.254341270051769
0.7443720923960967	0.25562790760390297
0.7491485825817117	0.250851417418288
0.7504251434749574	0.24957485652504235
0.7469436906114579	0.2530563093885418
0.7488073152066509	0.2511926847933488
0.7496473654775597	0.25035263452243994
0.7471863243614485	0.25281367563855117
0.7485897559307195	0.2514102440692802
0.7457668371031705	0.25423316289682923
0.7443434696344917	0.2556565303655079
0.7452734539868364	0.25472654601316325
0.7486948503115467	0.25130514968845297
0.7446614358959656	0.2553385641040341
0.7486770074476249	0.2513229925523748
0.7494633281783418	0.25053667182165784
0.7498019197409695	0.2501980802590301
0.7465849177041886	0.2534150822958111
0.7449994272929106	0.2550005727070891
0.7441047734071141	0.25589522659288555
0.7465270543092921	0.25347294569070755
0.7465792320586815	0.2534207679413182
0.7453896681795428	0.2546103318204569
0.7464308860192805	0.25356911398071913
0.749481396916705	0.25051860308329466
0.747357559536552	0.2526424404634477
0.7451515804829313	0.2548484195170684
0.7485695161125583	0.2514304838874414
0.7439667641761901	0.25603323582380955
0.7452171266180913	0.2547828733819084
0.7486641000637264	0.2513358999362732
0.745580854831228	0.2544191451687716
0.7441997165360313	0.2558002834639683
0.7496192549665148	0.25038074503348484
0.7492277703363576	0.2507722296636421
0.7483849035072484	0.25161509649275127
0.7452429362609923	0.2547570637390074
0.7460796213272183	0.2539203786727814
0.7443942233557118	0.25560577664428785
0.7482937177487641	0.2517062822512356
0.7467410342387055	0.25325896576129414
0.7443823247428938	0.2556176752571059
0.7472154626865398	0.25278453731345985
0.7445806168807598	0.2554193831192399
0.744763105338827	0.2552368946611727
0.7486367687887039	0.2513632312112958
0.7439323008371446	0.2560676991628551
0.7447833415626023	0.2552166584373974
0.7471069255491043	0.25289307445089537
0.7453893621107981	0.25461063788920163
0.7489423526433385	0.2510576473566611
0.7496958899702886	0.2503041100297111
0.7466252744099972	0.2533747255900025
0.7473465014832994	0.2526534985167002
0.7456767140854157	0.254323285914584
0.7500150617078885	0.24998493829211127
0.7440592737766136	0.25594072622338604
0.7446288887141759	0.2553711112858238
0.7475923749647438	0.2524076250352558
0.7473766860372171	0.25262331396278265
0.7461345494563933	0.25386545054360626
0.744036325141824	0.2559636748581756
0.745675208051442	0.2543247919485576
0.7495947937900675	0.2504052062099321
0.7495106059180819	0.2504893940819177
0.7453866427895595	0.25461335721044026
0.7450633238341191	0.25493667616588056
0.7498463736356725	0.25015362636432714
0.7442537967074698	0.25574620329252984
0.7480972847942321	0.25190271520576757
0.7477381700887918	0.2522618299112078
0.7476572364702467	0.252342763529753
0.7474389056630715	0.2525610943369282
0.7492513908187937	0.25074860918120595
0.7476870974551852	0.2523129025448144
0.7498128366174748	0.2501871633825249
0.7444449340212578	0.2555550659787419
0.748279886307634	0.2517201136923657
0.7461001354363586	0.25389986456364105
0.749211896240781	0.25078810375921873
0.7477226473101468	0.2522773526898528
0.7489099246534281	0.2510900753465716
0.7482741028788173	0.25172589712118226
0.7467550007621647	0.25324499923783494
0.7482299059660267	0.251770094033973
0.7470812429082578	0.25291875709174183
0.7446550420967039	0.2553449579032958
0.7464041594410139	0.25359584055898576
0.7449689190856383	0.25503108091436133
0.7450538707928711	0.25494612920712856
0.7495253958709245	0.25047460412907513
0.7439026356639578	0.2560973643360419
0.7451476326335797	0.25485236736641986
0.7484127210363163	0.2515872789636833
0.7481977056538367	0.25180229434616297
0.7500060529070033	0.24999394709299638
0.74731869220325	0.2526813077967497
0.7476376149295714	0.2523623850704283
0.7466901565653087	0.253309843434691
0.7472569699008468	0.2527430300991529
0.74859846584338	0.2514015341566197
0.7503943968166574	0.24960560318334224
0.7497324675001706	0.250267532499829
0.744468584520959	0.2555314154790407
0.7463567235391162	0.2536432764608835
0.748119188048692	0.2518808119513076
0.7486614657661351	0.25133853423386454
0.7484588814646669	0.2515411185353328
0.7483779667008211	0.25162203329917854
0.749579005339919	0.2504209946600808
0.7455210885647939	0.25447891143520573
0.7458686437524675	0.2541313562475321
0.7449995746355762	0.25500042536442347
0.7462370341237474	0.2537629658762523
0.7460201616878572	0.2539798383121425
0.7483202182756463	0.2516797817243533
0.7473012157223561	0.2526987842776436
0.7467441731525561	0.2532558268474436
0.7439424294789	0.2560575705210997
0.7464279705917762	0.2535720294082234
0.7450923465434522	0.2549076534565475
0.746602728554707	0.25339727144529267
0.7449255699211115	0.2550744300788882
0.7463328486403323	0.25366715135966733
0.7447749711352817	0.255225028864718
0.7485027141198233	0.2514972858801764
0.7467807492672562	0.2532192507327434
0.7500181613342005	0.2499818386657991
0.7446331025698942	0.25536689743010543
0.7458299017000299	0.2541700982999697
0.7501776566832219	0.24982234331677783
0.7490291397727953	0.2509708602272044
0.7451131122040233	0.2548868877959763
0.7455077068844977	0.2544922931155019
0.7478596621521787	0.252140337847821
0.7497373365580577	0.2502626634419419
0.747421758783517	0.25257824121648265
0.7486619618163233	0.2513380381836764
0.7503205924836288	0.24967940751637085
0.7441304493447778	0.2558695506552218
0.7456841040797676	0.25431589592023207
0.7443738934286749	0.2556261065713248
0.7488767515198833	0.25112324848011636
0.7499435161661762	0.2500564838338235
0.7500232082258904	0.2499767917741093
0.7444821786138787	0.25551782138612106
0.7488681593343004	0.25113184066569927
0.7475231635421968	0.25247683645780283
0.7442415011140946	0.255758498885905
0.7497437949814095	0.25025620501859014
0.7489545743682035	0.2510454256317962
0.7465278063945124	0.2534721936054872
0.7455896825579909	0.2544103174420088
0.7458961402998837	0.25410385970011595
0.7502860645652967	0.249713935434703
0.7500004888610805	0.2499995111389191
0.746459277272461	0.2535407227275387
0.7458052649767863	0.2541947350232133
0.7446892178674029	0.2553107821325967
0.7468322708409078	0.2531677291590919
0.7442134171126703	0.25578658288732936
0.7489869120081195	0.25101308799188016
0.7477661116343638	0.25223388836563587
0.7496641018312072	0.2503358981687924
0.7441494620710563	0.25585053792894347
0.7488947992792934	0.25110520072070625
0.7489518255127836	0.25104817448721606
0.746986944823887	0.2530130551761127
0.7490984779189162	0.2509015220810835
0.7488457867988209	0.2511542132011788
0.7452037966098625	0.2547962033901372
0.7444513195602046	0.25554868043979506
0.7473780988967609	0.25262190110323884
0.747027036297081	0.2529729637029187
0.7458864776121252	0.25411352238787444
0.7465879464576191	0.25341205354238056
0.7497920792037271	0.25020792079627246
0.7452303282275867	0.2547696717724129
0.7467460984574331	0.25325390154256655
0.7464836156053641	0.25351638439463553
0.7503712784619028	0.24962872153809684
0.7451202961205459	0.2548797038794538
0.7452440103786269	0.2547559896213728
0.7476934313805165	0.2523065686194832
0.7493864259564003	0.2506135740435994
0.7451498970820402	0.2548501029179595
0.7440420395178168	0.2559579604821829
