0.3332506026199421	0.6667493973800576
0.3333340737288547	0.666665926271145
0.33322525062597824	0.6667747493740215
0.3333714031018964	0.6666285968981033
0.3332660019974628	0.6667339980025369
0.3332726279511663	0.6667273720488334
0.3332349677520402	0.6667650322479595
0.33324330415102854	0.6667566958489711
0.333293748201434	0.6667062517985657
0.3333911704530869	0.6666088295469128
0.33329628943440104	0.6667037105655986
0.3333919356183579	0.6666080643816418
0.3332451202462323	0.6667548797537673
0.3332657875926607	0.666734212407339
0.3333773103816531	0.6666226896183466
0.33336448869315605	0.6666355113068436
0.33325983628875994	0.6667401637112398
0.33327149436189707	0.6667285056381026
0.3333680070606111	0.6666319929393886
0.33329532953250285	0.6667046704674968
0.333337255764258	0.6666627442357417
0.33327110637397095	0.6667288936260287
0.3333390482263757	0.6666609517736239
0.3332226041826206	0.666777395817379
0.3332400832679724	0.6667599167320273
0.33326712307627765	0.666732876923722
0.3332108160474272	0.6667891839525725
0.3332827233230523	0.6667172766769474
0.3332092690091495	0.6667907309908502
0.3333658053446924	0.6666341946553073
0.33322818240513574	0.6667718175948639
0.3333729386812687	0.666627061318731
0.33337083058287076	0.6666291694171289
0.33324814676450465	0.666751853235495
0.33333377656664387	0.6666662234333558
0.3332717216559212	0.6667282783440784
0.3332398525379129	0.6667601474620868
0.33324729659506247	0.6667527034049372
0.33322851411557264	0.666771485884427
0.33323773715121974	0.6667622628487799
0.3332563563970932	0.6667436436029064
0.3333870445266919	0.6666129554733078
0.33329200119162605	0.6667079988083736
0.3332559666522711	0.6667440333477286
0.3332357272927451	0.6667642727072546
0.3332661887233291	0.6667338112766705
0.333263559102763	0.6667364408972367
0.33326750506659764	0.666732494933402
0.3333896144439908	0.6666103855560088
0.33336372522693636	0.6666362747730633
0.33337645092187207	0.6666235490781276
0.33333738028191184	0.6666626197180878
0.33334122040398373	0.6666587795960159
0.33325373791757384	0.6667462620824258
0.33332286539465394	0.6666771346053457
0.3333435594737577	0.666656440526242
0.3333811051953125	0.6666188948046872
0.3333599250017284	0.6666400749982713
0.33324782618115284	0.6667521738188469
0.3332035428979167	0.666796457102083
0.3332319566807628	0.6667680433192369
0.3332630255907856	0.6667369744092141
0.3332625898763381	0.6667374101236616
0.33334334781692865	0.666656652183071
0.3333800203609083	0.6666199796390914
0.3332801324654666	0.666719867534533
0.3332144852261276	0.666785514773872
0.33330871525633443	0.6666912847436652
0.33324716359013373	0.6667528364098659
0.3332669058348084	0.6667330941651912
0.33331181800324705	0.6666881819967526
0.3332149062643063	0.6667850937356934
0.33327027432633816	0.6667297256736615
0.33326552500553785	0.6667344749944618
0.33331614666947595	0.6666838533305237
0.3332735541925088	0.6667264458074909
0.3333226426746443	0.6666773573253554
0.333273536426963	0.6667264635730367
0.33331336488732644	0.6666866351126732
0.3332591964152051	0.6667408035847946
0.33331500913814827	0.6666849908618514
0.33327780506334603	0.6667221949366536
0.33336208177437454	0.6666379182256251
0.33326171784592706	0.6667382821540726
0.33326977883967335	0.6667302211603263
0.3333475860174815	0.6666524139825182
0.3332564671809886	0.666743532819011
0.3333161341622807	0.666683865837719
0.333198242584545	0.6668017574154547
0.3332922340788643	0.6667077659211353
0.3332887174667105	0.6667112825332892
0.33324165764198344	0.6667583423580162
0.3333627526175597	0.66663724738244
0.3333883527463048	0.6666116472536949
0.3333454806718038	0.6666545193281959
0.3332407431901335	0.6667592568098661
0.3333537951085151	0.6666462048914845
0.333372455764433	0.6666275442355667
0.3333925109229863	0.6666074890770134
0.3333904585106554	0.6666095414893443
0.33328295363147736	0.6667170463685224
0.33336585808530306	0.6666341419146966
0.33324258838292997	0.6667574116170697
0.3332885944473986	0.6667114055526011
0.3333039033751262	0.6666960966248734
0.3333837304882047	0.666616269511795
0.3333167987496328	0.6666832012503668
0.33319892019420283	0.6668010798057968
0.3332220350108499	0.6667779649891498
0.3332787601856568	0.666721239814343
0.3333721613873867	0.666627838612613
0.3332033001567845	0.6667966998432151
0.3332006771916468	0.6667993228083529
0.33332353470309806	0.6666764652969016
0.3333016391253564	0.6666983608746433
0.33329478243569666	0.666705217564303
0.3333846112603372	0.6666153887396624
0.3332046023024227	0.6667953976975769
0.33338621412327635	0.6666137858767234
0.3332959191978579	0.6667040808021418
0.3332799877601441	0.6667200122398556
0.3333288122456939	0.6666711877543058
0.33322296300664866	0.666777036993351
0.3333407393038026	0.6666592606961971
0.3332416441425918	0.666758355857408
0.33338450752617294	0.6666154924738268
0.33328029035471374	0.6667197096452859
0.3333081376194088	0.6666918623805909
0.3333354427673817	0.666664557232618
0.3333577584609473	0.6666422415390524
0.3333288087228964	0.6666711912771033
0.33333560598408596	0.6666643940159137
0.33337344891763665	0.666626551082363
0.3332074493522745	0.6667925506477252
0.3332939649997033	0.6667060350002963
0.3332800809197351	0.6667199190802646
0.333294931496229	0.6667050685037706
0.3333198535443389	0.6666801464556608
0.33334866451014256	0.6666513354898571
0.3333110076748259	0.6666889923251738
0.33327658780876657	0.6667234121912331
0.33324179866141	0.6667582013385897
0.33325745272762763	0.666742547272372
0.3333340256194077	0.6666659743805919
0.3332779945837669	0.6667220054162328
0.3333618311513916	0.666638168848608
0.33329854612539	0.6667014538746097
0.3332367158868196	0.6667632841131801
0.3332635612451388	0.6667364387548609
0.3332742854887861	0.6667257145112135
0.3333423648569802	0.6666576351430195
0.3333459800777629	0.6666540199222368
0.33336643326899984	0.6666335667309998
0.33337237442014944	0.6666276255798502
0.3332312111232285	0.6667687888767712
0.3332599433697399	0.6667400566302597
0.3332025495727128	0.6667974504272869
0.3333501039395116	0.6666498960604881
0.3332662606221164	0.6667337393778833
0.3332031224407802	0.6667968775592195
0.3332991867202537	0.666700813279746
0.33335622088317274	0.6666437791168269
0.3332448367753662	0.6667551632246335
0.333330567974753	0.6666694320252466
0.33336275582257063	0.6666372441774291
0.3333568328257873	0.6666431671742123
0.3332365017682931	0.6667634982317066
0.3331986145043404	0.6668013854956593
0.33332744502037104	0.6666725549796286
0.3332602041008929	0.6667397958991068
0.3332694277043945	0.6667305722956052
0.3333021517128281	0.6666978482871715
0.3332657509277831	0.6667342490722166
0.33327617759129213	0.6667238224087075
0.3332771014658743	0.6667228985341254
0.3332361264425392	0.6667638735574605
0.3332683800574219	0.6667316199425778
0.33336547106997577	0.666634528930024
0.3332284705382321	0.6667715294617675
0.33325133924177947	0.6667486607582203
0.33331246404757814	0.6666875359524216
0.3333336261316707	0.6666663738683289
0.3333035998757655	0.6666964001242341
0.33320724315057115	0.6667927568494285
0.33336978964830205	0.6666302103516977
0.33321974856605596	0.6667802514339437
0.33321203758606793	0.6667879624139317
0.33330573679629694	0.6666942632037027
0.33322228618079414	0.6667777138192055
0.3333918650521288	0.6666081349478709
0.3332161377357194	0.6667838622642803
0.33329971631210475	0.6667002836878949
0.33321419879214076	0.6667858012078589
0.3332023022130691	0.6667976977869305
0.3332924389073536	0.6667075610926461
0.3332613298353559	0.6667386701646438
0.3332950080369835	0.6667049919630161
0.3332419647539375	0.6667580352460621
0.3332946311818335	0.6667053688181661
0.333375600256747	0.6666243997432526
0.33326441433712	0.6667355856628796
0.3333306534724856	0.6666693465275141
0.333336253396664	0.6666637466033356
0.33325756659890526	0.6667424334010944
0.3332364531488564	0.6667635468511433
0.33331366386827477	0.6666863361317249
0.33320550704838947	0.6667944929516102
0.3332498580327616	0.6667501419672381
0.33327970007624286	0.6667202999237568
0.3333475296432823	0.6666524703567174
0.33337520507050356	0.6666247949294961
0.33323501295026303	0.6667649870497366
0.33324548673815857	0.6667545132618411
0.3332388692993992	0.6667611307006005
0.33325391353250533	0.6667460864674943
0.33333692748812155	0.6666630725118781
0.3332423828441933	0.6667576171558064
0.3333822114459296	0.6666177885540701
0.3332548078056182	0.6667451921943814
0.3333863669135469	0.6666136330864527
0.33331075539961885	0.6666892446003808
0.3332413957546189	0.6667586042453808
0.3332576372278674	0.6667423627721323
0.333214389097374	0.6667856109026257
0.3333839387035203	0.6666160612964793
0.3333575558055726	0.6666424441944271
0.33327996271846744	0.6667200372815323
0.33336122633364706	0.6666387736663526
0.3331999211111508	0.6668000788888488
0.3333666968997456	0.666633303100254
0.33338132443731194	0.6666186755626877
0.33324397618080054	0.6667560238191992
0.33329184339140233	0.6667081566085973
0.33338775340682136	0.6666122465931783
0.33324318008402465	0.666756819915975
0.33322712221479817	0.6667728777852016
0.3333306242914243	0.6666693757085753
0.33338709091172736	0.6666129090882723
0.3333816519482193	0.6666183480517804
0.33331016985293843	0.6666898301470612
0.3332881212276617	0.666711878772338
0.33331602798096727	0.6666839720190324
0.3333172746413776	0.666682725358622
0.33332840530144303	0.6666715946985566
0.33333252340345176	0.6666674765965479
0.3333595617888804	0.6666404382111193
0.33328864996470486	0.6667113500352948
0.3332677747409271	0.6667322252590726
0.33333460804511594	0.6666653919548837
0.3333791521040106	0.6666208478959891
0.3333255398131628	0.6666744601868368
0.3333118906826179	0.6666881093173818
0.33333898103880066	0.666661018961199
0.3333842528610632	0.6666157471389365
0.33336402355940997	0.6666359764405897
0.3332520099126678	0.6667479900873319
0.33333124633736244	0.6666687536626372
0.33329061315161956	0.6667093868483801
0.333326038746486	0.6666739612535137
0.33323693351916156	0.6667630664808382
0.33330617993832123	0.6666938200616784
0.3332430700946504	0.6667569299053493
0.3333925236033686	0.6666074763966311
0.3333269870324594	0.6666730129675402
0.33323754816936	0.6667624518306396
0.3332275715382313	0.6667724284617684
0.33327359716123706	0.6667264028387626
0.33322283373680095	0.6667771662631987
0.33333431354654475	0.6666656864534549
0.33330368650030895	0.6666963134996907
0.3332775262368056	0.666722473763194
0.33329994953751607	0.6667000504624836
0.3332152411570541	0.6667847588429456
0.3332894588080356	0.666710541191964
0.33336819083739233	0.6666318091626073
0.33327575642253005	0.6667242435774696
0.33322565136850446	0.6667743486314952
0.3333225924977687	0.666677407502231
0.33335777271261413	0.6666422272873855
0.3333686779472854	0.6666313220527142
0.3333415983796658	0.6666584016203339
0.33328751268659795	0.6667124873134017
0.3332245076964895	0.6667754923035102
0.3332678330439576	0.6667321669560421
0.3332131827545814	0.6667868172454183
0.333233569649115	0.6667664303508847
0.33329102558183726	0.6667089744181625
0.33331526643793036	0.6666847335620694
0.33324007397253486	0.6667599260274648
0.33326073398690514	0.6667392660130945
0.3331995283496868	0.6668004716503129
0.3333752972339312	0.6666247027660684
0.3333494016037054	0.6666505983962943
0.33321717863039824	0.6667828213696014
0.3332190556141948	0.6667809443858048
0.3331988956534962	0.6668011043465034
0.3332277817639139	0.6667722182360858
0.33321694929927403	0.6667830507007256
0.333289760104687	0.6667102398953126
0.3332532974405122	0.6667467025594875
0.33321697517602344	0.6667830248239762
0.33329764900731174	0.6667023509926879
0.3332285716010704	0.6667714283989292
0.33336704202065587	0.6666329579793437
0.333255648029188	0.6667443519708116
0.3332121700431788	0.6667878299568208
0.333228001760729	0.6667719982392707
0.3333283382155756	0.666671661784424
0.3333867615829369	0.6666132384170628
0.33326930138098054	0.6667306986190191
0.3333755887150236	0.6666244112849761
0.33319841704021136	0.6668015829597883
0.3333703947777395	0.6666296052222602
0.3333144543581251	0.6666855456418745
0.33330046032129945	0.6666995396787002
0.3332877044774447	0.666712295522555
0.33338313866889113	0.6666168613311085
0.33328477431431824	0.6667152256856814
0.333242844300691	0.6667571556993086
0.33334812947383397	0.6666518705261657
0.3332005379233204	0.6667994620766793
0.3332640629286885	0.6667359370713112
0.33337057041559864	0.6666294295844011
0.33321692820115656	0.6667830717988431
0.3332859523518711	0.6667140476481286
0.33321575188256614	0.6667842481174335
0.3332431794973597	0.66675682050264
0.3332716922258564	0.6667283077741433
0.3333635353994567	0.6666364646005429
0.33337989495334797	0.6666201050466517
0.3332116608764259	0.6667883391235738
0.3333497444121998	0.6666502555877999
0.3332907976782904	0.6667092023217093
0.3333459390334881	0.6666540609665116
0.3332399344780692	0.6667600655219305
0.3332298085376383	0.6667701914623614
0.3333512215544132	0.6666487784455865
0.33324837884076874	0.6667516211592309
0.333334768607055	0.6666652313929446
0.33328113050072794	0.6667188694992717
0.33326808918207873	0.6667319108179209
0.3332460641186597	0.6667539358813399
0.3333153635280932	0.6666846364719065
0.3333126779215413	0.6666873220784584
0.3333872446968019	0.6666127553031977
0.3333291825279625	0.6666708174720372
0.3333055029099007	0.666694497090099
0.3332095938976952	0.6667904061023044
0.3333701118937957	0.666629888106204
0.33328083118811147	0.6667191688118882
0.33326018915876565	0.666739810841234
0.33330778840736885	0.6666922115926308
0.33337676729775084	0.6666232327022488
0.33329424338113334	0.6667057566188663
0.3333230273261201	0.6666769726738795
0.33324213004455305	0.6667578699554466
0.33329105431106887	0.6667089456889308
0.33338722055028297	0.6666127794497168
0.3333685215977985	0.6666314784022012
0.33327825655780097	0.6667217434421987
0.3333410807960443	0.6666589192039554
0.33333736757117005	0.6666626324288296
0.33332173209780824	0.6666782679021914
0.3332854125432263	0.6667145874567734
0.3333451568255976	0.666654843174402
0.3333216402328911	0.6666783597671085
0.3333288036150297	0.66667119638497
0.33327574358957246	0.6667242564104272
0.33334111557949087	0.6666588844205088
0.3333513487718843	0.6666486512281153
0.3333214395679166	0.6666785604320831
0.33324916395869997	0.6667508360412997
0.3333902591106924	0.6666097408893072
0.3332201547398776	0.6667798452601221
0.3332114427078826	0.6667885572921171
0.3333762630571432	0.6666237369428565
0.33333547082807974	0.66666452917192
0.3333670007058016	0.6666329992941981
0.33329275705316597	0.6667072429468337
0.33329261641147234	0.6667073835885273
0.3332736341974394	0.6667263658025603
0.3333015012695777	0.666698498730422
0.3332876830892799	0.6667123169107197
0.33333287014447055	0.6666671298555291
0.33325358844123004	0.6667464115587696
0.3332249043217088	0.6667750956782909
0.33338036853910025	0.6666196314608994
0.33329735837008195	0.6667026416299178
0.3333288144694073	0.6666711855305923
0.3333116676078647	0.666688332392135
0.33334948123241115	0.6666505187675885
0.3333899829382469	0.6666100170617528
0.3333320321095168	0.6666679678904829
0.3332865352473817	0.666713464752618
0.33327509869584615	0.6667249013041535
0.3333493542485105	0.6666506457514891
0.3333766154961342	0.6666233845038655
0.3332541667278256	0.6667458332721741
0.33338866675769857	0.6666113332423012
0.3332238426191306	0.666776157380869
0.33333173750594947	0.6666682624940502
0.3333327659139802	0.6666672340860195
0.3332311338341102	0.6667688661658895
0.3332987769280961	0.6667012230719036
0.333218125825187	0.6667818741748126
0.333389238591502	0.6666107614084977
0.33326714214309805	0.6667328578569016
0.33325985904562816	0.6667401409543715
0.33327740064083344	0.6667225993591662
0.33321676006431156	0.6667832399356881
0.3333893985843248	0.6666106014156749
0.33320818113849354	0.6667918188615061
0.33326903730408386	0.6667309626959158
0.3333783743650704	0.6666216256349293
0.33326407942805925	0.6667359205719404
0.33326279714587903	0.6667372028541206
0.3332095774010528	0.6667904225989469
0.33322066277896384	0.6667793372210358
0.33335404450476863	0.6666459554952311
0.33321161254097376	0.6667883874590259
0.33330382415502613	0.6666961758449735
0.33320749713680575	0.6667925028631939
0.33334882451427866	0.666651175485721
0.3332873851571848	0.6667126148428149
0.3332484095237621	0.6667515904762376
0.33320763612586096	0.6667923638741386
0.3332494621063443	0.6667505378936553
0.3333051621662444	0.6666948378337553
0.33326532365434397	0.6667346763456556
0.33334091931576204	0.6666590806842376
0.33323684421977906	0.6667631557802206
0.33326544892336596	0.6667345510766337
0.33328927202468905	0.6667107279753106
0.3333191633227287	0.666680836677271
0.3332199718537373	0.6667800281462624
0.3333514067097493	0.6666485932902504
0.33334989094763046	0.6666501090523692
0.33324125331323473	0.6667587466867649
0.33320405867091246	0.6667959413290871
0.33334881714807013	0.6666511828519295
0.33319820212153306	0.6668017978784666
0.33336353109770345	0.6666364689022962
0.3333238152938604	0.6666761847061393
0.33328239618092614	0.6667176038190735
0.33320575811216646	0.6667942418878332
0.33328684302804523	0.6667131569719544
0.3333275643753265	0.6666724356246732
0.33321921929787307	0.6667807807021267
0.333203214157595	0.6667967858424046
0.3332715854581533	0.6667284145418464
0.333309037317942	0.6666909626820576
0.333234744954917	0.6667652550450827
0.3332752574383849	0.6667247425616147
0.3333733203969048	0.6666266796030949
0.33325898917805086	0.6667410108219488
0.3333501098830267	0.666649890116973
0.33328420124452807	0.6667157987554716
0.333336477875977	0.6666635221240227
0.333202041795817	0.6667979582041826
0.33334229093940604	0.6666577090605936
0.33329405209575796	0.6667059479042416
0.3332422400292691	0.6667577599707306
0.3333078047198249	0.6666921952801748
0.33322314874040515	0.6667768512595945
0.3332361477855925	0.6667638522144071
0.3332530037182364	0.6667469962817633
0.3333480884490503	0.6666519115509494
0.33323049172214425	0.6667695082778554
0.3333043063427503	0.6666956936572493
0.3332553941461567	0.666744605853843
0.3332297381905791	0.6667702618094206
0.33331426326241853	0.6666857367375811
0.3332030553850315	0.6667969446149682
0.33336367547815565	0.6666363245218441
0.33337555129947183	0.6666244487005278
0.3332255234758317	0.666774476524168
0.3332697348342194	0.6667302651657803
0.33323652433935624	0.6667634756606434
0.33322237633019236	0.6667776236698073
0.33321057957152644	0.6667894204284732
0.3333567344262845	0.6666432655737151
0.33333248765702433	0.6666675123429753
0.33324063313978525	0.6667593668602144
0.3332961271931663	0.6667038728068333
0.33324662105948555	0.6667533789405141
0.33323686030731325	0.6667631396926864
0.333221526225568	0.6667784737744317
0.33322031936045504	0.6667796806395446
0.3332091894439104	0.6667908105560892
0.33333463305404876	0.6666653669459509
0.33331822526274646	0.6666817747372532
0.33326123390281437	0.6667387660971853
0.3332524893043075	0.6667475106956922
0.33334618004206384	0.6666538199579358
0.3332762966649965	0.6667237033350032
0.3333421551330637	0.666657844866936
0.3332203630058544	0.6667796369941452
0.333319071071557	0.6666809289284427
0.3333556257945196	0.6666443742054801
0.3332095437470175	0.6667904562529822
0.3333812582525481	0.6666187417474516
0.33329179617821725	0.6667082038217824
0.33327292750663706	0.6667270724933626
0.3332451340497003	0.6667548659502993
0.3332716330176613	0.6667283669823384
0.33329494499635126	0.6667050550036484
0.33331245718256886	0.6666875428174308
0.33322994467136324	0.6667700553286364
0.3333621608907156	0.6666378391092841
0.3333758130995211	0.6666241869004785
0.3333612540559808	0.6666387459440188
0.3332131443162113	0.6667868556837884
0.3332003728201418	0.6667996271798579
0.3332190825890217	0.666780917410978
0.33326044139553523	0.6667395586044644
0.3332899248395206	0.6667100751604791
0.33326207333200064	0.666737926667999
0.3332192285143764	0.6667807714856233
0.33327950705354803	0.6667204929464516
0.3333798647689513	0.6666201352310483
0.33329934859890764	0.666700651401092
0.33321942293773676	0.6667805770622629
0.333249751666161	0.6667502483338387
0.33337279235421613	0.6666272076457835
0.3332304632998787	0.666769536700121
0.3332037708366653	0.6667962291633344
0.33326206870421726	0.6667379312957824
0.3332638865237919	0.6667361134762078
0.3332523698936079	0.6667476301063917
0.33334571594195217	0.6666542840580475
0.33332106874940315	0.6666789312505965
0.3332661195298948	0.6667338804701048
0.3332515214601826	0.666748478539817
0.33331657657863667	0.666683423421363
0.33325987997520257	0.6667401200247971
0.3332416890129304	0.6667583109870693
0.33324892219342794	0.6667510778065717
0.33321983127358035	0.6667801687264193
0.3332334948396629	0.6667665051603368
0.333387948410487	0.6666120515895126
0.3333082630957901	0.6666917369042096
0.3332918728122155	0.6667081271877842
0.3333904391383459	0.6666095608616538
0.33327791017686403	0.6667220898231356
0.33329070632910907	0.6667092936708906
0.33326036697637584	0.6667396330236238
0.33324955599055617	0.6667504440094435
0.3333407547359302	0.6666592452640694
0.33333445517458177	0.666665544825418
0.33323671168319063	0.6667632883168091
0.33324514671924443	0.6667548532807552
0.3332548714762634	0.6667451285237362
0.3332603212857568	0.6667396787142429
0.33334360151293974	0.6666563984870599
0.3333696739382175	0.6666303260617822
0.3333021380047428	0.6666978619952568
0.3332783698690147	0.666721630130985
0.3332652738246093	0.6667347261753904
0.3333568906036075	0.6666431093963922
0.3333120967927485	0.6666879032072512
0.3333385255349205	0.6666614744650792
0.3332017791593489	0.6667982208406508
0.3332228284522989	0.6667771715477008
0.33321415627382234	0.6667858437261773
0.3332438963954836	0.6667561036045161
0.3333037989918707	0.666696201008129
0.33336371997961234	0.6666362800203873
0.33324102164013425	0.6667589783598654
0.33338195262852643	0.6666180473714732
0.333310102311846	0.6666898976881537
0.3333758957006719	0.6666241042993277
0.3332286457464462	0.6667713542535535
0.33326168391501987	0.6667383160849798
0.3333459871974612	0.6666540128025384
0.33335106631214617	0.6666489336878535
0.33327236638865987	0.6667276336113398
0.33323299485488606	0.6667670051451136
0.3332848233985548	0.6667151766014449
0.3332848925880634	0.6667151074119363
0.33338227096609263	0.666617729033907
0.3332379678617883	0.6667620321382114
0.3331984061768831	0.6668015938231165
0.33335855847595536	0.6666414415240443
0.33333851202595655	0.6666614879740431
0.333388346308477	0.6666116536915226
0.33325244456098085	0.6667475554390188
0.3333419008889154	0.6666580991110842
0.33324188054904236	0.6667581194509573
0.33321495730840056	0.6667850426915991
0.33334895903110473	0.6666510409688949
0.3333515676756974	0.6666484323243023
0.3333826714944087	0.666617328505591
0.3333635678908178	0.6666364321091819
0.3332313900252406	0.6667686099747591
0.3333374282469871	0.6666625717530126
0.33338885011895214	0.6666111498810475
0.33327180475277707	0.6667281952472226
0.33336006508125204	0.6666399349187476
0.33320146880207424	0.6667985311979254
0.3332052220951603	0.6667947779048393
0.33320188107993487	0.6667981189200648
0.33335963034851857	0.6666403696514811
0.3332313274136638	0.6667686725863359
0.3333390427942603	0.6666609572057394
0.3332046807197117	0.666795319280288
0.33328819160752926	0.6667118083924704
0.3333375036814803	0.6666624963185194
0.33325769446501696	0.6667423055349827
0.33333101719127023	0.6666689828087294
0.3332995612240449	0.6667004387759548
0.3332912960997123	0.6667087039002874
0.33332254257487204	0.6666774574251276
0.33334620273852333	0.6666537972614763
0.33328541770569875	0.6667145822943009
0.3332753720007458	0.6667246279992538
0.3333764419420642	0.6666235580579355
0.3332566251417616	0.6667433748582381
0.33336155995493844	0.6666384400450612
0.33337590742389245	0.6666240925761072
0.333269443563739	0.6667305564362607
0.3333266173657071	0.6666733826342925
0.3333423989318235	0.6666576010681762
0.33327151426094764	0.6667284857390521
0.3333533532595794	0.6666466467404203
0.33327709983370185	0.6667229001662978
0.3332718799538307	0.666728120046169
0.3332762894944548	0.6667237105055448
0.3332189276345362	0.6667810723654635
0.33323758013078464	0.666762419869215
0.3333484422080502	0.6666515577919494
0.33337077229125134	0.6666292277087483
0.3332795846718317	0.666720415328168
0.33320099581742546	0.6667990041825742
0.3333002889571053	0.6666997110428944
0.3332175103328344	0.6667824896671652
0.33338514281511233	0.6666148571848873
0.33329749306633105	0.6667025069336686
0.3333175318325272	0.6666824681674725
0.3332270406047084	0.6667729593952912
0.33319966631555786	0.6668003336844418
0.33335404630555093	0.6666459536944487
0.3333017179308221	0.6666982820691776
0.3332903682408071	0.6667096317591925
0.3332091405967759	0.6667908594032237
0.33338826901424207	0.6666117309857575
0.3333547847946085	0.6666452152053912
0.3333588887539026	0.666641111246097
0.3332005264981593	0.6667994735018403
0.3332972907307009	0.6667027092692988
0.3333569552843221	0.6666430447156776
0.3333909058606572	0.6666090941393424
0.33332716869339396	0.6666728313066057
0.33334046843968124	0.6666595315603184
0.3333748628959551	0.6666251371040446
0.3333359489626925	0.6666640510373072
0.333381504804951	0.6666184951950487
0.3333373201461551	0.6666626798538446
0.33329246290241	0.6667075370975897
0.3333224471962204	0.6666775528037793
0.33326496854615295	0.6667350314538467
0.33323638186037363	0.666763618139626
0.33321995999613796	0.6667800400038617
0.3333776346262289	0.6666223653737708
0.3333228828384631	0.6666771171615365
0.33321248928467445	0.6667875107153252
0.3332673073304509	0.6667326926695487
0.33336479586981177	0.666635204130188
0.3332164255153803	0.6667835744846193
0.3333840570262474	0.6666159429737523
0.33328013914918736	0.6667198608508123
0.3332590506088502	0.6667409493911495
0.33332333043889795	0.6666766695611017
0.33329620499689017	0.6667037950031095
0.3332776500899455	0.6667223499100542
0.3332618151789488	0.6667381848210508
0.3333883066203194	0.6666116933796803
0.3333352514328525	0.6666647485671472
0.3333806519680225	0.6666193480319771
0.3332818645066522	0.6667181354933475
0.3332785645617723	0.6667214354382274
0.33328199246096557	0.6667180075390341
0.3332373203244774	0.6667626796755223
0.33339139540651724	0.6666086045934825
0.33338414896557544	0.6666158510344242
0.33331393515939556	0.6666860648406041
0.33319904863089334	0.6668009513691063
0.33339118321642724	0.6666088167835724
0.3333065962705022	0.6666934037294975
0.33332014403604426	0.6666798559639554
0.33325418497924963	0.66674581502075
0.33324633468854015	0.6667536653114595
0.33336412545406835	0.6666358745459313
0.3332089496805546	0.6667910503194451
0.3332656774040106	0.6667343225959891
0.3333760430056135	0.6666239569943861
0.3332801815507572	0.6667198184492424
0.33322919927362316	0.6667708007263765
0.33324071754174334	0.6667592824582563
0.33338637112954095	0.6666136288704587
0.3333397120970155	0.6666602879029841
0.33338311077072047	0.6666168892292792
0.3332375215934844	0.6667624784065153
0.3333260256925884	0.6666739743074113
0.3333622982993774	0.6666377017006222
0.3333599163845604	0.6666400836154392
0.33333036529451526	0.6666696347054843
0.33326021774606196	0.6667397822539377
0.3332773667399026	0.6667226332600971
0.33334016811690026	0.6666598318830994
0.333361799078284	0.6666382009217157
0.3332444738612212	0.6667555261387785
0.33325829990418815	0.6667417000958116
0.3333114208112555	0.6666885791887442
0.3332860707649139	0.6667139292350858
0.3332606635638531	0.6667393364361466
0.33320477149208566	0.666795228507914
0.3333055963873804	0.6666944036126192
0.33322630783747587	0.6667736921625238
0.3333309590705767	0.6666690409294229
0.33337564081899274	0.6666243591810069
0.333332922934364	0.6666670770656357
0.33331560610954064	0.666684393890459
0.33330367945314754	0.6666963205468521
0.33327993675638257	0.6667200632436171
0.3333814016886878	0.6666185983113119
0.3333523680662203	0.6666476319337793
0.3333676135745711	0.6666323864254285
0.3333444947278294	0.6666555052721703
0.33321283831580617	0.6667871616841935
0.3333249006139071	0.6666750993860926
0.3333371239103784	0.6666628760896213
0.33333419496910593	0.6666658050308938
0.3332710752095033	0.6667289247904964
0.33328108418403657	0.6667189158159631
0.3333564246894574	0.6666435753105422
0.3333302708053495	0.6666697291946502
0.33327577226923705	0.6667242277307626
0.3332930019247372	0.6667069980752625
0.3333451653027206	0.666654834697279
0.33328844453478346	0.6667115554652162
0.3332024559935138	0.6667975440064859
0.33338627875189614	0.6666137212481036
0.33324969686368616	0.6667503031363136
0.33327875199351514	0.6667212480064846
0.3332808875259465	0.6667191124740532
0.3333894569276124	0.6666105430723872
0.3332391170490375	0.6667608829509621
0.333220238264458	0.6667797617355417
0.3333482847719546	0.6666517152280451
0.3333136924831775	0.6666863075168221
0.3332345046270807	0.666765495372919
0.33335127999329695	0.6666487200067027
0.33329852142103944	0.6667014785789602
0.33320976984956496	0.6667902301504347
0.33324548560433176	0.6667545143956679
0.33321667443194314	0.6667833255680565
0.33326417045232415	0.6667358295476755
0.33332709710173974	0.6666729028982599
0.3331992142409338	0.6668007857590659
0.3332690973257507	0.666730902674249
0.3333348867560635	0.6666651132439362
0.33338919672082173	0.666610803279178
0.3332206914338907	0.6667793085661089
0.3333014744633828	0.6666985255366169
0.3333803403957887	0.666619659604211
0.3333730663703578	0.6666269336296419
0.33337950658807014	0.6666204934119295
0.33338427450395725	0.6666157254960424
0.33337604246226016	0.6666239575377395
0.3333516197596418	0.6666483802403579
0.33328365939552196	0.6667163406044777
0.3333453963055788	0.6666546036944209
0.33338026612789723	0.6666197338721025
0.33323527048179424	0.6667647295182054
0.3333068364633468	0.6666931635366529
0.33333052992004697	0.6666694700799527
0.33320478230991557	0.6667952176900841
0.33332790583283134	0.6666720941671683
0.3332730251810136	0.6667269748189861
0.33330078176422673	0.6666992182357729
0.33322909642303633	0.6667709035769633
0.3332488670922536	0.666751132907746
0.33333215027847957	0.6666678497215202
0.333210417700345	0.6667895822996547
0.3332210836246539	0.6667789163753457
0.3333281508031093	0.6666718491968904
0.33327527476281743	0.6667247252371822
0.3333413212362223	0.6666586787637774
0.33335826994110956	0.66664173005889
0.3332971329233437	0.6667028670766559
0.3332155485278827	0.666784451472117
0.33321173993747266	0.666788260062527
0.33321067088894174	0.6667893291110579
0.33329510064573065	0.666704899354269
0.3332059863704506	0.666794013629549
0.3333356665967159	0.6666643334032838
0.33327564572809276	0.6667243542719069
0.3332658380403902	0.6667341619596094
0.333349754293074	0.6666502457069257
0.33324570238009577	0.6667542976199039
0.3333707055714915	0.6666292944285082
0.3333760948940804	0.6666239051059193
0.3333742070492607	0.666625792950739
0.3333339448465643	0.6666660551534354
0.33326488633774876	0.6667351136622509
0.33331986777946343	0.6666801322205362
0.33327793230398517	0.6667220676960145
0.33338284983714384	0.6666171501628558
0.3332826213013467	0.6667173786986529
0.3332342630140559	0.6667657369859438
0.33337398194997436	0.6666260180500253
0.333236677043828	0.6667633229561717
0.3333835252367471	0.6666164747632526
0.3332839647218915	0.6667160352781082
0.3333795419795259	0.6666204580204738
0.3333111231836111	0.6666888768163886
0.33335796903950154	0.6666420309604981
0.3332255438674303	0.6667744561325694
0.3333333917133164	0.6666666082866832
0.33325552038408657	0.6667444796159131
0.3333027267087014	0.6666972732912982
0.3332149927297295	0.6667850072702701
0.33335640411821404	0.6666435958817856
0.33338582973475084	0.6666141702652488
0.33332280097960476	0.6666771990203949
0.3332252633176438	0.6667747366823559
0.33335314899855173	0.6666468510014479
0.33336408096955916	0.6666359190304405
0.33323067649657945	0.6667693235034202
0.3332154312897003	0.6667845687102993
0.33338989940992625	0.6666101005900734
0.33330515755135587	0.6666948424486439
0.33336211374371905	0.6666378862562806
0.33334070892757384	0.6666592910724258
0.33327477248929355	0.6667252275107061
0.3333894202238507	0.666610579776149
0.33325592878760724	0.6667440712123924
0.33325364030901605	0.6667463596909836
0.33332290656517527	0.6666770934348244
0.3333126371051266	0.6666873628948731
0.33337359915885295	0.6666264008411467
0.33329400363903205	0.6667059963609676
0.3333902314713858	0.6666097685286139
0.3332572867430538	0.6667427132569459
0.33332002529088534	0.6666799747091143
0.33331790935363126	0.6666820906463684
0.3333897360160908	0.6666102639839089
0.33326982223216894	0.6667301777678307
0.33323831773789414	0.6667616822621055
0.3333572227794379	0.6666427772205618
0.33325134803522627	0.6667486519647734
0.33330004009608094	0.6666999599039187
0.33334113589944714	0.6666588641005525
0.3333172200959732	0.6666827799040265
0.333272587504822	0.6667274124951776
0.3333410335147267	0.6666589664852729
0.3333452643637521	0.6666547356362476
0.3333757806080345	0.6666242193919651
0.33337377188303696	0.6666262281169627
0.33337423225202995	0.6666257677479697
0.33330132571251353	0.6666986742874861
0.33337005318024804	0.6666299468197516
0.33332710880464667	0.666672891195353
0.33320932182870716	0.6667906781712925
0.3333452861421412	0.6666547138578585
0.3333821992647761	0.6666178007352236
0.33326306080865375	0.6667369391913459
0.3333276501024627	0.666672349897537
0.33327210012749475	0.6667278998725049
0.3332139164847775	0.6667860835152222
0.3333431198156664	0.6666568801843333
0.33320258750905196	0.6667974124909477
0.3333280574814226	0.6666719425185771
0.33325414269580916	0.6667458573041904
0.3333867729187366	0.666613227081263
0.3332550743475037	0.666744925652496
0.33328653881504355	0.6667134611849561
0.3333388924557025	0.6666611075442972
0.3332107367356133	0.6667892632643864
0.33325034690930844	0.6667496530906912
0.33335039086406304	0.6666496091359366
0.3332171363968096	0.6667828636031901
0.3333805713313837	0.666619428668616
0.3332653123991659	0.6667346876008338
0.33322184808231403	0.6667781519176856
0.3333003489556408	0.6666996510443588
0.33322962380153576	0.6667703761984639
0.3333619879042258	0.6666380120957739
0.33323390546701454	0.6667660945329852
0.3333068324687628	0.6666931675312369
0.33332297008469325	0.6666770299153064
0.33319945759608505	0.6668005424039146
0.3332288844714205	0.6667711155285792
0.33327856433627273	0.666721435663727
0.33335264234556194	0.6666473576544377
0.33332707784621673	0.6666729221537829
0.3333159999295622	0.6666840000704375
0.33327991302554005	0.6667200869744596
0.3332926604863299	0.6667073395136698
0.3332455374683687	0.666754462531631
0.33334252941736675	0.6666574705826329
0.33328801661219254	0.6667119833878071
0.3332033510834323	0.6667966489165673
0.33328365729027987	0.6667163427097198
0.3332160097336841	0.6667839902663155
0.3332020394185467	0.6667979605814529
0.33338173850738456	0.666618261492615
0.33322779633331934	0.6667722036666803
0.33337158457809796	0.6666284154219018
0.33325812818151823	0.6667418718184814
0.3333211604098551	0.6666788395901446
0.3333438900388118	0.6666561099611878
0.3332204834107598	0.6667795165892398
0.3333127527449459	0.6666872472550538
0.3332964236685615	0.6667035763314382
0.33321431678083363	0.6667856832191661
0.3332645056980459	0.6667354943019538
0.3332221764229042	0.6667778235770955
0.333293151967794	0.6667068480322056
0.33320398192478135	0.6667960180752184
0.3332474459943026	0.6667525540056971
0.33332834720586507	0.6666716527941345
0.33328347376875034	0.6667165262312493
0.3333310392008706	0.6666689607991291
0.333382999181516	0.6666170008184837
0.333378013227087	0.6666219867729126
0.33322143927935255	0.6667785607206471
0.3332821577275151	0.6667178422724845
0.33336209109562537	0.6666379089043744
0.3332792250062736	0.6667207749937261
0.33329557166853496	0.6667044283314647
0.3332580341191781	0.6667419658808216
0.3333806068073112	0.6666193931926885
0.3332077980274415	0.6667922019725582
0.33332530685042094	0.6666746931495787
0.33325098686868526	0.6667490131313144
0.33331032569739816	0.6666896743026015
0.333279789053637	0.6667202109463627
0.3332255892942182	0.6667744107057815
0.3332861140009517	0.666713885999048
0.3332576433853671	0.6667423566146325
0.3333171619554902	0.6666828380445095
0.33335276571164607	0.6666472342883536
0.33330447858160395	0.6666955214183957
0.33319872923897076	0.6668012707610289
0.3332829264260586	0.666717073573941
0.3332570342372507	0.6667429657627489
0.33322982152248853	0.6667701784775111
0.3333254983090598	0.6666745016909399
0.33326336347827457	0.6667366365217251
0.3333766457151647	0.666623354284835
0.33337374067993286	0.6666262593200668
0.33338501225461303	0.6666149877453866
0.33330195263534645	0.6666980473646532
0.33336156536626915	0.6666384346337305
0.3332065419797309	0.6667934580202688
0.3333577395141297	0.6666422604858699
0.33325889189627744	0.6667411081037222
0.33335566493288293	0.6666443350671167
0.33336083373597125	0.6666391662640284
0.33325266757507654	0.6667473324249231
0.33326792464042504	0.6667320753595747
0.33328404843418125	0.6667159515658184
0.3332210403668109	0.6667789596331888
0.333357542006115	0.6666424579938847
0.3333090314991844	0.6666909685008153
0.33334332525933225	0.6666566747406675
0.33338432142653224	0.6666156785734674
0.3331982122128934	0.6668017877871062
0.33321135392395707	0.6667886460760426
0.3332325575798305	0.6667674424201692
0.3332414621743434	0.6667585378256562
0.3331982342469086	0.6668017657530911
0.3331982161927336	0.6668017838072661
0.3333062837907497	0.6666937162092499
0.3333511168759705	0.6666488831240291
0.3333210144243782	0.6666789855756214
0.3333035094419343	0.6666964905580653
0.33331536625428937	0.6666846337457103
0.3332396828168166	0.6667603171831831
0.3333465984491114	0.6666534015508883
0.3332643339625201	0.6667356660374796
0.33338961784317933	0.6666103821568203
0.3332103979324686	0.666789602067531
0.3332256184776773	0.6667743815223224
0.3332179183982992	0.6667820816017005
0.3333204124082031	0.6666795875917966
0.3333758030216083	0.6666241969783914
0.33329116498962835	0.6667088350103714
0.3333217833837994	0.6666782166162002
0.333374883957364	0.6666251160426357
0.33335514931187293	0.6666448506881267
0.33327948230726523	0.6667205176927344
0.33323302409414746	0.6667669759058522
0.33332108612096567	0.666678913879034
0.33335991126718373	0.6666400887328159
0.33332038186867585	0.6666796181313238
0.33323024443708815	0.6667697555629115
0.33320365552105924	0.6667963444789404
0.33328996227548585	0.6667100377245139
