0.3499358137942728	0.40018664174504237	0.24987754446068494
0.3499443460114882	0.39975041483251433	0.25030523915599756
0.3499467652329322	0.40015978579020195	0.24989344897686597
0.34970964894851053	0.3999838611782696	0.25030648987321996
0.34980130885940997	0.4000897249000757	0.25010896624051443
0.3501058409444668	0.400192903864409	0.2497012551911244
0.34998499930014576	0.40003752367669965	0.24997747702315473
0.34997984405061106	0.39956303254662273	0.2504571234027663
0.3500410034549013	0.3996203959430587	0.2503386006020401
0.3498153726962055	0.39990956767354474	0.2502750596302499
0.35019595489981203	0.39960643422074243	0.25019761087944564
0.34998290305259944	0.4001772552760132	0.24983984167138745
0.3500354889232557	0.4001232883971859	0.24984122267955855
0.3498419762628681	0.40009024500708945	0.25006777873004254
0.34995808685673785	0.39966804733516414	0.2503738658080981
0.34968724055775957	0.40020241772939336	0.2501103417128472
0.35009187416140064	0.39959213369615987	0.2503159921424396
0.35011739709594414	0.39958531240851175	0.2502972904955443
0.3497592550286818	0.40003559640422026	0.250205148567098
0.34992038319683133	0.3999285079474202	0.2501511088557486
0.3500839311922147	0.3996083436704953	0.25030772513729016
0.3497319129218351	0.3999572690697771	0.25031081800838795
0.34986967705431404	0.3997327800687628	0.25039754287692323
0.3499626503221641	0.4001784091549294	0.2498589405229066
0.34964523474995907	0.4002093249404117	0.2501454403096293
0.3499041154577947	0.3998307423857391	0.25026514215646634
0.34989521027619197	0.39966335503504524	0.2504414346887629
0.34964934825699623	0.39998331082372296	0.2503673409192809
0.34992489781816993	0.3996557072250848	0.25041939495674537
0.349812742023521	0.399735971116171	0.25045128686030815
0.35005762561918885	0.40001107338352365	0.2499313009972876
0.3500038485426954	0.3998438670929373	0.2501522843643674
0.34998899212243356	0.39967640558175477	0.25033460229581184
0.350201162129924	0.4000504123257933	0.24974842554428278
0.34970066554096413	0.400118005463501	0.25018132899553497
0.3500677017049381	0.39977771606116574	0.25015458223389625
0.3496876307938315	0.3998694715240693	0.25044289768209926
0.3502039247258089	0.4001160667053025	0.24968000856888872
0.3499208861330305	0.39969442264453914	0.25038469122243046
0.3501126821547792	0.3999517001767198	0.2499356176685011
0.34964716422993203	0.39991879963826427	0.2504340361318038
0.34973069600464535	0.40009459064448916	0.2501747133508656
0.3499447708241801	0.39997030383304333	0.2500849253427767
0.34997245371595254	0.4000887954932731	0.24993875079077452
0.3500873059683278	0.40019649434067806	0.24971619969099426
0.35005902389247384	0.400187592978131	0.24975338312939524
0.3498695382735191	0.3996421284771643	0.25048833324931674
0.34990660366106946	0.3996811979899941	0.2504121983489366
0.3500762284022332	0.40025465825604895	0.249669113341718
0.3501602603232035	0.39964671789401984	0.25019302178277675
0.34984068439693194	0.3998209488407863	0.2503383667622819
0.34986840209231274	0.4002935392143316	0.24983805869335582
0.3496665208730546	0.39992243593084476	0.25041104319610075
0.3496571415850598	0.4001811036282623	0.250161754786678
0.3499247138503827	0.40007441877590744	0.25000086737370997
0.35005628908762243	0.3997834571900956	0.25016025372228207
0.3500990347887981	0.4000666503687953	0.24983431484240665
0.349697297969117	0.39975209979663434	0.25055060223424874
0.35001266609014203	0.40021572420321183	0.2497716097066463
0.34996110756326015	0.4002678788730644	0.2497710135636755
0.34991614086864864	0.3996852555166133	0.25039860361473815
0.3497528975704367	0.4000761861103718	0.2501709163191916
0.34986798698575616	0.4001827743020697	0.24994923871217423
0.3501458472253224	0.40001893397372895	0.24983521880094878
0.34969103135990953	0.40001660154710217	0.2502923670929884
0.35016753461288624	0.3999931594024561	0.24983930598465778
0.3498033739802311	0.39966214540983713	0.25053448060993183
0.3501231231185889	0.4001984570284769	0.24967841985293432
0.3497272808695867	0.4000874324739331	0.2501852866564803
0.34992892701933653	0.4002077559916673	0.24986331698899628
0.349851496440659	0.3998208064932335	0.2503276970661076
0.35006628580091487	0.4000249752391675	0.24990873895991772
0.3496818963079933	0.4000305435575431	0.2502875601344638
0.3497902923436369	0.399699753018366	0.2505099546379972
0.3496453396807312	0.400149620841886	0.25020503947738293
0.3502078716527006	0.39978976546548534	0.2500023628818142
0.3500010619828897	0.39960393810947226	0.25039499990763814
0.34999503002485893	0.40031353814816223	0.24969143182697895
0.34977478662175254	0.39973799344771976	0.2504872199305278
0.3500803478684738	0.40019212982760377	0.24972752230392256
0.349978152047479	0.4001720691786548	0.24984977877386635
0.349913292942502	0.3995880599232977	0.2504986471342004
0.35022427460864364	0.399842234329586	0.2499334910617705
0.350013041111621	0.400003808263247	0.24998315062513213
0.34970949642653787	0.40011005427895513	0.2501804492945071
0.3501204699557084	0.4002064799296565	0.24967305011463523
0.34974531692542227	0.39969961253221875	0.25055507054235904
0.3501457750418434	0.4001039893326048	0.2497502356255519
0.34994535760805356	0.40003384352822036	0.2500207988637262
0.3498758774380124	0.3996575175780091	0.25046660498397866
0.3502073947496766	0.39957678179171957	0.25021582345860394
0.35010945124186843	0.39991811995260096	0.24997242880553067
0.3501220831671611	0.3997756464435437	0.25010227038929533
0.3498083204326665	0.4003255415186996	0.249866138048634
0.3497342571717253	0.40000871319730286	0.25025702963097196
0.3499937477201023	0.4002962425109409	0.2497100097689569
0.3499895897170863	0.39993790929191086	0.250072500991003
0.3498073048552718	0.40033576983341856	0.24985692531130976
0.3499701378879816	0.39970717576775516	0.25032268634426336
0.350155089424663	0.39970185865881835	0.2501430519165187
0.3501837955239726	0.3998841429653888	0.24993206151063868
0.34993220547413895	0.4002864421691179	0.2497813523567432
0.35021575089601636	0.3998038708156316	0.2499803782883521
0.34968386945330754	0.399779284743112	0.2505368458035806
0.34988447809013734	0.3999635057536609	0.25015201615620186
0.34996184053746576	0.39983764079756445	0.2502005186649699
0.3500726445461363	0.4001042710937863	0.24982308436007752
0.34986751313530634	0.4000252619832839	0.2501072248814098
0.35002532978971457	0.3995605670292126	0.25041410318107293
0.35016491415600653	0.3996795512466806	0.250155534597313
0.3496734292599321	0.39997416896385196	0.2503524017762161
0.34983425985747435	0.4003303948925423	0.2498353452499835
0.3499850577845316	0.3996046818877709	0.25041026032769764
0.3498552149865581	0.40018397875209255	0.24996080626134942
0.350160505330061	0.400044880829679	0.24979461384026014
0.3497223421645779	0.40000635337003476	0.2502713044653874
0.3497620564540763	0.3999138349706709	0.2503241085752529
0.3501978291227386	0.3997696577145877	0.2500325131626737
0.3501152344471231	0.3995403803475652	0.25034438520531177
0.34995591288200945	0.39982448450252583	0.25021960261546483
0.34987126317847816	0.3998893220023485	0.2502394148191735
0.34991632291074765	0.4001957632669054	0.24988791382234704
0.34969352099567125	0.4001591174353393	0.25014736156898953
0.349764711890128	0.40001384387118855	0.25022144423868364
0.3496760136430848	0.40034988050620096	0.24997410585071433
0.34979546628928715	0.39980128684586713	0.2504032468648459
0.34996628100935007	0.4001754485247997	0.24985827046585035
0.3496686088267841	0.3997945966761623	0.25053679449705374
0.34989425924963324	0.40027740647720617	0.24982833427316073
0.3501357073734841	0.3999759822711513	0.2498883103553648
0.34997555701504035	0.399690825575441	0.25033361740951876
0.34998214496296576	0.40030836646400053	0.2497094885730338
0.3496669647303476	0.40016278990625787	0.2501702453633947
0.35004732900605057	0.39981220140509754	0.250140469588852
0.35020562872530936	0.3998920317168947	0.2499023395577961
0.3499102553510596	0.4000450333530968	0.2500447112958437
0.34979575285146286	0.3997770129314517	0.25042723421708557
0.35002781605676436	0.3999325581967988	0.25003962574643696
0.3498312683145402	0.39974285852803026	0.2504258731574297
0.3496770067951812	0.400227517744531	0.2500954754602879
0.34997464009172013	0.4001839837556922	0.24984137615258778
0.349796643208386	0.4001940862122959	0.2500092705793182
0.34989394728192025	0.399558869139801	0.2505471835782789
0.3497705829586083	0.40004841283209697	0.25018100420929484
0.3497532640148016	0.3997512829649739	0.2504954530202246
0.3496981368148972	0.4001958429874838	0.2501060201976191
0.3496802070918481	0.40001378509051144	0.25030600781764056
0.3501648694878302	0.40008879575413886	0.24974633475803104
0.35013444723680376	0.39995269646677317	0.24991285629642318
0.34996142007513686	0.40010981622184916	0.2499287637030141
0.3500760809975743	0.40026936274246866	0.24965455625995717
0.3497803820352873	0.4003242712975337	0.24989534666717916
0.3497722858805733	0.3998459337555195	0.25038178036390724
0.34976232081439473	0.39983716747535575	0.2504005117102497
0.34993699665475675	0.40020380019503093	0.24985920315021243
0.3501336221627757	0.3997384928250306	0.25012788501219374
0.3499542664148291	0.3995764498103942	0.2504692837747769
0.3499495161531263	0.40005152434958063	0.24999895949729317
0.3501193174589074	0.39955666718164284	0.25032401535944987
0.35002606720966783	0.39963706929995707	0.2503368634903752
0.35003396795057384	0.40015597674486086	0.2498100553045654
0.3496535838454301	0.4002568658606934	0.2500895502938766
0.34977021150699955	0.4003305173755228	0.24989927111747778
0.35005882752389955	0.4002336748971863	0.24970749757891425
0.3500189592972506	0.4002433231856878	0.24973771751706175
0.34986237795588787	0.40002453551099487	0.25011308653311737
0.3501373054008621	0.39997354423317855	0.24988915036595954
0.349706916766533	0.400274194204391	0.2500188890290762
0.34985213473478577	0.39989979648955887	0.25024806877565553
0.3501312952253043	0.39991450327025535	0.24995420150444053
0.3497378517363633	0.40005187001357545	0.25021027825006137
0.350047848226608	0.3996003298291506	0.2503518219442415
0.35020201653780453	0.39995088740755824	0.2498470960546373
0.3501415652223925	0.39990308428549526	0.24995535049211237
0.349879707955155	0.40009920570761365	0.25002108633723147
0.35019357079120433	0.40000074066001	0.24980568854878576
0.3501249714703976	0.4002220922562581	0.2496529362733444
0.3497525397418941	0.4000103942753611	0.250237065982745
0.34976561810610346	0.3998359668396819	0.25039841505421473
0.3501048180259077	0.39991143296042664	0.2499837490136658
0.34980883102826205	0.39984142955457025	0.2503497394171678
0.35014471210602616	0.39964817611498177	0.2502071117789922
0.3498871890996586	0.4002157990938795	0.249897011806462
0.3499275228145692	0.39998600275263285	0.250086474432798
0.3498182816855896	0.39969944279844766	0.2504822755159628
0.34972023332949836	0.39970899345652633	0.2505707732139754
0.34977696311580014	0.4002098091605879	0.25001322772361206
0.3498888934226947	0.3998261848127489	0.2502849217645566
0.34993170527239204	0.4002877895793833	0.2497805051482247
0.34967517745903914	0.40029822108099433	0.2500266014599666
0.3498333959614596	0.40033293801344794	0.2498336660250925
0.3500100919182686	0.399911075391122	0.25007883269060954
0.35019650605487174	0.3998739515721381	0.24992954237299025
0.3497399232221028	0.40017503573556384	0.25008504104233353
0.3497714440258901	0.40019025539123143	0.25003830058287857
0.34977808994830606	0.40025391519112014	0.24996799486057392
0.3498539228923971	0.3999643625035232	0.25018171460407984
0.3500391119419717	0.4002928855724901	0.24966800248553833
0.3499560302226917	0.40017830437878665	0.24986566539852173
0.3499868557859049	0.4001513084455417	0.24986183576855353
0.34969443512267073	0.39984334966641943	0.25046221521090994
0.34975854622041025	0.40025549161537205	0.2499859621642178
0.3499866165270845	0.39972079435941876	0.25029258911349683
0.35016183050324534	0.4000770697574717	0.24976109973928307
0.34999964469372763	0.40009778612537616	0.24990256918089632
0.35008440212348996	0.39997204750531024	0.24994355037119986
0.349834527550228	0.39996457017556836	0.2502009022742038
0.35000263085524963	0.400177135470781	0.2498202336739695
0.35010708288561365	0.400229058786834	0.24966385832755245
0.3498440498128912	0.40011983973698206	0.25003611045012686
0.3501942677842237	0.3998113060417431	0.24999442617403334
0.35011871966195246	0.4002141473183606	0.24966713301968707
0.34999602493018944	0.399948897345058	0.25005507772475266
0.3499021249527504	0.3999200942417973	0.2501777808054524
0.3499922714993305	0.4000753516965735	0.2499323768040962
0.3500615528836663	0.3998851979766068	0.25005324913972693
0.3501401083855984	0.40012334402181227	0.24973654759258945
0.3496455972602566	0.3998103527259637	0.2505440500137798
0.3499422964906456	0.4002642370984382	0.2497934664109163
0.3501112234813668	0.3995620963242751	0.2503266801943582
0.3498834898306194	0.4000117640272668	0.2501047461421139
0.34979213103307616	0.4001345949027346	0.25007327406418933
0.34991534052491086	0.3997905850563385	0.25029407441875073
0.34992042683978386	0.40033601103076877	0.2497435621294475
0.35004116091340687	0.40015189964600856	0.24980693944058469
0.350206527222907	0.3995925068692736	0.2502009659078195
0.3498086188737496	0.4000262974540734	0.2501650836721771
0.3497677653066443	0.3997176747608391	0.25051455993251676
0.34993600443869943	0.4000563885881149	0.2500076069731858
0.35003553338286164	0.399630403111603	0.2503340635055354
0.34977814223557846	0.3997163832260742	0.2505054745383474
0.35015361737824846	0.39970722991197216	0.2501391527097795
0.3499906800562776	0.3995973223751515	0.250411997568571
0.3501758300811962	0.3997306236737948	0.2500935462450091
0.34988960864347485	0.3996888836428588	0.25042150771366645
0.3501794898316732	0.3998267161939627	0.24999379397436422
0.3500249602307483	0.39971240459724355	0.2502626351720082
0.350055684576866	0.4001214070126184	0.24982290841051574
0.34965360461785017	0.4002159326229646	0.2501304627591853
0.3497357176287271	0.4001351673429622	0.25012911502831076
0.3496531641494985	0.4002458547289795	0.2501009811215221
0.3498183329382666	0.400171029513693	0.25001063754804054
0.3498277046498373	0.39990178490347056	0.25027051044669224
0.35006034362057126	0.39971983589414994	0.25021982048527885
0.3500745342576046	0.39968152387390216	0.25024394186849336
0.35007361263764913	0.3998364482921987	0.2500899390701523
0.3498714424305023	0.3996657347266698	0.25046282284282806
0.34993010873535696	0.3999924465084643	0.2500774447561788
0.34986510554533323	0.3999557729643498	0.25017912149031707
0.3498926622797341	0.39982124626291254	0.2502860914573535
0.35000218874925304	0.3997880239007207	0.25020978735002636
0.3498013131749032	0.3997977322582874	0.25040095456680955
0.34982824558337094	0.39973582304437905	0.2504359313722501
0.35010667554040115	0.4002010825349665	0.24969224192463246
0.34994460928860943	0.3997017498555972	0.2503536408557935
0.34973674337764143	0.40021509723586274	0.25004815938649594
0.3500140908633182	0.3996673368263369	0.250318572310345
0.35002230050266964	0.39966652928533314	0.25031117021199734
0.34972062544078786	0.4000873804834383	0.25019199407577397
0.3499686002808399	0.3996894274392098	0.25034197227995036
0.3496993565997509	0.39990488999170504	0.25039575340854425
0.34993862737163794	0.400132424067236	0.24992894856112619
0.3499547324059568	0.3996094923637452	0.25043577523029814
0.3496985532904865	0.4002844698187374	0.25001697689077623
0.3499657959476376	0.40021422387487304	0.24981998017748946
0.3496940098382094	0.39987508790856463	0.25043090225322606
0.3496996433667778	0.4003173469505014	0.2499830096827209
0.349967088278394	0.3998222731767886	0.2502106385448175
0.34968476940155896	0.4003360533625905	0.24997917723585067
0.34996054363373175	0.3998386530377655	0.2502008033285028
0.3498817870591503	0.3997270802379948	0.25039113270285507
0.34973240633939934	0.39987522028730366	0.2503923733732971
0.3499213427413672	0.3996432188447958	0.2504354384138371
0.34977581454579604	0.40018157163215046	0.2500426138220536
0.3497878063541973	0.4001652115402462	0.2500469821055566
0.35020467207371536	0.40002128774988266	0.24977404017640212
0.3500497954997367	0.4002659062519451	0.2496842982483184
0.3501893360392703	0.3996213164996357	0.25018934746109406
0.3497637779224624	0.3998418628846728	0.2503943591928649
0.3501708031531946	0.40013879434896843	0.2496904024978371
0.34967029273373573	0.39984622683856047	0.2504834804277039
0.3500158849551692	0.3997801430591775	0.25020397198565336
0.3496821814458035	0.39988150809983736	0.2504363104543593
0.3498787053182722	0.3999408531442442	0.25018044153748364
0.3498129185047012	0.4002039720347374	0.24998310946056157
0.35006875807058846	0.4001854917323367	0.24974575019707496
0.349743500702052	0.4000962633936639	0.25016023590428427
0.35012507009081195	0.4000706101202448	0.24980431978894338
0.349956742175209	0.40027394687029755	0.24976931095449356
0.3501546859988	0.4001155234082603	0.24972979059293982
0.3499751018091033	0.39977978806677383	0.250245110124123
0.3499037574831978	0.3995918075025972	0.25050443501420516
0.3498035331891579	0.3998734879393626	0.2503229788714796
0.3502069495427274	0.3997516109451983	0.25004143951207447
0.3501400646847329	0.39986186185642675	0.24999807345884043
0.34983879167142007	0.39961848443527276	0.2505427238933073
0.3496766560311043	0.4001629989560138	0.250160345012882
0.3498205588235749	0.399914038667954	0.25026540250847124
0.3498276879858428	0.40015668886373634	0.250015623150421
0.3502243837019153	0.3998353643851663	0.24994025191291852
0.34981394684733624	0.39972595049525467	0.25046010265740914
0.34981607688321603	0.4001177543084296	0.25006616880835447
0.34984360870442377	0.40012136647937235	0.250035024816204
0.3499855969749118	0.3999998461707971	0.2500145568542912
0.3498516046344721	0.39971098823889917	0.25043740712662876
0.34977083142297966	0.3999721852734399	0.2502569833035806
0.350214281783213	0.39980064333105203	0.2499850748857351
0.3499533388545956	0.39997049443675986	0.25007616670864463
0.3500109332846631	0.39954374167548845	0.25044532503984857
0.35003207113158463	0.3998194276547541	0.2501485012136614
0.34985037653848255	0.3997205114690746	0.250429111992443
0.349980335224673	0.3995918647468548	0.2504278000284723
0.34984908870414366	0.399961799124377	0.2501891121714794
0.3498747774563488	0.3995896414856663	0.250535581057985
0.3499393151560038	0.4000737437172514	0.24998694112674485
0.3498816785495573	0.4002371421947351	0.24988117925570769
0.3501222291547983	0.40011189618155946	0.24976587466364233
0.3501775993022549	0.3997626091199693	0.2500597915777759
0.3502097353351288	0.399547850251195	0.25024241441367634
0.350220803592551	0.39987348446644977	0.24990571194099942
0.35015140679823303	0.39998372312226327	0.2498648700795038
0.34977675125911484	0.39995574369027326	0.250267505050612
0.34981926029596633	0.3997177980941665	0.25046294160986726
0.35005342751350704	0.4001183116573518	0.2498282608291413
0.35003599770107774	0.39995136769103806	0.2500126346078843
0.3499020038822851	0.39972774075819273	0.2503702553595223
0.3499726619398203	0.4003249313472632	0.2497024067129166
0.3501698856895036	0.39960140544240375	0.25022870886809273
0.34971003517846005	0.40008222979358204	0.250207735027958
0.3498879111447717	0.40031790457521615	0.24979418428001227
0.3502005140500853	0.39979918492608735	0.2500003010238275
0.34980436568400497	0.39966478122555105	0.2505308530904441
0.34992883139443515	0.40011991088085397	0.24995125772471097
0.34985843450053056	0.39985636782067274	0.2502851976787968
0.3501295833706607	0.39990985488976866	0.24996056173957074
0.34992764939040705	0.39982559228704084	0.2502467583225523
0.3496943928042291	0.3997532145197773	0.25055239267599366
0.3502064993976474	0.3996676342007969	0.2501258664015558
0.35006305631926216	0.39999922094162754	0.2499377227391104
0.3497256647516491	0.40003658097671013	0.25023775427164086
0.3500355247737365	0.4001136617753387	0.2498508134509249
0.3498095081191224	0.3997171865266531	0.25047330535422463
0.35016342627926694	0.39955925782093565	0.2502773158997975
0.34990991558512735	0.40012163137743334	0.24996845303743942
0.34980829146276143	0.39996176242680637	0.2502299461104323
0.34991019442457355	0.39982569871385576	0.2502641068615708
0.34991085042566356	0.4001967736925435	0.24989237588179308
0.35006370443012336	0.39974501017248326	0.25019128539739355
0.3500008450836373	0.40029292430536895	0.24970623061099384
0.35022132992861954	0.399676741409024	0.2501019286623566
0.34980158895313884	0.3996613945201519	0.25053701652670934
0.35011192967729887	0.39981454420675694	0.2500735261159443
0.34987400315212536	0.39964003541361404	0.2504859614342607
0.34986676073289613	0.399619647953699	0.250513591313405
0.35010405667011707	0.40007962947184444	0.2498163138580386
0.34969380510823356	0.40015330192142295	0.2501528929703436
0.34965831521647855	0.40032275197874034	0.25001893280478116
0.3501725569860711	0.39970981979859843	0.2501176232153306
0.3501064364174722	0.4001053910442341	0.24978817253829386
0.3497305034175856	0.3998972032150548	0.2503722933673598
0.3497988305494091	0.3998476883501669	0.25035348110042416
0.34999835996471695	0.39968750596888913	0.250314134066394
0.35006732248050565	0.39974854362528434	0.2501841338942101
0.35002198764570314	0.3997479183168238	0.25023009403747315
0.34984081095010106	0.40028562418403174	0.24987356486586731
0.3500876256944289	0.39971569044460253	0.2501966838609686
0.3499763721014956	0.3999935171139696	0.2500301107845349
0.35014665453160904	0.3997682559506627	0.25008508951772834
0.34965093673370795	0.40007558089569395	0.25027348237059815
0.3499221738411239	0.3999621454248588	0.2501156807340174
0.34989004144865365	0.39971432394856743	0.250395634602779
0.3502254203767265	0.4001218851602562	0.2496526944630174
0.34997746797928597	0.3998006952944018	0.25022183672631226
0.3498044421164106	0.39977827860604526	0.2504172792775442
0.34984174393328604	0.399947219880959	0.25021103618575513
0.35015315705105604	0.4002035521391049	0.24964329080983913
0.3498276428689958	0.4003250764717706	0.24984728065923367
0.34987553313632	0.399653703393361	0.2504707634703191
0.35002142885239573	0.39958902842529587	0.2503895427223085
0.3497630690472654	0.40004399484738745	0.25019293610534726
0.3498330016677674	0.3997374655423401	0.25042953278989266
0.3502152584457721	0.399821942619581	0.249962798934647
0.35013744205157543	0.4000768509860193	0.24978570696240532
0.3496947982861398	0.4000510141271919	0.2502541875866684
0.3498505022936319	0.3999206150315033	0.2502288826748649
0.3497890795457962	0.39969217016138603	0.2505187502928179
0.35014352749981814	0.39968271876326966	0.2501737537369123
0.3500057872549343	0.4001598455924346	0.2498343671526312
0.34991837698433464	0.39992345216005626	0.2501581708556092
0.3499626561860988	0.3997771401342236	0.2502602036796777
0.34970985430701085	0.3999637357871366	0.25032640990585264
0.34972411033474493	0.39996692496691233	0.2503089646983429
0.34989402856140983	0.4002652919899369	0.2498406794486534
0.35002655963423945	0.4001929378914795	0.24978050247428107
0.34988144218173284	0.3997710425915673	0.25034751522669996
0.349852060378814	0.3998057525989064	0.2503421870222797
0.3498082463253894	0.3998721459194763	0.2503196077551344
0.3499931545427243	0.4003158615056284	0.24969098395164746
0.34998886342084096	0.39991657487992627	0.25009456169923294
0.35012979886245266	0.4001942369647671	0.24967596417278037
0.35013624137154103	0.3995888954673063	0.25027486316115277
0.34980112309081524	0.4000860222650765	0.25011285464410843
0.34994933367211334	0.40025399832319525	0.24979666800469152
0.34987631683379583	0.4000396031986554	0.2500840799675489
0.349822882385958	0.39985780929383175	0.25031930832021043
0.3499271968736394	0.39955363122815235	0.2505191718982083
0.3501828835421145	0.39982243538178	0.24999468107610565
0.3498008394267656	0.4001021587002712	0.25009700187296335
0.3500703229511784	0.39962307258307095	0.25030660446575076
0.3501248662461664	0.4000677980322073	0.2498073357216264
0.3500805277020589	0.4001884872697563	0.24973098502818486
0.35006865602038184	0.39984591753963583	0.25008542643998244
0.3499958717334068	0.399737217827538	0.2502669104390553
0.34998762192388916	0.39989749905668576	0.2501148790194252
0.35011410971613655	0.4001274816689746	0.24975840861488902
0.3498030657100407	0.3998152883834807	0.2503816459064787
0.34976285851035976	0.4001022530294476	0.25013488846019283
0.3500025734253533	0.4000432739426033	0.2499541526320435
0.3496680173441595	0.40017302616933864	0.250158956486502
0.34967379850701064	0.3997591393225934	0.25056706217039604
0.35005086502130217	0.4000042855773198	0.2499448494013781
0.3497821420402616	0.4002941732609348	0.24992368469880372
0.34998283512114925	0.3998581277550028	0.2501590371238481
0.34967186571669023	0.39993169908611614	0.2503964351971938
0.3502227759340757	0.40002838636623167	0.24974883769969275
0.3501540904547623	0.39995576414741996	0.2498901453978178
0.35018569277163225	0.39988945480316274	0.24992485242520515
0.3497969736111216	0.4001645557223198	0.2500384706665587
0.3497533164180666	0.4002208418225874	0.2500258417593461
0.3496621490311145	0.4002328259048946	0.250105025063991
0.34981585402536275	0.40010625089290147	0.25007789508173583
0.3500583998095119	0.4000434673676218	0.24989813282286638
0.34994969394063263	0.3996283540383219	0.25042195202104556
0.35010263699287725	0.40005136751684994	0.24984599549027292
0.34998059795707087	0.39994094242693967	0.25007845961598957
0.3499236586896316	0.40005340555799734	0.25002293575237117
0.3497930555578633	0.3998951002499908	0.250311844192146
0.3497832653893978	0.39970913278019227	0.2505076018304101
0.34972106333523467	0.3997107453907809	0.2505681912739846
0.35007431764607955	0.4000341790242622	0.24989150332965843
0.35006478643276806	0.4001406087714775	0.2497946047957545
0.3499300986406643	0.39954489005838917	0.2505250113009466
0.34968879646534357	0.39988549064666845	0.2504257128879881
0.34993167389880636	0.39993769557061887	0.2501306305305749
0.3497753899160019	0.3998014961307539	0.25042311395324435
0.3497133218994401	0.3997811025163872	0.25050557558417275
0.3497347852137972	0.4003433326160451	0.24992188217015782
0.35018651136706336	0.40008374720741907	0.24972974142551768
0.3496742138260592	0.3997551014133023	0.2505706847606387
0.34981677617910933	0.4000763736121637	0.2501068502087271
0.34992144590364427	0.39980211965575896	0.2502764344405969
0.3496751925853831	0.4000044722281534	0.2503203351864637
0.349720879870455	0.4002581879033711	0.250020932226174
0.35018971887964473	0.4000863107542333	0.2497239703661221
0.35007674781860454	0.4002829723727413	0.24964027980865425
0.3499061198355949	0.4002817018436146	0.2498121783207906
0.3500877884029216	0.4001338213882224	0.2497783902088561
0.35019485977047027	0.40011436194459565	0.24969077828493416
0.3501239020580377	0.3995952421150227	0.2502808558269397
0.35012142819152053	0.39962501593442235	0.25025355587405723
0.34972486317433343	0.3997154242489896	0.2505597125766771
0.34977975749769724	0.3997072015622576	0.25051304094004534
0.34984428368837744	0.4000915433616332	0.25006417294998945
0.3501570240913443	0.39970881219589777	0.25013416371275804
0.34984601182577985	0.399831025336855	0.25032296283736527
0.349925787530448	0.3999888775232847	0.2500853349462674
0.34989002951808484	0.3999243733095583	0.25018559717235694
0.34989055174794487	0.40016985327389243	0.24993959497816282
0.3501060768820662	0.3999211345809952	0.24997278853693872
0.35015799877838577	0.3997603455410944	0.25008165568051993
0.3499126345541139	0.3996907784988396	0.2503965869470466
0.35000003697946175	0.3997382402701677	0.25026172275037073
0.34998069667618853	0.4002470338736999	0.24977226945011166
0.3498950641829916	0.3999933101216412	0.25011162569536727
0.3500119368772029	0.4002932415859668	0.24969482153683042
0.3501040901843286	0.3995966956079807	0.2502992142076908
0.35002860413317033	0.39956404789370226	0.2504073479731276
0.34986542380084273	0.4002129489670009	0.24992162723215647
0.3500555446828072	0.3996036947273235	0.2503407605898695
0.34995458397015755	0.40001768993936704	0.2500277260904755
0.3500883859505466	0.40009802417921114	0.24981358987024235
0.3498790956289751	0.40032612572766624	0.24979477864335872
0.3499052948828805	0.3997172817523515	0.2503774233647681
0.3497148570781324	0.4001878648205779	0.25009727810128984
0.3500233157102363	0.40005388773645284	0.24992279655331093
0.3501628811267815	0.39980628926305767	0.250030829610161
0.3500063956672779	0.3996878331684151	0.2503057711643071
0.35016976332984723	0.40016429028614675	0.2496659463840061
0.3497944732375866	0.40028796080582124	0.2499175659565922
0.350014078920464	0.4002987851461058	0.24968713593343034
0.3500744527203894	0.3995543871927289	0.2503711600868818
0.3501258724464248	0.4001047142228153	0.24976941333076
0.34991447637918266	0.40032568071720714	0.2497598429036103
0.3498211558065874	0.4003000546975479	0.24987878949586473
0.34988549083256515	0.39984673540638094	0.250267773761054
0.34971023510470717	0.4000906195051327	0.25019914539016025
0.34991688299520923	0.3998162456961234	0.2502668713086674
0.34997568810422097	0.3998117180385899	0.25021259385718925
0.34968833021739576	0.3998174681154996	0.25049420166710473
0.34966707762454274	0.4000103265161084	0.2503225958593489
0.3497951215447379	0.39996542147495034	0.2502394569803118
0.3499484915028316	0.40026183966160533	0.2497896688355632
0.3498846393382457	0.3998507068154189	0.25026465384633545
0.34998252251563877	0.3996963689062245	0.25032110857813683
0.3499859165824801	0.40011536668118025	0.2498987167363397
0.3497913935185011	0.39967430469141585	0.2505343017900832
0.34999088489759156	0.4002830885122587	0.2497260265901499
0.35006852725938364	0.39996910811452835	0.24996236462608812
0.3499376642150725	0.3999520277082769	0.2501103080766507
0.35002400695664393	0.3997619658544433	0.2502140271889129
0.34980627701863903	0.39975572869292214	0.25043799428843894
0.3498171049774086	0.4001038946776635	0.250079000344928
0.35006416864438683	0.4002085600139398	0.2497272713416735
0.3497763350919901	0.4000131613459018	0.2502105035621082
0.3500012296732408	0.40009128682950296	0.24990748349725633
0.34988683929598463	0.39970874908514625	0.2504044116188692
0.3498952497870957	0.3997597666264753	0.25034498358642915
0.3498872742573079	0.3999638857316584	0.2501488400110338
0.34982067577525044	0.3998381781053079	0.25034114611944175
0.34993097712662347	0.40031354568543814	0.2497554771879385
0.3499805071636405	0.40027017782945484	0.24974931500690473
0.34966117328670304	0.39988603112646326	0.25045279558683375
0.34988705323439656	0.4003207818899042	0.24979216487569936
0.3498161226831993	0.3996133104076814	0.25057056690911944
0.3502034987801361	0.39993462245135564	0.24986187876850835
0.34975400226363373	0.3998566187865614	0.25038937894980495
0.34984400133147986	0.4002661800562039	0.24988981861231632
0.35001558294155016	0.3995628437241854	0.2504215733342646
0.3498654271116151	0.3996363785228969	0.25049819436548815
0.35010468248694143	0.3997928304626861	0.2501024870503725
0.3500335947777484	0.399664696913645	0.25030170830860676
0.34973352995312124	0.40010661687680804	0.2501598531700708
0.34994131012441276	0.40027741647960824	0.2497812733959791
0.34994949951296295	0.4002445020776646	0.24980599840937256
0.3496834254114264	0.399749907719903	0.25056666686867074
0.3498100556064656	0.3998713754733257	0.2503185689202088
0.3500107349498119	0.40025386092343607	0.24973540412675213
0.34983060568497093	0.39979345999239035	0.2503759343226388
0.34994455438093175	0.3998009510931455	0.25025449452592285
0.3499336430606845	0.40025827053212254	0.2498080864071931
0.34984548218515343	0.3995832799407791	0.2505712378740676
0.3499106140821301	0.40027981670202706	0.24980956921584294
0.3498002840304395	0.39995206475031186	0.25024765121924875
0.35008321850653806	0.39995816563860104	0.24995861585486098
0.34985938992277993	0.3997733332952117	0.25036727678200843
0.34975771322675925	0.4003251234597658	0.24991716331347508
0.3501681061406735	0.39980360553430594	0.25002828832502066
0.3497669895507519	0.39984320912771976	0.25038980132152844
0.3497035557904306	0.3999052454840624	0.2503911987255071
0.34974394237626405	0.3998601748518314	0.25039588277190467
0.3501972780871571	0.4001071579923726	0.24969556392047038
0.3498397874946151	0.400213163826968	0.24994704867841705
0.3501226334876068	0.3996375748233584	0.25023979168903493
0.3500362728706722	0.39963025813574954	0.25033346899357845
0.3498774644225455	0.3996475692476431	0.2504749663298115
0.35019071695413256	0.3995941212383002	0.2502151618075673
0.3499585284598885	0.3999428930923173	0.2500985784477943
0.3500036116533445	0.40020437042929685	0.2497920179173588
0.34996436365382766	0.39973459053944793	0.2503010458067245
0.350005266837347	0.40003971726807985	0.24995501589457325
0.3501184016178939	0.40010531492866075	0.24977628345344544
0.35015283218940485	0.3997093154857688	0.25013785232482644
0.3502172788492448	0.39964035443110196	0.25014236671965334
0.3501748715693684	0.40015067971498763	0.24967444871564404
0.34997757971736565	0.4003262822247798	0.2496961380578547
0.3498218593791448	0.40026409732823637	0.24991404329261896
0.34969564341333437	0.3999821316413882	0.25032222494527756
0.34979507181770336	0.40025591091655216	0.2499490172657446
0.3500250553025261	0.40024250826409924	0.24973243643337475
0.35014796686384303	0.3996782764981639	0.2501737566379931
0.34996301108581074	0.39974742297599253	0.25028956593819685
0.3500098234071701	0.3997551821795002	0.2502349944133298
0.35014896137922935	0.39987041346831	0.24998062515246083
0.3499554462180199	0.3996048427893325	0.2504397109926477
0.3499130881472998	0.3996207051679169	0.2504662066847833
0.3497738414508479	0.4000707624797284	0.25015539606942383
0.349697395034325	0.4000795945643854	0.2502230104012897
0.34991312793415186	0.400203091929454	0.2498837801363942
0.34982588347572197	0.40033125832812416	0.24984285819615398
0.34982316653389234	0.4001173931198531	0.25005944034625466
0.3499621026868973	0.3996498503499103	0.2503880469631925
0.3496639102909946	0.3997940344127541	0.2505420552962514
0.35012882308238014	0.40019511561393833	0.24967606130368164
0.3501866396099671	0.39971495439735316	0.25009840599267985
0.3497866570755829	0.4002883073923903	0.24992503553202697
0.3497911810847139	0.3999328195321089	0.2502759993831773
0.3497473530235419	0.4002553832969466	0.24999726367951164
0.35014441354660303	0.39998311965682615	0.24987246679657094
0.3496833901298847	0.39998896408039875	0.25032764578971667
0.34976068328600235	0.40012246415334773	0.25011685256065
0.3499751857292829	0.4002403332609503	0.2497844810097669
0.3500263269205021	0.39988660965236006	0.250087063427138
0.35008876315472837	0.39997868024803684	0.24993255659723487
0.3498071509092602	0.40026433377982673	0.24992851531091315
0.3498446819507166	0.4001382236542461	0.2500170943950374
0.3498249967828418	0.400065297542315	0.2501097056748433
0.35002820404366797	0.39991704786587656	0.2500547480904556
0.3501509403781062	0.3996507706251638	0.25019828899673013
0.3496655389454591	0.4003138009548844	0.2500206600996566
0.3500325255229206	0.40032635987449694	0.24964111460258256
0.34980286027354324	0.40011680432703334	0.2500803353994236
0.35022096782684764	0.39976303368976096	0.2500159984833915
0.34976147241395156	0.39995101098470254	0.250287516601346
0.34987560791528394	0.3996999647691204	0.2504244273155958
0.3497914442557886	0.399668855923523	0.25053969982068847
0.3496728391443306	0.3999303489096225	0.250396811946047
0.35013382712900876	0.39977645008102003	0.2500897227899713
0.3499962905224602	0.39975363014337245	0.2502500793341675
0.34983986278729673	0.4003297620369588	0.24983037517574452
0.3499974540339818	0.3998578278391951	0.2501447181268232
0.3500872004498663	0.39981670681683157	0.25009609273330224
0.34965989317547225	0.40027254332193507	0.2500675635025928
0.34995507421222394	0.3997821432461106	0.25026278254166556
0.3497454003027026	0.4002313908860862	0.2500232088112112
0.3496493116855742	0.40000340054625316	0.25034728776817267
0.3501048504659222	0.40023729491615656	0.24965785461792134
0.3500493685817774	0.3995510166014746	0.2503996148167482
0.34987467743071815	0.3996193841812043	0.25050593838807766
0.3500297824979907	0.39967999273791116	0.25029022476409823
0.3500924968754607	0.40015585435823053	0.2497516487663089
0.3501173710241418	0.4000016165241882	0.2498810124516701
0.3499636201212597	0.3997063055024902	0.2503300743762502
0.3499381997482093	0.4001387528637658	0.249923047388025
0.3499126085431481	0.40012904425553536	0.24995834720131663
0.349829815467533	0.39982754511365337	0.2503426394188137
0.3501248941917285	0.3996762766295356	0.25019882917873604
0.3498400258639227	0.39992255463216586	0.25023741950391154
0.34994181640614935	0.3997793832955258	0.25027880029832494
0.34988571375113553	0.4000653470615361	0.25004893918732846
0.3500341199285765	0.40018681371526876	0.24977906635615482
0.34964441520898915	0.3998404225548938	0.25051516223611714
0.3498190641565939	0.40018526478945937	0.2499956710539468
0.3502212121437527	0.39987025586525526	0.2499085319909921
0.35008912756750776	0.40003254116280984	0.2498783312696825
0.34976985929944954	0.4000241263043706	0.25020601439617995
0.34979296462567333	0.3996710617102022	0.2505359736641246
0.3499597678996006	0.4003165738899118	0.24972365821048773
0.34984177114670356	0.4000079037768739	0.25015032507642265
0.3500265287930761	0.40031890643044327	0.24965456477648074
0.3497229805221968	0.3997967052249908	0.2504803142528125
0.3498795891075009	0.4002725770323107	0.24984783386018852
0.34970477935664424	0.40026959185887817	0.25002562878447776
0.35014914155471727	0.3995442961942099	0.25030656225107295
0.35011331671684054	0.39984118771618793	0.2500454955669717
0.34970685657828227	0.3997553175730218	0.250537825848696
0.3500441275013751	0.3998618002755552	0.2500940722230699
0.3498213867800851	0.39983882110060975	0.25033979211930524
0.35000730903377547	0.40003957635457943	0.24995311461164524
0.35012977110829635	0.39965523859516305	0.2502149902965407
0.34968532489544213	0.40023342031051307	0.2500812547940449
0.34987587716265484	0.4003219048227994	0.24980221801454586
0.3497710165750757	0.3997540069139492	0.2504749765109752
0.3498309559354252	0.3997781827948439	0.25039086126973104
0.34971252979343687	0.40029444223032923	0.24999302797623404
0.3499215929819208	0.3997864299834001	0.2502919770346792
0.350157141568671	0.4000574949505219	0.2497853634808072
0.3498630851260827	0.39999613040753634	0.25014078446638105
0.3497763526591071	0.40012656995323936	0.25009707738765363
0.3497172376150449	0.39994737506034483	0.25033538732461036
0.3499312709506298	0.39996866076407156	0.25010006828529874
0.35015225549187484	0.39965434371360287	0.25019340079452246
0.3499360711213583	0.40028353956056806	0.24978038931807375
0.3497523878924907	0.4000270267391115	0.250220585368398
0.3498926289987181	0.4002625260700201	0.2498448449312619
0.35003962851561926	0.3998787147193769	0.250081656765004
0.3499658277396966	0.3998736493573314	0.25016052290297214
0.349690684108127	0.4003425184329689	0.24996679745890424
0.34990899511978024	0.4000883452959034	0.25000265958431644
0.3499339990778025	0.39964991788629	0.25041608303590757
0.34998394273354627	0.4002358204676175	0.24978023679883637
0.3502233051030254	0.39963387220582813	0.25014282269114657
0.3500837510341367	0.39976489800274184	0.2501513509631215
0.35002805647046686	0.4001246878642586	0.24984725566527463
0.34964759407406154	0.4000383190709289	0.25031408685500967
0.3502074540945205	0.39991460398181294	0.2498779419236667
0.3501645343687855	0.399833214387268	0.25000225124394665
0.3501275877683343	0.3997611919933568	0.25011122023830906
0.35001975848768524	0.40017866937926766	0.24980157213304718
0.35013474383436705	0.3997022516940454	0.2501630044715877
0.34994069413092993	0.39963643478308514	0.25042287108598504
0.3496557419265856	0.4003102407343376	0.25003401733907693
0.35004689018906826	0.39988224332427313	0.2500708664866587
0.35008580468565464	0.40025481914915884	0.24965937616518663
0.34986106014158175	0.40033450345656135	0.24980443640185698
0.3500169478296367	0.4001827732671953	0.24980027890316814
0.3499885065408616	0.400238410489569	0.24977308296956952
0.35021616993378046	0.3995465542608096	0.2502372758054101
0.3496994828363931	0.39981503837425864	0.25048547878934835
0.3502128392470427	0.39991063072248	0.24987653003047738
0.3496511418363931	0.4000002976038239	0.25034856055978316
0.3498884292678499	0.4002440586750511	0.24986751205709906
0.34973431906468244	0.40032945288000854	0.24993622805530907
0.34968548063045657	0.39988128120524824	0.2504332381642953
0.3497041746438191	0.3998024845263652	0.2504933408298158
0.34982852483762	0.4001747543092536	0.24999672085312652
0.3498146490355031	0.39974877057552016	0.25043658038897687
0.3499942122322279	0.4000865339842613	0.24991925378351096
0.349917734775896	0.39982576370230516	0.25025650152179896
0.3500685976542322	0.4000977306255027	0.24983367172026522
0.35003292304001044	0.3999765711602641	0.24999050579972565
0.34998566833645367	0.4000785569856116	0.24993577467793482
0.3499227452371166	0.3996918321446835	0.2503854226182
0.35002350852931313	0.4003016234834722	0.2496748679872148
0.35012471094258074	0.40014251573301146	0.2497327733244079
0.34968567751701835	0.4000156344460081	0.25029868803697375
0.35018452579035153	0.39983576880245486	0.24997970540719378
0.34971585106888115	0.4003165770494084	0.2499675718817106
0.35014186597846775	0.4001504816557593	0.24970765236577303
0.3499682466489301	0.3996941577403301	0.2503375956107399
0.3499666261098834	0.399706688666171	0.25032668522394574
0.3498215668630868	0.4003143483012622	0.2498640848356511
0.34993775003085886	0.3998577836772801	0.2502044662918611
0.3501435544017775	0.3998107950710413	0.2500456505271813
0.3497270067448154	0.40028598929702286	0.2499870039581619
0.35010406345643136	0.40017985121339295	0.2497160853301758
0.3498961370240591	0.3996725531727566	0.25043130980318445
0.35010162858223304	0.4000073012075237	0.24989107021024337
0.3501342033702431	0.4001961438466667	0.2496696527830904
0.35008975655964353	0.39983254148699454	0.25007770195336204
0.34990692336541845	0.4001290523230509	0.24996402431153072
0.35020696774157933	0.39992037579729556	0.24987265646112522
0.35008331288081607	0.39968014091864257	0.2502365462005415
0.34999651904322343	0.3998118528566701	0.25019162810010664
0.35019670115606005	0.39971412189261624	0.2500891769513238
0.3499853174379253	0.40002110462490514	0.24999357793716961
0.3499403463949296	0.3995465648100778	0.2505130887949928
0.34968714507810394	0.39980693906680287	0.2505059158550933
0.35001996993957823	0.3997654131361721	0.2502146169242498
0.3500500024063079	0.3997056045445538	0.2502443930491384
0.35001577088829083	0.4002447946270163	0.249739434484693
0.34966071702965934	0.40030207390671235	0.25003720906362836
0.34995104820949685	0.3999509072828784	0.25009804450762485
0.35006333817386975	0.4001198605428508	0.24981680128327954
0.34964654084116703	0.4001435273312014	0.2502099318276317
0.3501897283681281	0.39994953639643854	0.24986073523543345
0.34975695435281556	0.4000910485844956	0.2501519970626889
0.3499740512175027	0.3999642683984195	0.2500616803840779
0.3498107316822173	0.39987084603220624	0.2503184222855766
0.3498738889267465	0.40020162374056234	0.2499244873326913
0.3499093339931648	0.3998154242919133	0.250275241714922
0.3496956025386214	0.40018186059762895	0.25012253686374974
0.3497373088845411	0.40005315881102743	0.2502095323044316
0.34977131877802803	0.4002153459157798	0.2500133353061923
0.349992922806818	0.3997431756844813	0.2502639015087008
0.34970806815924405	0.3998841839565857	0.2504077478841703
0.3499748262106246	0.3996258147476212	0.2503993590417543
0.3499815636748315	0.399571868274949	0.2504465680502196
0.3498099370123574	0.40009629373951866	0.25009376924812404
0.35007252064185485	0.40025276613464855	0.2496747132234967
0.3497532103763306	0.3997400086889985	0.250506780934671
0.35021115134030045	0.39973130210589547	0.2500575465538042
0.34969584085728034	0.39997429330258005	0.2503298658401397
0.34996818038533173	0.39980851013431007	0.2502233094803583
0.35001964629869786	0.4002013162834157	0.2497790374178866
0.34998397533000997	0.4003060694208115	0.24970995524917872
0.350190757800293	0.39995430439544866	0.24985493780425844
0.3499024400002186	0.40030488378186957	0.24979267621791196
0.3500237881785855	0.4001317907888937	0.2498444210325209
0.349704450691415	0.4002155655181385	0.25007998379044666
0.3496970835624492	0.39982636391536974	0.2504765525221812
0.34987482364480993	0.3998714776292972	0.25025369872589304
0.35014308407019484	0.3996095711266737	0.25024734480313154
0.34999606945506645	0.4002721776805012	0.24973175286443244
0.34975073212162033	0.4002738381777836	0.24997542970059616
0.349841058288102	0.39962143158447705	0.2505375101274211
0.3497303227229422	0.400335618784461	0.24993405849259692
0.34975847314998576	0.4000394893667468	0.25020203748326747
0.34970105673762775	0.4000543489225385	0.2502445943398338
0.34988086513095246	0.39967928932695257	0.2504398455420951
0.34968852596360855	0.4003127861687357	0.24999868786765583
0.34993070014120403	0.40012308565556143	0.24994621420323465
0.34985404872689163	0.40028660843333763	0.24985934283977082
0.35012848436924027	0.39994803737288515	0.2499234782578747
0.34989392963157895	0.4000359640201403	0.25007010634828086
0.35015298074856427	0.4000211922912378	0.24982582696019806
0.35018175852747113	0.3999382279062952	0.2498800135662338
0.35018093962305336	0.39980348574868185	0.2500155746282649
0.34966250050811354	0.39980556413247503	0.25053193535941154
0.34981066892068624	0.40030609187560084	0.24988323920371308
0.3499139498087799	0.4001640169399654	0.24992203325125484
0.34964811526316864	0.39983140481189283	0.25052047992493864
0.35001642137687883	0.4001107568647498	0.2498728217583715
0.3501867655444843	0.3998008405399752	0.25001239391554064
0.3497413131228198	0.4001213811857499	0.25013730569143033
0.35020526483516934	0.399642102520683	0.25015263264414783
0.35019869988849917	0.3999942708043021	0.24980702930719884
0.34997289582944613	0.39981075456575643	0.2502163496047976
0.35007355791285333	0.39961660838911783	0.2503098336980289
0.3497831448181117	0.39984400966053885	0.25037284552134953
0.3502133362934644	0.39990174262021305	0.24988492108632268
0.3497011649306424	0.3997417761497878	0.2505570589195699
0.34991489200848835	0.4002895091154926	0.24979559887601915
0.34976510822306284	0.40008281433769033	0.25015207743924694
0.34968562926303465	0.40012766089911755	0.25018670983784785
0.3500672212361088	0.3997285393419281	0.25020423942196324
0.349920024644227	0.4002518221872103	0.24982815316856283
0.3497660369218382	0.4000218288697981	0.2502121342083638
0.3501254184268754	0.3998296577400148	0.25004492383311
0.34983792248338974	0.3999128826618869	0.25024919485472347
0.35001438099235443	0.400334785891428	0.24965083311621764
0.3501970861020187	0.40007530526194907	0.24972760863603233
0.3496661291132544	0.39988668128741756	0.2504471895993282
0.3498868809054647	0.40031784824880856	0.2497952708457269
0.3499913608653031	0.39980860146395325	0.2502000376707437
0.3500377024661107	0.3997218307048295	0.25024046682905987
0.3500327190521118	0.3999086288539443	0.25005865209394407
0.34984920950307885	0.3997332609379296	0.25041752955899166
0.35011932245078525	0.3999377490445519	0.24994292850466293
0.34984939099758267	0.3997673073139958	0.25038330168842166
0.3496626388366918	0.4002958538143227	0.2500415073489856
0.34996927230892366	0.40012486988929474	0.2499058578017817
0.3497121390879284	0.4000987529760155	0.25018910793605614
0.34995875675154664	0.3996508105050798	0.2503904327433737
0.35001488503048095	0.3999646839439266	0.25002043102559257
0.34997885807644163	0.4003114309150384	0.24970971100852005
0.3501893803745165	0.39999231305732996	0.24981830656815365
0.3498599099162375	0.3997664229610424	0.25037366712272013
0.3499454576920025	0.3998432906752174	0.25021125163278024
0.3499669265642314	0.39992071184797395	0.2501123615877948
0.34969336359592407	0.40034417435984726	0.24996246204422876
0.34994597842868114	0.4002417727338585	0.24981224883746045
0.3501422970946284	0.3997198371103435	0.2501378657950283
0.3500090627312719	0.3999168532090163	0.2500740840597119
0.3498977506354876	0.3997928963956886	0.2503093529688239
0.34995641616496714	0.39974182664359637	0.25030175719143655
0.3501190403972403	0.39995352867515255	0.24992743092760722
0.3499223986207501	0.4000213187608641	0.25005628261838597
0.34982259872384913	0.39965764291116923	0.2505197583649817
0.34976733068653454	0.4000378688850583	0.25019480042840725
0.3499062242657818	0.3996397895030515	0.2504539862311668
0.34989891317624305	0.3995632116689487	0.2505378751548083
0.34999857841162324	0.4002659837496676	0.24973543783870927
0.35011314806071936	0.39961476832558396	0.2502720836136968
0.34974052024096175	0.4001988547997081	0.25006062495933024
0.35010824287761555	0.40013176036722364	0.24975999675516092
0.3500991708759234	0.4000388262554291	0.2498620028686476
0.3497955548458874	0.40011459670445815	0.25008984844965454
0.349761229138876	0.3996850396156164	0.2505537312455077
0.34986592905996344	0.3997864729157889	0.2503475980242478
0.3500148872719318	0.39956176213288763	0.25042335059518067
0.3500265666962927	0.39989123466364157	0.25008219864006587
0.350104157373254	0.3997545066987108	0.25014133592803534
0.3502109538400716	0.39973508151780734	0.25005396464212115
0.34985403462940773	0.39978833178210393	0.25035763358848845
0.3499703962006997	0.4002068444360429	0.24982275936325757
0.3498372120263045	0.40015889103554403	0.25000389693815156
0.34993630178704926	0.3996643609780214	0.25039933723492946
0.3498369005865132	0.40018089646025595	0.24998220295323098
0.34983398415458516	0.4001044376237345	0.2500615782216805
0.34987193828613117	0.4000456648813226	0.2500823968325464
0.3498559183376403	0.40021510332726196	0.24992897833509786
0.34979722466501595	0.4001411120986169	0.25006166323636725
0.34990793148890814	0.3997068331883491	0.25038523532274287
0.3502084100526429	0.3999751688054015	0.24981642114195562
0.34987389806888347	0.3998407984052741	0.25028530352584255
0.34979509798751507	0.40020945397259144	0.2499954480398936
0.350170406562531	0.39965721182568137	0.25017238161178773
0.349683779091766	0.3998457292296416	0.2504704916785925
0.35001939512974456	0.4000215557104239	0.2499590491598316
0.34972559634397904	0.40034673303844914	0.24992767061757193
0.3497610476098129	0.4002405450505227	0.24999840733966447
0.34969599916593413	0.3997585109160454	0.2505454899180205
0.3501592088321296	0.3997471300374368	0.25009366113043374
0.3500716182042939	0.3997768766364748	0.2501515051592314
0.35008329702425267	0.39954444669161615	0.2503722562841313
0.35007530646009194	0.3999818417577553	0.24994285178215286
0.3498861100913591	0.39971334937506064	0.25040054053358035
0.349702141066302	0.3999188564663553	0.2503790024673428
0.3499170652201271	0.4003043061104805	0.24977862866939246
0.34979219023251956	0.39984335430317763	0.2503644554643029
0.35006568557049145	0.3997239501734598	0.2502103642560488
0.34997987876301984	0.3999184620143517	0.25010165922262856
0.34997848972799084	0.3998953148497544	0.2501261954222549
0.3499220028449138	0.39989439532769544	0.25018360182739086
0.3497671032388048	0.399663520719097	0.25056937604209834
0.34998901400933624	0.4000066118701543	0.2500043741205096
0.3500661771532914	0.39993157900958165	0.2500022438371271
0.34995249671335316	0.39975628961196785	0.25029121367467905
0.34969631314007277	0.4001735082393135	0.2501301786206138
0.34982577006327564	0.4003022324409014	0.2498719974958231
0.34997278438109986	0.3997218819261735	0.2503053336927268
0.3498246108021495	0.40021981271089035	0.24995557648696026
0.3497169773663131	0.3999712036642652	0.25031181896942184
0.3500874115778802	0.39957695174980934	0.25033563667231057
0.3500922830105853	0.3997617708695904	0.2501459461198244
0.34986995559289824	0.4001299854139496	0.25000005899315225
0.3498231217053216	0.40008173058612745	0.25009514770855107
0.3497563357409501	0.40010549915890314	0.25013816510014686
0.3499413702313203	0.40021360293432573	0.2498450268343541
0.3501519323346956	0.40002516466298466	0.24982290300231985
0.34994573919826083	0.4000149198111209	0.25003934099061836
0.35002773573332785	0.4001996175115674	0.24977264675510485
0.34985607258960333	0.4002098547623819	0.24993407264801487
0.3499108121853061	0.3995764993372124	0.2505126884774816
0.3497250799313671	0.39978577190048953	0.2504891481681435
0.35012922845544214	0.3998616297132565	0.25000914183130146
0.34997080022529903	0.3998977809489895	0.2501314188257116
0.3496846340426718	0.39987212929552673	0.25044323666180157
0.3499044057692236	0.3998613529631063	0.25023424126767024
0.35002335481457586	0.3996208707915911	0.25035577439383316
0.35014252935054	0.3996882763189455	0.25016919433051454
0.35008181314712117	0.4000024727294196	0.2499157141234594
0.34966488604128254	0.3999996250136091	0.2503354889451085
0.3497626351834998	0.39971142799282905	0.25052593682367125
0.34968754825400594	0.3998341292815723	0.2504783224644218
0.3501379735862824	0.400172052526862	0.2496899738868557
0.34991939664679017	0.3998500078306375	0.25023059552257243
0.3498452960933914	0.39976735342214553	0.2503873504844632
0.350123133655215	0.39986890510285666	0.25000796124192837
0.35004983578609666	0.3996086987547518	0.2503414654591516
0.3501641297368295	0.39994886860369433	0.2498870016594763
0.34972689883346436	0.40010487700073766	0.2501682241657981
0.35006419085244267	0.40009202232013413	0.2498437868274233
0.34972005095423886	0.40001192642585354	0.2502680226199077
0.3501580023441071	0.39956677158471116	0.2502752260711818
0.34993739182099237	0.40010864931182705	0.2499539588671807
0.3499413458622587	0.39960390369895943	0.25045475043878196
0.3499552812701251	0.40006347490870503	0.24998124382116996
0.34994145959563644	0.4001936167064617	0.24986492369790203
0.35014355797547025	0.4001868922272814	0.24966954979724848
0.3501906575696989	0.40012020026408585	0.24968914216621532
0.3497541012928477	0.39990366879341593	0.2503422299137365
0.3498597934993628	0.3998225896791238	0.2503176168215135
0.3500135949816458	0.40027561458006344	0.24971079043829086
0.35005496972232275	0.3998648203521343	0.25008020992554314
0.34968045296900235	0.4000218306713268	0.25029771635967096
0.3498183743974245	0.39999453827495285	0.25018708732762274
0.3502065899502392	0.39977232278933106	0.25002108726042993
0.3501330378520334	0.4001088839102702	0.2497580782376964
0.3497883317716716	0.4003215414470327	0.24989012678129582
0.3497727061152459	0.40009896840404985	0.25012832548070435
0.3501132748730037	0.40006633718206686	0.2498203879449296
0.3501080058401148	0.3999405568201526	0.24995143733973266
0.34999387797378356	0.4002693244701213	0.24973679755609526
0.3500980746987836	0.40013128966197753	0.24977063563923896
0.34972535253382186	0.40010712792542674	0.2501675195407515
0.3500639766759329	0.40023306096969946	0.24970296235436773
0.34979429202013634	0.3998878197558216	0.25031788822404216
0.35012360476898907	0.40021861095072897	0.24965778428028207
0.35003536905569654	0.3998095794095993	0.25015505153470424
0.34992667817448403	0.3999906119732418	0.2500827098522742
0.35018955293083626	0.39991324696444674	0.24989720010471708
0.3498814600678052	0.4002054197722712	0.24991312015992367
0.35022718559771193	0.39983518259822415	0.24993763180406406
0.34994243780924694	0.3996373107675495	0.25042025142320373
0.35005981809007464	0.3997489691048209	0.2501912128051046
0.35008785489257876	0.4000936303099347	0.24981851479748665
0.3497498928180849	0.4002605158906764	0.24998959129123885
0.34972223250433787	0.3998341400052761	0.2504436274903861
0.35000817774418735	0.3997579118916326	0.2502339103641802
0.3499074998339723	0.4003447127098665	0.24974778745616133
0.3496890813971807	0.399773567046791	0.2505373515560284
0.35017697452150653	0.39985223808013226	0.24997078739836126
0.34984462084125756	0.40019984235528544	0.24995553680345708
0.35011184484209656	0.3997906614093626	0.25009749374854096
0.3501171621570408	0.4001784300944149	0.2497044077485444
0.35008738994050276	0.3995890770553486	0.2503235330041488
0.35016672533926435	0.40003605301251954	0.2497972216482162
0.3499730893132625	0.40021390898079984	0.2498130017059378
0.350154341321291	0.4000751077484906	0.2497705509302185
0.3497861868085759	0.40013707867413983	0.2500767345172843
0.3499836610436238	0.39983723453785525	0.2501791044185211
0.3497776322542132	0.39968046182477635	0.2505419059210106
0.3499534038194106	0.39964090685144593	0.2504056893291436
0.3496734495641236	0.400235586414424	0.2500909640214524
0.3498364613369976	0.40023666720672196	0.24992687145628056
0.3500540357953035	0.3998984444284292	0.25004751977626744
0.3497018007645707	0.4002588373902438	0.2500393618451856
0.35007987420804076	0.4001052421403434	0.24981488365161594
0.3500805100833611	0.40013564391714185	0.24978384599949713
0.3497325800817213	0.39972483789801794	0.2505425820202609
0.34997509739806615	0.3997536755690447	0.2502712270328893
0.35000310037683646	0.4000087558965374	0.24998814372662623
0.3501625279488557	0.39975331907865325	0.25008415297249115
0.3497942102457251	0.40024821121884496	0.24995757853543007
0.3497315351785213	0.3999412539668673	0.2503272108546115
0.3500214673814104	0.3998392641274623	0.25013926849112744
0.35009961076370044	0.39965604137827554	0.2502443478580242
0.3500545281103419	0.40014570196625465	0.24979976992340364
0.34979611883776435	0.40027721124941945	0.24992666991281626
0.35015139244327237	0.39986410280539947	0.24998450475132827
0.349745365030559	0.400071886778994	0.2501827481904471
0.3499721136291889	0.3996192804063761	0.25040860596443515
0.3502232301621604	0.40005337192482354	0.24972339791301615
0.35018587339510937	0.4000243770756652	0.24978974952922553
0.34965652721535107	0.399973373187835	0.25037009959681406
0.3500431739348218	0.40006257690682545	0.24989424915835284
0.3499340861434444	0.3997504451115139	0.2503154687450418
0.34975621915534794	0.3999738623854552	0.250269918459197
0.3499046771700826	0.39995764188804844	0.25013768094186906
0.34997064202940653	0.39981714164840954	0.25021221632218404
0.34993077349926627	0.4002954809834451	0.24977374551728876
0.3497457764030087	0.4001145967964097	0.2501396268005817
0.35004840502044904	0.3997025777135159	0.25024901726603516
0.35003336694809356	0.4000717583535389	0.24989487469836769
0.34981143854473	0.3999634395171681	0.250225121938102
0.3499342634806026	0.3999208634144592	0.2501448731049384
0.3500980955008287	0.3998105274052422	0.25009137709392915
0.3497820434002225	0.4000439283413724	0.2501740282584052
0.35020464746330976	0.3999678824389217	0.24982747009776868
