0.5450375934924997	0.4549624065075
0.5454441402043528	0.45455585979564683
0.5453093521151169	0.4546906478848828
0.5455484773273286	0.4544515226726711
0.545424300643542	0.4545756993564577
0.5455877317854567	0.4544122682145429
0.5457104775141877	0.45428952248581195
0.5456113837063362	0.4543886162936635
0.5450815718166894	0.45491842818331035
0.5451393477335996	0.45486065226640005
0.545343679472523	0.4546563205274766
0.5450949198755052	0.45490508012449454
0.5456163177295357	0.454383682270464
0.545755312093706	0.45424468790629363
0.5455217360017637	0.45447826399823593
0.5457938484686264	0.45420615153137317
0.5456399643822505	0.4543600356177492
0.5454801349223384	0.45451986507766134
0.5457511007637931	0.4542488992362066
0.5452175821356992	0.4547824178643005
0.5452017216746036	0.4547982783253961
0.5452644228657361	0.45473557713426366
0.5452320987552592	0.4547679012447404
0.5450416558717304	0.4549583441282693
0.5457610928791616	0.454238907120838
0.5452370406628139	0.4547629593371858
0.5453384808199662	0.45466151918003356
0.5458609849910497	0.45413901500895
0.5450594590921306	0.45494054090786906
0.5457076892430389	0.4542923107569608
0.5457595480449424	0.45424045195505725
0.5456843830045862	0.4543156169954134
0.5455254504998	0.4544745495001997
0.5456178331089865	0.45438216689101324
0.5457334159701603	0.45426658402983927
0.5457152353555701	0.4542847646444296
0.5454382413203045	0.4545617586796951
0.5452915466344221	0.4547084533655776
0.5451955813171201	0.4548044186828796
0.5457502533265367	0.45424974667346296
0.5453105539500063	0.45468944604999334
0.5454804046411066	0.454519595358893
0.5456177448389622	0.4543822551610375
0.5451068947167375	0.4548931052832622
0.5453956438212954	0.4546043561787043
0.5456649002329204	0.45433509976707936
0.5457812737392441	0.4542187262607556
0.5458081633648909	0.45419183663510876
0.5456839935789737	0.45431600642102604
0.5452644832615431	0.4547355167384566
0.5454309412035352	0.4545690587964644
0.5453885768138136	0.45461142318618614
0.5458799152695984	0.4541200847304012
0.545085432218102	0.45491456778189765
0.5450882182636294	0.4549117817363703
0.5453217156702732	0.4546782843297264
0.5454613166736685	0.4545386833263311
0.5456289818057026	0.45437101819429704
0.5453439147749711	0.4546560852250286
0.5451091556718438	0.4548908443281558
0.5451985579455356	0.4548014420544641
0.5451310947278362	0.4548689052721635
0.545585980948567	0.4544140190514327
0.5455817791259949	0.4544182208740047
0.5453923730406814	0.4546076269593182
0.5458946242186502	0.45410537578134946
0.5451419153926114	0.45485808460738825
0.5456886161368819	0.45431138386311776
0.5452378670246266	0.45476213297537305
0.5451966089911181	0.4548033910088815
0.545179773657725	0.4548202263422747
0.5453467780932784	0.45465322190672136
0.5458604703564829	0.4541395296435167
0.5452013245415557	0.45479867545844405
0.5456649124061775	0.45433508759382213
0.5452805730675452	0.45471942693245443
0.5456173904334576	0.4543826095665421
0.5455064895102749	0.45449351048972475
0.5451623249271329	0.45483767507286677
0.5457315847116362	0.45426841528836354
0.5450583444852968	0.4549416555147029
0.5451585279566709	0.45484147204332875
0.5451759396862351	0.45482406031376454
0.545667261019092	0.4543327389809077
0.5450833523601053	0.45491664763989437
0.5452278529018925	0.4547721470981072
0.545803987064753	0.4541960129352467
0.5457713397130235	0.45422866028697617
0.5452270203102293	0.4547729796897704
0.5453115942815555	0.45468840571844416
0.5456034126962443	0.4543965873037553
0.545151207625304	0.4548487923746956
0.5457502583215096	0.45424974167849014
0.5457626601376979	0.4542373398623018
0.5456068607739328	0.4543931392260669
0.5454858693153293	0.45451413068467045
0.5458738016566321	0.45412619834336754
0.545330237863001	0.45466976213699867
0.5453230023949739	0.4546769976050257
0.5453599514122439	0.4546400485877557
0.5455470909697749	0.4544529090302247
0.5451204718863719	0.45487952811362775
0.5458005580246199	0.4541994419753798
0.5455559231310121	0.4544440768689876
0.5456199181850638	0.45438008181493583
0.5450742786176632	0.4549257213823365
0.5458774383422338	0.4541225616577659
0.5456275467282682	0.45437245327173154
0.5451933606285609	0.4548066393714387
0.5455204925233912	0.45447950747660854
0.5453237525952106	0.45467624740478907
0.545700091499531	0.45429990850046864
0.545190240375679	0.45480975962432063
0.5451937560764227	0.454806243923577
0.5452890660953008	0.45471093390469886
0.5457454486691676	0.454254551330832
0.5452964917818379	0.4547035082181617
0.5454011499654932	0.45459885003450656
0.5457973005451914	0.4542026994548083
0.5456488164158078	0.45435118358419185
0.5458444055672418	0.4541555944327579
0.5453885758364287	0.4546114241635709
0.5458611243127527	0.4541388756872469
0.5456046574335853	0.4543953425664144
0.5450458623785074	0.4549541376214922
0.5451841930726964	0.4548158069273032
0.5453183089823975	0.45468169101760214
0.5450527336632741	0.4549472663367256
0.5451523202242556	0.45484767977574403
0.5451854025725618	0.45481459742743796
0.5451002586217775	0.4548997413782222
0.5456964129890873	0.4543035870109124
0.5452311100875072	0.4547688899124924
0.5453763822272812	0.45462361777271837
0.5452052415814339	0.45479475841856576
0.545095128603365	0.4549048713966347
0.5453051016990111	0.4546948983009885
0.5452863187713587	0.454713681228641
0.5456012505035427	0.454398749496457
0.5458825150338754	0.4541174849661243
0.5453120116733563	0.45468798832664337
0.5452066781720226	0.4547933218279771
0.5454226354889001	0.45457736451109954
0.5456539032744134	0.45434609672558623
0.5455716508145789	0.45442834918542074
0.5457323572717092	0.45426764272829045
0.5450470265390008	0.45495297346099883
0.5454184039576105	0.4545815960423892
0.5457789435906379	0.45422105640936167
0.545304084263152	0.4546959157368477
0.5455278184766383	0.45447218152336133
0.5452916514484564	0.4547083485515433
0.5454865067682755	0.45451349323172424
0.5455480765540011	0.45445192344599855
0.545850694830539	0.45414930516946056
0.54520179028701	0.45479820971298973
0.5453510108902597	0.45464898910973994
0.5456603752397395	0.45433962476026013
0.5454584162058723	0.4545415837941273
0.5457683372910159	0.45423166270898374
0.5454661389649345	0.45453386103506527
0.5454925359104208	0.45450746408957887
0.545381155849511	0.45461884415048875
0.5452800135466502	0.45471998645334943
0.5458294467888376	0.4541705532111621
0.5454818285647535	0.4545181714352462
0.5456143731679624	0.4543856268320373
0.5451564005476739	0.4548435994523258
0.5450721793147685	0.45492782068523113
0.5452849910510948	0.4547150089489048
0.545699055610857	0.4543009443891427
0.5455181103111403	0.45448188968885933
0.5454146535274957	0.4545853464725039
0.5458432729488715	0.45415672705112825
0.5455530820533017	0.45444691794669795
0.5455036967167064	0.45449630328329327
0.5450688306397037	0.45493116936029604
0.545885421986078	0.4541145780139216
0.5456856295925174	0.45431437040748224
0.5453667449465349	0.45463325505346475
0.5457771990179435	0.4542228009820561
0.5453683088984888	0.4546316911015109
0.5454076575956945	0.4545923424043051
0.5458488654913233	0.4541511345086764
0.5450496150684078	0.45495038493159196
0.5456423215506009	0.4543576784493988
0.5458247105268405	0.4541752894731592
0.5451586737710467	0.454841326228953
0.5457899729053396	0.4542100270946601
0.5451848200165268	0.4548151799834729
0.5453929136457294	0.4546070863542702
0.5453795124702573	0.4546204875297424
0.5456978242985174	0.45430217570148224
0.5453995519467943	0.4546004480532053
0.5457290044293662	0.4542709955706334
0.5455921840726313	0.4544078159273684
0.5453221496504225	0.4546778503495772
0.5454378426138545	0.45456215738614514
0.5453654478907601	0.4546345521092395
0.5455393156560867	0.45446068434391296
0.5454679487700681	0.45453205122993157
0.5458422238683227	0.45415777613167696
0.545244257471333	0.4547557425286667
0.5455772346224355	0.45442276537756415
0.5451769904526849	0.4548230095473148
0.545244720543351	0.45475527945664856
0.5451855710026116	0.4548144289973881
0.5453540042716929	0.45464599572830683
0.5450481483267038	0.45495185167329594
0.5458546829260529	0.4541453170739468
0.5453637706350148	0.4546362293649849
0.5452201066796323	0.45477989332036733
0.5450592389366536	0.454940761063346
0.5457121938061943	0.45428780619380543
0.5457286742515146	0.45427132574848506
0.5456657627787043	0.45433423722129546
0.5458153262098687	0.45418467379013094
0.5451093956758742	0.4548906043241254
0.5456469324950064	0.4543530675049933
0.5458829795159273	0.4541170204840723
0.5456926627482187	0.45430733725178096
0.5454046118178258	0.4545953881821739
0.5457195379054747	0.45428046209452494
0.5451203295199711	0.45487967048002853
0.5455253997518545	0.4544746002481452
0.54506560234939	0.45493439765060956
0.5452753357131298	0.4547246642868698
0.5452797626615051	0.45472023733849454
0.5452023435540354	0.4547976564459643
0.5454737627073334	0.4545262372926663
0.5457085082126591	0.4542914917873406
0.5455695210571153	0.4544304789428844
0.5452732283890731	0.45472677161092656
0.5455959005142613	0.45440409948573834
0.545602332524752	0.4543976674752477
0.5458286665039818	0.4541713334960179
0.5452812319155669	0.45471876808443285
0.5458408742785368	0.4541591257214629
0.5453524056677537	0.454647594332246
0.5450574322952964	0.4549425677047033
0.545332589094226	0.4546674109057736
0.5453238517040231	0.4546761482959765
0.5453832423124391	0.4546167576875606
0.5458800102296664	0.45411998977033324
0.5452907949576952	0.45470920504230444
0.5450992057202635	0.45490079427973623
0.5454638066061632	0.4545361933938364
0.5457367520157923	0.4542632479842074
0.5452056779602161	0.45479432203978354
0.5454245462893702	0.45457545371062946
0.5453059507662774	0.45469404923372225
0.5452114840648575	0.4547885159351422
0.5451472744290718	0.4548527255709279
0.5455456572458466	0.4544543427541531
0.5450913917120245	0.45490860828797525
0.5454360614834776	0.4545639385165221
0.5450322203189442	0.4549677796810555
0.5450952988239187	0.454904701176081
0.5454715151739887	0.45452848482601094
0.5454539212347846	0.454546078765215
0.54532879090136	0.4546712090986397
0.5452632776927698	0.45473672230722983
0.5452613504814817	0.45473864951851795
0.5455675113113694	0.45443248868863023
0.5454859819746686	0.45451401802533115
0.545644167439363	0.4543558325606367
0.5456885735223315	0.4543114264776682
0.5456852840646518	0.4543147159353479
0.5453857830941551	0.4546142169058446
0.5451835876437152	0.4548164123562845
0.5456090347055115	0.4543909652944882
0.5451475270803722	0.4548524729196275
0.5456710401465942	0.45432895985340555
0.5457200545770425	0.45427994542295713
0.5456416751411574	0.4543583248588423
0.5453994847452721	0.4546005152547275
0.5453178847684281	0.45468211523157154
0.5456453644848879	0.45435463551511174
0.5451196413661689	0.4548803586338308
0.5456166878116526	0.45438331218834704
0.5452333084997759	0.45476669150022375
0.5454486043902617	0.454551395609738
0.5453489023370786	0.4546510976629211
0.5455224954413609	0.45447750455863883
0.5454711818468602	0.4545288181531395
0.5455808984367457	0.45441910156325394
0.5452493976949968	0.4547506023050029
0.5456589834622594	0.4543410165377402
0.5453308017869835	0.4546691982130162
0.5454991246055401	0.45450087539445966
0.5453328133257456	0.4546671866742541
0.5451335495448694	0.4548664504551303
0.5452143169838277	0.45478568301617195
0.5452463664589011	0.45475363354109855
0.5457925731566113	0.45420742684338833
0.545648553539252	0.45435144646074765
0.5453425390744984	0.45465746092550136
0.5458021549468096	0.45419784505319005
0.5455425347432049	0.45445746525679476
0.5458267373820292	0.4541732626179704
0.5451348066071307	0.454865193392869
0.545640476464841	0.4543595235351586
0.5458417218784892	0.45415827812151044
0.5453998595138752	0.45460014048612457
0.5455677154337194	0.45443228456628026
0.5458438038526287	0.454156196147371
0.5458200181582666	0.454179981841733
0.5452655362353889	0.4547344637646108
0.5451081463671201	0.4548918536328796
0.5454575746587628	0.4545424253412369
0.5450788502538249	0.4549211497461748
0.5454138448913874	0.4545861551086122
0.545793992367207	0.4542060076327927
0.5457374103032796	0.4542625896967201
0.5454596458109771	0.4545403541890226
0.5456736248935418	0.45432637510645785
0.545141082923045	0.4548589170769547
0.5451790135781851	0.4548209864218146
0.5452881067531391	0.45471189324686057
0.5451967556956958	0.4548032443043039
0.5454649293060537	0.454535070693946
0.5458521841346611	0.4541478158653386
0.5455973165461206	0.45440268345387896
0.5454478482847162	0.4545521517152835
0.54544164553607	0.4545583544639296
0.5455452905580455	0.45445470944195426
0.5458679227869616	0.454132077213038
0.5455521972396433	0.45444780276035635
0.5450433895613125	0.45495661043868724
0.5458519188190138	0.45414808118098576
0.5455333203678698	0.45446667963212983
0.5457412420366157	0.45425875796338394
0.5453636213934253	0.45463637860657435
0.5454301661956882	0.4545698338043115
0.545294667017598	0.45470533298240173
0.5452861047647797	0.45471389523522
0.5455150572848761	0.4544849427151236
0.5458716443705584	0.4541283556294413
0.5457397211099643	0.4542602788900354
0.545306464112685	0.4546935358873146
0.5456404653501263	0.45435953464987333
0.545685037523799	0.4543149624762006
0.5457666109722265	0.4542333890277732
0.5458469973799354	0.45415300262006436
0.5455278155834332	0.45447218441656645
0.5453349555551065	0.45466504444489314
0.5455837970044904	0.4544162029955093
0.5457098319449243	0.4542901680550754
0.5458925300830942	0.4541074699169054
0.5455860764923985	0.4544139235076011
0.5458760778595488	0.4541239221404508
0.5453901797562313	0.45460982024376834
0.5451991960234437	0.454800803976556
0.5451976422567913	0.45480235774320826
0.5450419848302369	0.45495801516976275
0.5456756542592731	0.45432434574072655
0.5452973210505487	0.45470267894945093
0.545066723087517	0.4549332769124826
0.5456268050170846	0.45437319498291506
0.545514024488996	0.4544859755110036
0.5451956687199023	0.45480433128009734
0.545599668517291	0.45440033148270864
0.5458691611109776	0.45413083888902206
0.5457412575651052	0.45425874243489445
0.5453387941619875	0.4546612058380122
0.5454856045324268	0.4545143954675729
0.5457923467763987	0.454207653223601
0.5456260683102856	0.4543739316897141
0.5455305643177178	0.4544694356822818
0.545048665299656	0.4549513347003436
0.5453356542054552	0.4546643457945445
0.5458759873963097	0.45412401260368995
0.5455996611886141	0.4544003388113855
0.5451262106351911	0.45487378936480855
0.5453803544620549	0.45461964553794476
0.5452723861195691	0.4547276138804306
0.5451747574150272	0.4548252425849725
0.5456656903706071	0.45433430962939264
0.5455222511138601	0.45447774888613957
0.5450838064526083	0.4549161935473913
0.5452137163162232	0.45478628368377644
0.5457152288135739	0.4542847711864257
0.54527725248839	0.45472274751160974
0.5454605948110558	0.4545394051889438
0.5452601358518343	0.4547398641481653
0.5454426881733947	0.45455731182660497
0.5458406778082339	0.45415932219176575
0.5455256944492551	0.4544743055507445
0.5458117167476271	0.45418828325237265
0.5454438031878746	0.45455619681212506
0.5454003892746073	0.4545996107253923
0.5451300769624177	0.45486992303758195
0.5458244159350529	0.45417558406494674
0.5451097467321042	0.45489025326789545
0.545543865570803	0.45445613442919663
0.5451948041835034	0.45480519581649625
0.5455210037400442	0.4544789962599555
0.545350276011172	0.45464972398882764
0.5457922992156595	0.4542077007843401
0.5454543154185185	0.45454568458148115
0.5455388426449568	0.4544611573550429
0.5453262567430243	0.45467374325697546
0.5451239697753734	0.45487603022462625
0.5455027171511693	0.4544972828488304
0.5456650406957425	0.45433495930425716
0.5453406359850483	0.45465936401495133
0.5457597725802074	0.45424022741979236
0.5453322901980144	0.45466770980198523
0.5456577563102646	0.4543422436897351
0.545467144189963	0.45453285581003666
0.5456239381111827	0.45437606188881696
0.5453674543300419	0.4546325456699578
0.5457601641672444	0.4542398358327553
0.5456686763755205	0.45433132362447914
0.5451122781234002	0.45488772187659937
0.5457112811809259	0.4542887188190737
0.545156082047535	0.4548439179524647
0.5451291833889123	0.4548708166110874
0.5453142173320229	0.4546857826679768
0.5454753074242729	0.4545246925757268
0.5451010787888039	0.4548989212111958
0.5456442067015025	0.4543557932984972
0.5455247857315847	0.45447521426841503
0.545161926519748	0.4548380734802516
0.5450326792864978	0.4549673207135018
0.5457063043312523	0.45429369566874733
0.5456103157629584	0.45438968423704124
0.5455356622047303	0.4544643377952694
0.5452853074476152	0.4547146925523845
0.5455160259034442	0.4544839740965555
0.5451265946958478	0.4548734053041519
0.5451007975749861	0.4548992024250136
0.5450728189335439	0.45492718106645574
0.5458470844308667	0.454152915569133
0.5455182004818966	0.4544817995181031
0.5453025271857804	0.45469747281421924
0.5450473903662123	0.45495260963378736
0.5451303483472688	0.45486965165273086
0.5457369541797725	0.4542630458202271
0.5456071593732424	0.45439284062675717
0.5454594897848055	0.4545405102151942
0.5455974558853405	0.4544025441146592
0.5455523702117523	0.4544476297882473
0.5453822888984821	0.45461771110151766
0.5450482310856163	0.45495176891438344
0.5455782442188936	0.4544217557811061
0.5451790510041188	0.4548209489958809
0.545113748678058	0.45488625132194177
0.5453278846208739	0.4546721153791257
0.545586938091699	0.45441306190830066
0.5454032460495264	0.4545967539504733
0.5457334050396935	0.4542665949603062
0.5455001811086924	0.45449981889130736
0.545086378251082	0.4549136217489177
0.5454973107857934	0.4545026892142063
0.5453720080086962	0.45462799199130344
0.5451636525994629	0.4548363474005368
0.5455526378552036	0.45444736214479614
0.5451670426759817	0.4548329573240179
0.5451203774865875	0.4548796225134122
0.5450394942435733	0.4549605057564263
0.5454278756634362	0.45457212433656347
0.5452485056010428	0.45475149439895685
0.5453599043269977	0.45464009567300195
0.5450528231259646	0.4549471768740351
0.5454692087600169	0.45453079123998275
0.5451845963584065	0.45481540364159306
0.545085695692961	0.4549143043070387
0.5456319524152001	0.45436804758479954
0.5456436435023354	0.45435635649766426
0.545662936188813	0.45433706381118666
0.5457359371183672	0.4542640628816325
0.5458551480211224	0.4541448519788772
0.5456157497131708	0.45438425028682883
0.5450412264781305	0.45495877352186914
0.5454664900224928	0.45453350997750686
0.5457628708011537	0.45423712919884596
0.5451986803663231	0.45480131963367654
0.5458096738399277	0.45419032616007193
0.5452321810926903	0.45476781890730933
0.5456926530266742	0.4543073469733254
0.5453190811774674	0.45468091882253225
0.5456780470415287	0.454321952958471
0.5452913664309587	0.45470863356904107
0.5453131449585337	0.45468685504146605
0.5451768814239284	0.4548231185760713
0.5451644714485776	0.4548355285514221
0.5458514930519318	0.4541485069480678
0.5454082789133609	0.4545917210866388
0.5455038460855616	0.45449615391443804
0.5454525455067532	0.4545474544932465
0.545135967063132	0.4548640329368676
0.5452046636794491	0.4547953363205506
0.5454289529695036	0.4545710470304961
0.5451766500292095	0.4548233499707902
0.5452495476656253	0.4547504523343744
0.5452178962533117	0.45478210374668787
0.545646795232348	0.45435320476765156
0.5452191112539021	0.45478088874609757
0.5451518924731947	0.4548481075268049
0.545484542453176	0.4545154575468237
0.5451435463953275	0.4548564536046722
0.5451697095066441	0.45483029049335555
0.5451139268033968	0.45488607319660296
0.5453767248861968	0.45462327511380285
0.5455021535583082	0.45449784644169144
0.5452815836785321	0.4547184163214676
0.5456672195021198	0.4543327804978798
0.5453918381186662	0.4546081618813335
0.5451056344810501	0.45489436551894963
0.5456312212073229	0.45436877879267673
0.5458093071357102	0.4541906928642894
0.5457036376991161	0.45429636230088355
0.5452779743464253	0.45472202565357434
0.5454879698876602	0.4545120301123395
0.5453231603866605	0.45467683961333916
0.5450445654200559	0.4549554345799438
0.5452229007744445	0.4547770992255552
0.5455740846793417	0.45442591532065807
0.5458264892094201	0.45417351079057955
0.5453049388733227	0.45469506112667696
0.5456175149878109	0.4543824850121888
0.5455049200508767	0.45449507994912297
0.5453534034709038	0.4546465965290959
0.5454445317436394	0.4545554682563603
0.5453181403176027	0.454681859682397
0.5458647792256192	0.4541352207743805
0.54531821631974	0.4546817836802597
0.5454874282292402	0.45451257177075943
0.5458135486420954	0.45418645135790425
0.5458179994905098	0.45418200050948987
0.5450478488792225	0.4549521511207771
0.5455534443235733	0.45444655567642633
0.5450977527984475	0.45490224720155215
0.5454159012078071	0.4545840987921925
0.545337327689744	0.45466267231025564
0.5455408740018952	0.45445912599810445
0.5450643223337662	0.45493567766623344
0.5454410059785969	0.45455899402140276
0.5455418515094977	0.45445814849050187
0.5452778818511768	0.45472211814882296
0.5453894211885484	0.4546105788114512
0.5456142091482884	0.4543857908517113
0.5450430336234262	0.4549569663765734
0.5454090664976246	0.45459093350237506
0.5458877334093705	0.45411226659062925
0.545267479337383	0.4547325206626167
0.5450585830144998	0.4549414169854998
0.5458886844338029	0.45411131556619677
0.5452968119046268	0.45470318809537297
0.5456714976786822	0.4543285023213175
0.5452097546397455	0.45479024536025414
0.5457148622277274	0.45428513777227225
0.5452363372460186	0.45476366275398106
0.5456836086006662	0.45431639139933344
0.5454219954378576	0.454578004562142
0.5450382098844541	0.4549617901155456
0.5457399751702383	0.4542600248297614
0.5451858482392042	0.45481415176079537
0.5452728613908958	0.45472713860910385
0.5452370309423595	0.45476296905764013
0.5454573464661447	0.4545426535338549
0.5452323524389012	0.45476764756109844
0.5451956277036673	0.45480437229633247
0.5455983522083471	0.4544016477916526
0.5457277688516222	0.45427223114837745
0.5451277434240508	0.45487225657594893
0.54587792837149	0.4541220716285097
0.5456327306980715	0.45436726930192817
0.545680205185785	0.45431979481421464
0.5455184426989065	0.45448155730109313
0.5457978460021123	0.4542021539978873
0.5452993521099915	0.45470064789000825
0.5455759019274791	0.4544240980725206
0.5455300613287292	0.4544699386712705
0.5454238393197215	0.4545761606802781
0.5452674113022045	0.4547325886977952
0.5450819093162484	0.45491809068375116
0.5455241895703499	0.45447581042964974
0.5454962872602537	0.454503712739746
0.5458044035811289	0.4541955964188708
0.5453562376355792	0.45464376236442056
0.5452370061624148	0.45476299383758484
0.5455352475392019	0.45446475246079776
0.5451533969421987	0.454846603057801
0.5452739837070122	0.4547260162929875
0.5452465295561609	0.45475347044383874
0.5452700052612869	0.4547299947387128
0.5457980785198983	0.45420192148010147
0.5457067097464707	0.4542932902535289
0.54545322118442	0.45454677881557964
0.545179748072957	0.4548202519270427
0.5454553196096497	0.45454468039034995
0.5456142363780339	0.45438576362196587
0.5458238856147671	0.45417611438523253
0.545212314399714	0.4547876856002857
0.5453814904830763	0.45461850951692334
0.5454399632224626	0.4545600367775371
0.5452321975669396	0.45476780243306
0.5453642362090414	0.45463576379095827
0.5457457289717744	0.45425427102822524
0.5458113640402885	0.45418863595971115
0.5455495510376464	0.4544504489623533
0.5454916906880564	0.4545083093119433
0.5452089482988121	0.45479105170118767
0.5451237387495076	0.454876261250492
0.5454483174992022	0.45455168250079747
0.5457775738301626	0.4542224261698371
0.5451210420892927	0.45487895791070704
0.5453605062694918	0.4546394937305078
0.5452985765132924	0.4547014234867073
0.5450369115179314	0.45496308848206823
0.545133071212584	0.45486692878741564
0.5457449610301323	0.4542550389698674
0.545791324427937	0.45420867557206274
0.5457742355265661	0.4542257644734335
0.5451492284153511	0.4548507715846486
0.5458623728870097	0.45413762711299
0.5458609497608449	0.4541390502391548
0.5453194685635788	0.4546805314364208
0.5457334315539807	0.454266568446019
0.5456151830957928	0.4543848169042069
0.5458534928125747	0.454146507187425
0.5456980025540006	0.4543019974459991
0.5457250732640528	0.45427492673594677
0.5450378398079507	0.45496216019204894
0.5456053880934673	0.4543946119065324
0.5456646841762668	0.4543353158237328
0.5457873069739869	0.4542126930260128
0.5451660216566684	0.4548339783433313
0.5451300976153186	0.45486990238468106
0.5452553249935442	0.45474467500645543
0.5451568798498841	0.4548431201501155
0.5457866401814158	0.4542133598185839
0.5458251755345656	0.45417482446543417
0.5453902898854015	0.4546097101145982
0.5454404698659876	0.45455953013401207
0.5452908165980039	0.45470918340199573
0.5454397285944289	0.45456027140557076
0.5456952782979599	0.4543047217020397
0.5452269476819428	0.45477305231805687
0.5457621219091333	0.45423787809086635
0.5453583139203064	0.4546416860796932
0.5454611675359154	0.45453883246408416
0.5452813251646258	0.45471867483537387
0.5455772962024105	0.4544227037975892
0.5454339066745146	0.45456609332548503
0.5452498485002673	0.45475015149973247
0.5458325244913151	0.45416747550868447
0.5457718295833449	0.45422817041665475
0.5458809425927266	0.4541190574072731
0.545160668057304	0.45483933194269566
0.5456344742476197	0.45436552575238
0.545113625566645	0.45488637443335467
0.5456922207680833	0.45430777923191634
0.5451940063298368	0.45480599367016283
0.5456252969788824	0.45437470302111727
0.5451422442698847	0.45485775573011494
0.545614847881464	0.45438515211853564
0.5452694494212378	0.4547305505787618
0.5455758372864642	0.4544241627135355
0.5455374803303678	0.4544625196696319
0.5452234948173357	0.45477650518266394
0.5451409530840916	0.45485904691590806
0.5454556605483255	0.4545443394516741
0.5455123646655696	0.45448763533443004
0.5455552718018036	0.454444728198196
0.5451143118532165	0.4548856881467832
0.5456654418495405	0.45433455815045914
0.5458595757316534	0.45414042426834617
0.5454547603549387	0.454545239645061
0.5451303973731468	0.4548696026268528
0.5458386889438597	0.45416131105614
0.5454709954307295	0.45452900456927015
0.5456941133534574	0.4543058866465422
0.5458693868343073	0.45413061316569237
0.5450408273013491	0.45495917269865066
0.5453721780986163	0.45462782190138334
0.5455716857741925	0.4544283142258072
0.5451258923788361	0.45487410762116354
0.54553074177368	0.45446925822631973
0.5450874665337424	0.4549125334662572
0.5457867095938551	0.45421329040614455
0.5453570900360539	0.45464290996394574
0.5456937671502752	0.45430623284972455
0.5456409360292912	0.4543590639707084
0.5450599112108919	0.4549400887891078
0.5452005930091297	0.45479940699087
0.5453826026057458	0.4546173973942539
0.5453324406805269	0.4546675593194728
0.5458482846889136	0.4541517153110861
0.5453539630272122	0.4546460369727875
0.545366700606754	0.4546332993932457
0.5450582174275586	0.4549417825724411
0.5457449303401414	0.4542550696598583
0.5453206835650397	0.45467931643495996
0.5454576492413843	0.4545423507586153
0.5457117212795763	0.4542882787204233
0.5455691811055521	0.4544308188944476
0.5458378713688818	0.45416212863111777
0.5458602930171443	0.45413970698285533
0.54561182399571	0.4543881760042897
0.5451141995047842	0.45488580049521543
0.5458124044503913	0.4541875955496084
0.545449283303453	0.4545507166965466
0.5458797531477431	0.45412024685225666
0.5458036930186958	0.4541963069813038
0.5450462551338893	0.4549537448661104
0.5457172869652172	0.45428271303478257
0.5455074214676635	0.4544925785323361
0.5451721009499975	0.45482789905000215
0.545350639456382	0.45464936054361765
0.5456297406771271	0.45437025932287256
0.5457465151139065	0.45425348488609324
0.5458664092248104	0.4541335907751892
0.5457602434804593	0.45423975651954035
0.5458298235920267	0.45417017640797297
0.5450868955884962	0.45491310441150346
0.5452749690494978	0.4547250309505018
0.545043179820979	0.45495682017902056
0.5456139378832591	0.4543860621167406
0.5457590625092094	0.4542409374907903
0.545655567773186	0.4543444322268137
0.5454657827664318	0.4545342172335679
0.5457182122305332	0.4542817877694664
0.5456519155971866	0.45434808440281305
0.5453427976722649	0.45465720232773477
0.5458594534815656	0.45414054651843405
0.5451281408409359	0.45487185915906375
0.5452977010663602	0.45470229893363945
0.5455194847625532	0.45448051523744654
0.5456137485693834	0.4543862514306163
0.5451245217102172	0.4548754782897825
0.5456638682582803	0.4543361317417194
0.5452568443576791	0.45474315564232065
0.5456578163343074	0.45434218366569223
0.5452207610343105	0.4547792389656891
0.545468543430634	0.45453145656936567
0.5455878901961255	0.4544121098038742
0.5456376857382594	0.4543623142617403
0.5450696302138853	0.45493036978611434
0.545342181152465	0.4546578188475347
0.5450763375674015	0.45492366243259824
0.5454731285811163	0.4545268714188834
0.5451040733513137	0.454895926648686
0.5456038976714725	0.4543961023285272
0.5451369677057242	0.4548630322942755
0.545849285220726	0.45415071477927366
0.5450481288584689	0.45495187114153074
0.5457104706728545	0.45428952932714517
0.5454994230625095	0.4545005769374901
0.5452408912987453	0.4547591087012544
0.5456510222963932	0.4543489777036065
0.5458830952702064	0.4541169047297933
0.5457951836178854	0.4542048163821143
0.5457279030491734	0.45427209695082627
0.5453215095511489	0.4546784904488508
0.5454151858538169	0.4545848141461828
0.545390976065785	0.45460902393421465
0.5451460484413444	0.4548539515586553
0.5458607344728242	0.4541392655271754
0.5454844932543748	0.4545155067456249
0.5450608216495723	0.4549391783504274
0.5451498081832264	0.4548501918167732
0.5454222641786566	0.4545777358213431
0.545154380087855	0.45484561991214467
0.5458343092837392	0.4541656907162605
0.5452948787058802	0.4547051212941194
0.5454176337511205	0.45458236624887916
0.5458766259524992	0.4541233740475004
0.5457198352954836	0.4542801647045161
0.5455023582723694	0.4544976417276303
0.5454307387986255	0.4545692612013742
0.5453064357074745	0.4546935642925251
0.5456539465679546	0.4543460534320451
0.545509739604533	0.4544902603954667
0.5452422329082282	0.4547577670917715
0.5454415587631964	0.4545584412368033
0.5458366499286261	0.4541633500713736
0.5453477454429725	0.4546522545570272
0.5455470570988707	0.454452942901129
0.5453719095005128	0.4546280904994868
0.5455851266119602	0.4544148733880394
0.545847154802192	0.45415284519780763
0.545029834039679	0.4549701659603207
0.5458221287269533	0.4541778712730463
0.5454516359485646	0.454548364051435
0.5458588726447919	0.4541411273552077
0.5455008554363925	0.4544991445636071
0.5453907228732224	0.45460927712677723
0.5455735536766023	0.45442644632339735
0.5450534876454408	0.4549465123545588
0.5456529691800254	0.45434703081997424
0.5457191066121905	0.45428089338780925
0.5456705794653097	0.45432942053469
0.5452739649907277	0.45472603500927194
0.5456154786183228	0.4543845213816768
0.5451743368423824	0.4548256631576173
0.5456730774561659	0.4543269225438338
0.5452260703316693	0.45477392966833047
0.5452335649744258	0.4547664350255739
0.5450609834595508	0.4549390165404488
0.5458223108086367	0.4541776891913629
0.5452531787784567	0.45474682122154303
0.5454745063814315	0.45452549361856814
0.5457996188142898	0.4542003811857098
0.5454777223581145	0.45452227764188513
0.5451689941681539	0.4548310058318457
0.5456670025465846	0.45433299745341504
0.5452753942070201	0.45472460579297963
0.5457162959462073	0.4542837040537924
0.5458496467998162	0.45415035320018343
0.5456084456539682	0.45439155434603157
0.5452270981776861	0.45477290182231356
0.5455672310813645	0.4544327689186352
0.5458430345500093	0.4541569654499904
0.5451426410761944	0.45485735892380524
0.5458383278125194	0.4541616721874802
0.5455150042115726	0.45448499578842705
0.5457450869439647	0.45425491305603494
0.5457383828373212	0.4542616171626784
0.5458519087038889	0.4541480912961108
0.5454068516607702	0.4545931483392294
0.5450979819775746	0.45490201802242497
0.5458436159486992	0.4541563840513004
0.5453707363701394	0.4546292636298603
0.5450426834847149	0.4549573165152848
0.545614770704065	0.4543852292959346
0.5450435326400913	0.4549564673599084
0.5455011470321556	0.45449885296784404
0.5457888611958482	0.4542111388041514
0.5457642326844752	0.45423576731552456
0.5455019164396336	0.45449808356036603
0.5456069132419141	0.45439308675808554
0.5457104786169064	0.4542895213830933
0.5452809710601981	0.45471902893980154
0.5453953072749332	0.45460469272506643
0.5455140547945112	0.45448594520548846
0.5455323484923624	0.45446765150763724
0.5454121011459405	0.45458789885405915
0.5458368770049082	0.4541631229950914
0.5457706829534085	0.45422931704659114
0.5453800945769656	0.45461990542303404
0.5453539778762526	0.45464602212374705
0.5458569652921704	0.4541430347078292
0.545371592842926	0.45462840715707364
0.5451890217884386	0.4548109782115611
0.5456500612997729	0.4543499387002268
0.5453725023063816	0.4546274976936181
0.5453140048788766	0.45468599512112307
0.5456361426343797	0.45436385736562
0.5455865311469367	0.45441346885306305
0.5453267374994277	0.45467326250057194
0.5450768979127354	0.4549231020872643
0.5455587977675804	0.45444120223241924
0.545518006637488	0.4544819933625117
0.5458880480273478	0.45411195197265186
0.5457888051501452	0.45421119484985445
0.5451823980181258	0.4548176019818738
0.5454782192632732	0.45452178073672644
0.5455829626872782	0.4544170373127215
0.5454909807067955	0.45450901929320425
0.5457750789596492	0.4542249210403505
0.5453725894724685	0.4546274105275312
0.545076862527609	0.4549231374723906
0.545338485746793	0.45466151425320667
0.545346706121703	0.4546532938782967
0.5454305630309656	0.45456943696903407
0.5451944229802786	0.454805577019721
0.5457207735600781	0.4542792264399215
0.5454473752496658	0.45455262475033387
0.5457095314069634	0.45429046859303623
0.5451644558274544	0.4548355441725452
0.5455900622547354	0.4544099377452642
0.545595937810857	0.45440406218914264
0.5456770197314296	0.45432298026857015
0.5458472194028092	0.45415278059719044
0.545106702071976	0.4548932979280237
0.5451143612110174	0.4548856387889822
0.5456603061321375	0.45433969386786216
0.5452452166709668	0.4547547833290328
0.5450667532248168	0.4549332467751829
0.5455715314846973	0.45442846851530244
0.5457741178787006	0.45422588212129916
0.5456527522542394	0.4543472477457603
0.5453941810957397	0.45460581890425994
0.545362129340634	0.45463787065936573
0.5455144147045458	0.45448558529545396
0.5453354410053742	0.45466455899462543
0.5451325043143982	0.4548674956856015
0.5452594952252974	0.4547405047747023
0.5451779651504073	0.4548220348495924
0.5453547477626237	0.45464525223737595
0.5451569638163591	0.4548430361836405
0.5453707861585783	0.45462921384142135
0.5456214863463476	0.45437851365365217
0.5451133493660161	0.45488665063398365
0.545558984362376	0.4544410156376236
0.5451353246602	0.4548646753397997
0.5453879372492653	0.45461206275073435
0.5451027813449452	0.4548972186550545
0.5458859782324371	0.4541140217675626
0.5457390451977384	0.45426095480226125
0.5455593752489459	0.4544406247510538
0.5453656209762417	0.454634379023758
0.545343725005839	0.4546562749941606
0.5454932492079377	0.454506750792062
0.5454917433369226	0.45450825666307704
0.5450726141614914	0.45492738583850817
0.5456804845181349	0.4543195154818648
0.5457262111475968	0.4542737888524029
0.5458231956433983	0.45417680435660135
0.5454058942252029	0.4545941057747967
0.54570694135607	0.45429305864392966
0.5452086637662845	0.45479133623371515
0.5453896745290003	0.45461032547099933
0.5454244024511481	0.4545755975488516
0.5455601524667274	0.4544398475332722
0.5455805551169163	0.45441944488308345
0.5456630752939275	0.45433692470607207
0.5454945521951522	0.4545054478048474
0.5453033634838403	0.4546966365161594
0.545378162859443	0.4546218371405567
0.545845019620161	0.4541549803798387
0.5451606370116353	0.45483936298836436
0.5456377990261527	0.4543622009738469
0.5451413970564818	0.4548586029435179
0.5452632214923283	0.4547367785076714
0.5454627438794505	0.4545372561205491
0.5451533259789625	0.4548466740210372
0.5457405842367223	0.4542594157632774
0.5455277964443352	0.4544722035556644
0.545346437788043	0.45465356221195663
0.5452084537756372	0.4547915462243624
0.5451669689576226	0.45483303104237705
0.5452235583892222	0.4547764416107774
0.5454795474628171	0.45452045253718254
0.5453551132588319	0.45464488674116776
0.5452516041017647	0.454748395898235
0.5458317934893687	0.4541682065106309
0.5456864725388191	0.4543135274611806
0.5453490102624303	0.4546509897375694
0.5455682369944095	0.4544317630055902
0.5451189340635513	0.45488106593644845
0.5452248116842476	0.454775188315752
0.545272065527906	0.45472793447209364
0.5451594528167433	0.4548405471832564
0.5452736545555983	0.4547263454444014
0.545264841183702	0.4547351588162977
0.5455871377204855	0.45441286227951416
0.5451959139322693	0.4548040860677304
0.5455515208643283	0.45444847913567127
0.5454621412935063	0.4545378587064933
0.5458034313360273	0.45419656866397246
0.5456465839208603	0.4543534160791393
0.5454432536087656	0.45455674639123406
0.5451840413276167	0.454815958672383
0.545543501860774	0.4544564981392256
0.5457358698674502	0.45426413013254946
0.5454660559993257	0.45453394400067393
0.545468361388364	0.45453163861163565
0.5451280037509117	0.4548719962490879
0.545106074949172	0.45489392505082765
0.5451538876132176	0.454846112386782
0.5453263046794133	0.4546736953205863
0.545673008465851	0.45432699153414874
0.5457494175726667	0.45425058242733296
0.5456773672218529	0.45432263277814683
0.5457381771985984	0.4542618228014012
0.5451554831653408	0.4548445168346589
0.5453144432490244	0.4546855567509752
0.5454187491066745	0.4545812508933251
0.5458353911817605	0.45416460881823917
0.5456186515792332	0.45438134842076644
0.5454617467810331	0.45453825321896657
0.545567999455759	0.45443200054424066
0.5452195558454649	0.4547804441545348
0.5455890973207079	0.45441090267929174
0.5454318796119544	0.4545681203880453
0.5451092152063177	0.45489078479368195
0.5452015050082683	0.4547984949917314
0.5455330779723351	0.45446692202766464
0.5455277229074649	0.45447227709253474
0.5457888412191331	0.45421115878086665
0.5450488201877975	0.4549511798122022
0.5454095741321433	0.4545904258678563
0.5451295020078764	0.45487049799212337
0.5452310153259795	0.4547689846740201
0.5451626024173853	0.4548373975826144
0.5456843366341381	0.4543156633658616
0.5455476021528084	0.45445239784719127
0.5458820349184443	0.4541179650815553
0.5458191769921928	0.4541808230078068
0.5456163540043915	0.45438364599560815
0.5451937551970621	0.4548062448029375
0.5451479880487825	0.45485201195121716
0.5456178389106201	0.4543821610893796
0.5456506453473019	0.45434935465269777
0.5450987041817331	0.45490129581826655
0.5454181524032122	0.45458184759678744
