0.628663755323752	0.37133624467624776
0.6277281782479605	0.3722718217520392
0.6299013130195903	0.3700986869804094
0.6281024124683745	0.37189758753162516
0.628038756552857	0.37196124344714265
0.630072098635764	0.3699279013642357
0.6276935778853221	0.3723064221146776
0.6305768886894655	0.3694231113105342
0.6268112932386334	0.3731887067613663
0.628221675458938	0.3717783245410617
0.6306908898939713	0.3693091101060284
0.6269247250476672	0.3730752749523325
0.631162013471475	0.3688379865285247
0.629393972395105	0.3706060276048947
0.6269046343363982	0.37309536566360146
0.6294610952623553	0.3705389047376444
0.6264526211329744	0.37354737886702527
0.6280684852185194	0.37193151478148023
0.631590071831108	0.3684099281688916
0.6282614651610857	0.37173853483891395
0.6305652738098401	0.3694347261901596
0.628751197965011	0.37124880203498867
0.6318101521349971	0.36818984786500253
0.6318173345074718	0.3681826654925278
0.6273581854694985	0.3726418145305012
0.6315473288896307	0.36845267111036895
0.6270082955723746	0.372991704427625
0.6264470401743556	0.373552959825644
0.6296905124380638	0.3703094875619358
0.6268109668401884	0.3731890331598113
0.6278291330671104	0.37217086693288925
0.6298202007772201	0.37017979922277955
0.6294311205063312	0.37056887949366846
0.6298973275576826	0.3701026724423171
0.62669499529944	0.3733050047005597
0.6271577925640411	0.37284220743595853
0.6309764406734221	0.3690235593265776
0.6264974620798607	0.373502537920139
0.6279581589944165	0.37204184100558313
0.6313258802708428	0.36867411972915687
0.6309037310817278	0.36909626891827185
0.6274780402121759	0.37252195978782376
0.6314670371299305	0.3685329628700692
0.6297929624106634	0.37020703758933626
0.6263904290725533	0.3736095709274464
0.6299084318621475	0.37009156813785216
0.6285394761864169	0.37146052381358274
0.626447890861294	0.3735521091387057
0.6294176870452599	0.37058231295473976
0.6279533552137274	0.37204664478627225
0.6299759629380114	0.3700240370619883
0.62741629921959	0.37258370078040964
0.6291514893945348	0.37084851060546487
0.6309782972009862	0.3690217027990135
0.629005696275119	0.3709943037248806
0.6293290993288293	0.37067090067117037
0.6293545688882053	0.3706454311117944
0.6317059003086876	0.3682940996913121
0.6312472173418096	0.3687527826581901
0.6316429808455535	0.3683570191544462
0.6291739716986007	0.370826028301399
0.6302024738287166	0.3697975261712831
0.6311731562375507	0.368826843762449
0.6295664473811624	0.37043355261883726
0.6270211372758134	0.37297886272418623
0.6276429400312333	0.37235705996876634
0.6296737670178829	0.37032623298211675
0.6318091923904192	0.3681908076095804
0.629398595365288	0.3706014046347117
0.6282268483425311	0.3717731516574686
0.6312557060904894	0.36874429390951025
0.6292670259038907	0.37073297409610895
0.6267461393385827	0.3732538606614169
0.6295490274137135	0.3704509725862861
0.6292366336766446	0.37076336632335505
0.6287671771123969	0.37123282288760273
0.6277937782903953	0.37220622170960443
0.6271659266701852	0.37283407332981444
0.628903142264788	0.3710968577352116
0.6296217722634648	0.37037822773653484
0.6282208394591097	0.37177916054089
0.6311449110422882	0.36885508895771146
0.6270124259232963	0.37298757407670335
0.6316709469367412	0.3683290530632584
0.6298018655780873	0.3701981344219124
0.6310886561223263	0.3689113438776733
0.6274461171845116	0.3725538828154881
0.6274110405392409	0.37258895946075876
0.629045979584205	0.3709540204157946
0.6307024498748127	0.36929755012518695
0.6281553374413043	0.37184466255869536
0.6294390837435869	0.37056091625641274
0.6313939704428424	0.3686060295571573
0.6290348741002341	0.3709651258997656
0.6290006909109489	0.3709993090890508
0.6276787021683734	0.37232129783162626
0.6304051241564	0.3695948758435996
0.6303722471650743	0.3696277528349253
0.628241166489476	0.37175883351052363
0.6272627953252153	0.37273720467478433
0.6298851151993241	0.3701148848006755
0.6294274140034564	0.3705725859965433
0.6264118720034549	0.3735881279965447
0.6266266182486437	0.3733733817513559
0.6289902205174057	0.37100977948259395
0.6273898952485935	0.37261010475140616
0.6279659392551393	0.3720340607448604
0.6294209890366989	0.37057901096330076
0.627466104661404	0.3725338953385957
0.6296928936104014	0.3703071063895983
0.6318091232753716	0.368190876724628
0.6267534917056978	0.3732465082943019
0.6294047590614134	0.3705952409385863
0.6286801481054655	0.3713198518945342
0.626642942916552	0.3733570570834477
0.6306764971760683	0.36932350282393134
0.628701631616571	0.37129836838342867
0.6304152532678994	0.3695847467321003
0.6271664111536958	0.3728335888463039
0.6302075654651098	0.36979243453488986
0.630783208730469	0.3692167912695307
0.6272383465501228	0.37276165344987683
0.6313527515092969	0.3686472484907028
0.6311010739985936	0.368898926001406
0.6294620159616064	0.3705379840383933
0.6290128205403712	0.37098717945962845
0.6317595335690103	0.3682404664309894
0.6295716697653239	0.3704283302346758
0.6284244918889985	0.37157550811100115
0.6294702127110492	0.3705297872889504
0.6313337808992725	0.3686662191007272
0.629223556067196	0.3707764439328036
0.6290106857116388	0.3709893142883609
0.6274944808390568	0.3725055191609428
0.6302634034768517	0.36973659652314794
0.6310715945894776	0.3689284054105221
0.6285339948503625	0.3714660051496371
0.6287746036656627	0.37122539633433693
0.6269145700449114	0.3730854299550883
0.6268804016894284	0.3731195983105713
0.6272961856513882	0.37270381434861144
0.6283651403690075	0.3716348596309922
0.6311309551868487	0.36886904481315097
0.6269577428292522	0.37304225717074746
0.6269136227159787	0.37308637728402094
0.6276262805385052	0.37237371946149445
0.6297273238561579	0.37027267614384174
0.63150999643164	0.3684900035683597
0.6272768074443581	0.37272319255564157
0.6292369744486126	0.3707630255513871
0.6295932824186903	0.37040671758130933
0.6286389423331038	0.37136105766689587
0.6298818809774029	0.3701181190225967
0.628197327800865	0.3718026721991346
0.6314195943785884	0.36858040562141126
0.6286532553202824	0.3713467446797173
0.6313940819009148	0.36860591809908483
0.6272092234710421	0.37279077652895753
0.6302822282232153	0.36971777177678433
0.6274530433694538	0.37254695663054577
0.6277088791981951	0.3722911208018046
0.6295614061642344	0.3704385938357653
0.6285271567216537	0.371472843278346
0.6312249705468618	0.3687750294531379
0.6316305743579468	0.3683694256420529
0.6272391919612728	0.37276080803872685
0.6287481348587317	0.37125186514126796
0.629521154063434	0.3704788459365657
0.6294462229538941	0.3705537770461056
0.627941126499983	0.37205887350001665
0.6290258003037803	0.37097419969621936
0.62737358286643	0.3726264171335697
0.6289259948271163	0.37107400517288336
0.6284464749668027	0.37155352503319694
0.6288572079696685	0.3711427920303312
0.6309731606506811	0.36902683934931857
0.6298619497592426	0.37013805024075713
0.6309055813365838	0.36909441866341586
0.628515160211611	0.37148483978838864
0.6288007646078462	0.3711992353921535
0.6294253138328241	0.37057468616717565
0.6290733088611371	0.37092669113886256
0.6267277077046323	0.3732722922953674
0.6305245148459422	0.3694754851540575
0.6281370591204524	0.3718629408795473
0.6316854451698701	0.36831455483012954
0.6316901788772862	0.3683098211227135
0.628852122454415	0.37114787754558465
0.6285800956750445	0.3714199043249552
0.6303634574815044	0.3696365425184953
0.6264708233620675	0.37352917663793217
0.626890532220012	0.37310946777998766
0.6284891849951415	0.3715108150048582
0.6308811702341524	0.3691188297658473
0.6302905191372967	0.3697094808627029
0.6308706702111482	0.3691293297888515
0.6285700669845626	0.37142993301543703
0.6292792186505435	0.3707207813494562
0.6297622481380274	0.37023775186197233
0.6301905141336015	0.3698094858663981
0.6296942058105266	0.37030579418947307
0.6281714697305064	0.37182853026949325
0.629289617770514	0.3707103822294857
0.6300046632642289	0.3699953367357708
0.6287768982513805	0.37122310174861917
0.6294844808766056	0.37051551912339414
0.6285580707940226	0.3714419292059771
0.6291027761851689	0.3708972238148308
0.6271008400590548	0.3728991599409449
0.6288646042469048	0.37113539575309484
0.6294039725920929	0.37059602740790676
0.6287244003872419	0.37127559961275786
0.6276062424528096	0.37239375754719006
0.626386908724199	0.37361309127580067
0.6312731781536096	0.36872682184639005
0.6276840866918261	0.3723159133081736
0.6293846745002895	0.3706153254997102
0.6283553370059468	0.37164466299405285
0.6268637863566601	0.3731362136433396
0.6271063104603372	0.37289368953966257
0.6292363476743698	0.3707636523256299
0.6277236688336003	0.37227633116639935
0.6277221265789233	0.3722778734210763
0.6267912927910109	0.3732087072089888
0.630433147073506	0.3695668529264937
0.6308615923785083	0.3691384076214914
0.6316647478647509	0.36833525213524876
0.6315080965335556	0.36849190346644417
0.628645170845272	0.3713548291547277
0.6276882281403231	0.37231177185967657
0.626450396639816	0.3735496033601836
0.6289579143328704	0.37104208566712926
0.6276416404189384	0.3723583595810612
0.628019334557218	0.37198066544278163
0.6291192244180505	0.3708807755819492
0.6268648713468353	0.37313512865316434
0.6302251461227794	0.3697748538772203
0.630662027683626	0.36933797231637366
0.6299119506019621	0.3700880493980375
0.6282506482511551	0.3717493517488446
0.6284956001853041	0.3715043998146956
0.6292822866028085	0.3707177133971911
0.6277501485592933	0.3722498514407063
0.6287826800944826	0.3712173199055171
0.6311856421511548	0.36881435784884486
0.6266386786853444	0.37336132131465527
0.6309495643288097	0.36905043567119
0.6278086900877319	0.3721913099122678
0.6306887936884062	0.3693112063115935
0.628581452174708	0.37141854782529166
0.6310476629026038	0.36895233709739583
0.6299496121616833	0.37005038783831634
0.6282352978204683	0.3717647021795314
0.6304543699146942	0.3695456300853055
0.6276447857085673	0.37235521429143237
0.6282040394921988	0.3717959605078009
0.6264323375572534	0.37356766244274636
0.6298682729065843	0.37013172709341535
0.630609658170043	0.36939034182995667
0.6276118801946958	0.37238811980530384
0.6288591770460149	0.37114082295398476
0.6281490772157732	0.3718509227842265
0.6271645903551374	0.3728354096448623
0.6316645101795914	0.3683354898204083
0.6312303506927455	0.3687696493072542
0.629810577087117	0.37018942291288265
0.6267697401945229	0.37323025980547675
0.6271139268397231	0.37288607316027655
0.6280726505994011	0.3719273494005986
0.6296518972283183	0.3703481027716814
0.628257383641155	0.37174261635884465
0.6273762782505572	0.37262372174944247
0.6299916902583489	0.3700083097416508
0.627034644574965	0.3729653554250346
0.6275366811103498	0.37246331888964995
0.6282804703387228	0.37171952966127686
0.6290952355055739	0.3709047644944258
0.6307341050993112	0.3692658949006885
0.6281972596221976	0.37180274037780203
0.6311081409880874	0.36889185901191224
0.627301722013023	0.37269827798697663
0.6277832221225825	0.3722167778774172
0.630394931580831	0.36960506841916857
0.6304872798853698	0.3695127201146299
0.6312337740111253	0.3687662259888743
0.6276732584838	0.3723267415161997
0.6297448057645032	0.37025519423549647
0.6275406858709083	0.37245931412909145
0.6268459669749521	0.37315403302504757
0.6268224878451883	0.3731775121548113
0.6295991370779781	0.3704008629220215
0.6299040910419007	0.37009590895809896
0.6288385874993223	0.3711614125006773
0.6282014842289735	0.3717985157710262
0.6304779951125336	0.3695220048874661
0.6276091003254446	0.3723908996745551
0.6277075980330283	0.37229240196697133
0.6287406656316183	0.3712593343683814
0.6297974439545804	0.37020255604541924
0.627044250413571	0.37295574958642863
0.628420944546902	0.3715790554530976
0.627328740413632	0.3726712595863677
0.6311460045397349	0.36885399546026476
0.6315879849251665	0.3684120150748331
0.6301208727286676	0.3698791272713321
0.6280617597029216	0.3719382402970781
0.6277268739572246	0.372273126042775
0.6266254386534587	0.37337456134654107
0.6314447776870658	0.36855522231293386
0.628830274735217	0.3711697252647826
0.6287534799875402	0.3712465200124595
0.6303475841987733	0.3696524158012263
0.6281865619937687	0.371813438006231
0.6280257993834335	0.37197420061656616
0.6285465118983353	0.37145348810166434
0.6266501252600114	0.37334987473998826
0.6280276378996481	0.3719723621003515
0.6287686075232598	0.37123139247673986
0.6299596453296851	0.3700403546703146
0.631654194416118	0.36834580558388164
0.6312346976514406	0.3687653023485591
0.6285108417525386	0.3714891582474611
0.6314222322164568	0.3685777677835429
0.6271840890716154	0.37281591092838423
0.6285037117350213	0.3714962882649784
0.6301824417608711	0.36981755823912854
0.6265823102547288	0.3734176897452709
0.6281374673237774	0.37186253267622227
0.6279490602858002	0.37205093971419945
0.6309259675966087	0.369074032403391
0.6309791716156204	0.3690208283843792
0.6307782996976352	0.36922170030236445
0.6266248816816803	0.3733751183183194
0.6280922413340806	0.3719077586659191
0.629884220356419	0.37011577964358067
0.6293330668633828	0.3706669331366169
0.6313190741043736	0.36868092589562607
0.6275776998381704	0.37242230016182926
0.6274116189236618	0.37258838107633785
0.6281865497250115	0.37181345027498813
0.6267884973823359	0.3732115026176638
0.6298891008036348	0.37011089919636486
0.6286117256977237	0.371388274302276
0.6308128272566922	0.3691871727433074
0.6281208459918651	0.37187915400813454
0.6297566248089255	0.37024337519107425
0.6272635089244205	0.3727364910755791
0.6317031825886905	0.3682968174113092
0.6299142000030331	0.3700857999969665
0.6284580307501274	0.37154196924987226
0.6274461467960265	0.37255385320397316
0.6318361355282317	0.36816386447176797
0.63046103715244	0.3695389628475597
0.6284494558785159	0.3715505441214838
0.6279857237478015	0.3720142762521982
0.6313211596338734	0.3686788403661263
0.6279174467699196	0.3720825532300801
0.6311408715815996	0.36885912841840013
0.6302721501751298	0.3697278498248699
0.6278684156769342	0.3721315843230655
0.6276538844771681	0.3723461155228316
0.6292945222384778	0.3707054777615218
0.6291027542720695	0.3708972457279302
0.6297197121899343	0.3702802878100654
0.6283083611999417	0.37169163880005796
0.6274059805372425	0.37259401946275716
0.6271189216538143	0.37288107834618534
0.6273816042247046	0.3726183957752951
0.6286930116655944	0.37130698833440523
0.6309942723774129	0.3690057276225867
0.6265861741418934	0.3734138258581062
0.6303735263189064	0.36962647368109325
0.6288555578913979	0.3711444421086017
0.6265968461432843	0.3734031538567154
0.6296642139650445	0.3703357860349552
0.6312171252861517	0.36878287471384796
0.626803230398504	0.37319676960149556
0.6271597782111673	0.3728402217888324
0.6291864292420162	0.3708135707579835
0.6270239266668967	0.372976073333103
0.6289346366970484	0.37106536330295126
0.6274921322955163	0.3725078677044834
0.6278260350303793	0.3721739649696204
0.6294799799750129	0.37052002002498674
0.6311997075893524	0.36880029241064727
0.6267560155383607	0.373243984461639
0.6298702206296735	0.3701297793703262
0.6268509893512473	0.37314901064875244
0.6286866942923266	0.3713133057076731
0.6308624741635914	0.36913752583640824
0.6292988146117535	0.37070118538824615
0.6297585720006706	0.370241427999329
0.6304548329389361	0.3695451670610636
0.6269407767728877	0.37305922322711194
0.6270612937864445	0.3729387062135552
0.628110404450323	0.3718895955496767
0.6305430035192152	0.3694569964807844
0.6266479855100997	0.37335201448989996
0.6265359707971419	0.3734640292028578
0.6270728582187859	0.3729271417812138
0.6265991643562168	0.3734008356437829
0.628961261038153	0.3710387389618467
0.6282454313764171	0.3717545686235826
0.6291744745970682	0.3708255254029314
0.6299856142301423	0.37001438576985735
0.6289244242809332	0.37107557571906646
0.6282042540322959	0.3717957459677038
0.6284478230685491	0.3715521769314506
0.6314983390069712	0.3685016609930285
0.6271194806216325	0.37288051937836714
0.6311045325261309	0.36889546747386875
0.6286097282307959	0.3713902717692038
0.6264846832909429	0.3735153167090568
0.6314990805892222	0.36850091941077745
0.6291675775636504	0.3708324224363493
0.6297588670252003	0.3702411329747993
0.6302026659792758	0.3697973340207239
0.6277411624924815	0.3722588375075182
0.631534836219201	0.36846516378079863
0.6309753943731978	0.36902460562680184
0.6317754414049587	0.368224558595041
0.6270464330663481	0.37295356693365156
0.6290111640560211	0.3709888359439786
0.6268179004712268	0.3731820995287729
0.6281864490396027	0.37181355096039687
0.628605942887934	0.37139405711206563
0.6296065954045836	0.37039340459541603
0.6294227130177485	0.37057728698225106
0.6280574737609232	0.3719425262390764
0.630525684024662	0.3694743159753377
0.628391393449855	0.3716086065501447
0.6292278642397532	0.3707721357602465
0.6305215250083458	0.36947847499165387
0.6284937862754165	0.3715062137245832
0.6281273419770123	0.3718726580229874
0.6303082475940298	0.3696917524059699
0.6283892028062561	0.37161079719374357
0.6309868359008035	0.36901316409919616
0.6265704969183866	0.37342950308161305
0.6313904524157378	0.3686095475842619
0.6302378138953502	0.3697621861046495
0.6313419602132376	0.36865803978676204
0.6272530966015133	0.3727469033984864
0.630449872852404	0.3695501271475957
0.6302928441370872	0.3697071558629125
0.6295099855964947	0.37049001440350493
0.6276120114579719	0.3723879885420278
0.6266361511102996	0.3733638488897001
0.629358053026125	0.37064194697387465
0.6318282998565448	0.3681717001434549
0.6314724707255508	0.36852752927444893
0.6265643189177982	0.3734356810822015
0.6278248966989787	0.372175103301021
0.6311981006818405	0.3688018993181592
0.629659078614794	0.37034092138520563
0.6273744099106833	0.3726255900893164
0.6311288735433644	0.3688711264566352
0.6301383593688477	0.369861640631152
0.626806857294679	0.3731931427053207
0.627948413079652	0.3720515869203477
0.6314028457234074	0.36859715427659223
0.6284454684291361	0.3715545315708636
0.6266297515425268	0.37337024845747296
0.6306629322134674	0.3693370677865323
0.6303049203816383	0.36969507961836134
0.631126935909147	0.36887306409085263
0.6276726772819272	0.3723273227180725
0.6285384855118167	0.371461514488183
0.6263948914190001	0.37360510858099966
0.630353961098753	0.3696460389012467
0.6276700508368663	0.37232994916313333
0.6287351997364844	0.37126480026351527
0.6266712579595246	0.37332874204047506
0.6267282821153275	0.37327171788467217
0.6288318471791595	0.37116815282084015
0.6297260491790364	0.3702739508209633
0.6313656680585236	0.3686343319414761
0.627276653475126	0.37272334652487366
0.6302241229405852	0.3697758770594145
0.6317405411837878	0.3682594588162119
0.6296598354798498	0.37034016452014984
0.6296722355496239	0.37032776445037574
0.629899413729173	0.37010058627082665
0.6317404306663209	0.36825956933367876
0.6302045697554232	0.3697954302445765
0.6317446607988335	0.36825533920116615
0.6304052981898628	0.36959470181013687
0.6302272617436372	0.3697727382563625
0.6310460159345367	0.368953984065463
0.6277887314922221	0.3722112685077775
0.6272389553459206	0.3727610446540791
0.6296802911503462	0.3703197088496535
0.6300911496977739	0.3699088503022258
0.6311860768966497	0.36881392310334987
0.6316769917074612	0.3683230082925385
0.6308732550856381	0.3691267449143616
0.6293528122718302	0.3706471877281695
0.628048341743734	0.37195165825626564
0.630686893024337	0.36931310697566266
0.6276892576462436	0.3723107423537561
0.6264749391755949	0.37352506082440473
0.6315610689758213	0.3684389310241783
0.6291128367702006	0.3708871632297991
0.6317175503850814	0.3682824496149183
0.6296331000554243	0.37036689994457533
0.6317661436217992	0.3682338563782005
0.6295622889591915	0.37043771104080814
0.6284609100534697	0.37153908994653
0.6284377935259644	0.37156220647403526
0.6285373259971475	0.37146267400285216
0.6295883338011317	0.37041166619886795
0.6304687316951804	0.3695312683048193
0.6306888437525824	0.3693111562474172
0.6299147853569689	0.37008521464303074
0.6294450259688599	0.3705549740311398
0.6296774067858915	0.37032259321410815
0.6288036065121914	0.37119639348780836
0.6311760428436505	0.3688239571563492
0.6304500338779144	0.36954996612208524
0.6272748821031298	0.3727251178968699
0.6318104990704041	0.3681895009295956
0.630915292678084	0.3690847073219157
0.6306062273509057	0.36939377264909395
0.6288047154014738	0.37119528459852585
0.6311302224058084	0.3688697775941913
0.6311332810072758	0.36886671899272383
0.631800475738809	0.3681995242611906
0.6302981320412376	0.36970186795876203
0.6303830293137854	0.36961697068621424
0.6266153591191916	0.37338464088080797
0.6311996290425245	0.3688003709574752
0.6268860920577505	0.3731139079422492
0.629982900728171	0.37001709927182874
0.6277640723657363	0.37223592763426344
0.6285706899471148	0.3714293100528848
0.6304825193081794	0.3695174806918202
0.6284167769153404	0.37158322308465924
0.6314821370800066	0.3685178629199931
0.6267867966611578	0.3732132033388419
0.6317722285705107	0.368227771429489
0.6263905890839239	0.37360941091607586
0.6310349826713825	0.3689650173286172
0.6316662634550644	0.3683337365449353
0.6300969209195925	0.3699030790804072
0.6278319628435263	0.3721680371564734
0.6289392385694297	0.37106076143056993
0.6282117554854696	0.3717882445145301
0.6305089548737909	0.3694910451262088
0.6316852053600887	0.368314794639911
0.6293422791314803	0.37065772086851934
0.6291119443351983	0.3708880556648013
0.6305598324468495	0.36944016755315007
0.6297633713010895	0.37023662869891016
0.6310451964424911	0.36895480355750854
0.6295642493727249	0.3704357506272748
0.6275118202926102	0.3724881797073894
0.6296851014847185	0.3703148985152812
0.6294630988574774	0.37053690114252225
0.6297830300090138	0.37021696999098586
0.6282959952570064	0.37170400474299325
0.6305710708625708	0.36942892913742886
0.6300521478809733	0.36994785211902637
0.627264129496266	0.3727358705037337
0.6294071329934061	0.37059286700659355
0.6287181603120449	0.3712818396879548
0.6312680684424881	0.36873193155751155
0.6274583689021924	0.3725416310978073
0.6312013419103979	0.36879865808960177
0.6276649557716304	0.37233504422836927
0.6310377429972781	0.36896225700272156
0.6274709143692648	0.37252908563073484
0.6312928013213877	0.36870719867861196
0.6274321655773611	0.3725678344226386
0.6286784133980641	0.37132158660193565
0.6266026379236982	0.37339736207630153
0.6299183477865723	0.37008165221342737
0.628760635891935	0.3712393641080647
0.6275558626681805	0.3724441373318191
0.630517879527205	0.3694821204727947
0.6316204696600508	0.36837953033994886
0.6310253534176105	0.3689746465823892
0.629793721823768	0.37020627817623164
0.6288873471425592	0.37111265285744044
0.6277672349282543	0.3722327650717454
0.6269677188544428	0.37303228114555687
0.6298998526129108	0.37010014738708885
0.6305052111550701	0.3694947888449296
0.6289250249138769	0.37107497508612275
0.627016945234132	0.3729830547658677
0.6288516795666492	0.37114832043335044
0.6278987386248622	0.37210126137513744
0.6314986263384206	0.3685013736615791
0.6278666972041084	0.3721333027958913
0.6313784460534578	0.36862155394654184
0.6295601166130412	0.37043988338695844
0.6279683338659671	0.3720316661340326
0.6274923757580968	0.37250762424190287
0.6310042802253089	0.3689957197746908
0.6317502227934395	0.36824977720656016
0.6311856627574312	0.3688143372425685
0.6265499144658515	0.37345008553414816
0.6282939207956096	0.37170607920439
0.6278298053249985	0.3721701946750011
0.6311996015037558	0.36880039849624385
0.6309695207562601	0.36903047924373955
0.6288636886954098	0.37113631130458996
0.6305390631066968	0.36946093689330284
0.6314169428127716	0.368583057187228
0.6273526151010178	0.3726473848989818
0.6289171753863838	0.37108282461361586
0.6280012813930841	0.3719987186069156
0.6286772613588617	0.37132273864113796
0.6304852553520706	0.36951474464792916
0.6289172876320859	0.3710827123679138
0.6288793481375372	0.3711206518624625
0.6293762359432172	0.37062376405678243
0.6267094150650373	0.37329058493496237
0.6290390839416095	0.3709609160583902
0.6290813628259304	0.3709186371740693
0.631242070069469	0.3687579299305307
0.6300461501273201	0.36995384987267954
0.6287618995560313	0.3712381004439683
0.6310072438503493	0.3689927561496503
0.6311488001389496	0.3688511998610501
0.6265143085123782	0.37348569148762145
0.6268855488770357	0.37311445112296393
0.628718154381607	0.3712818456183926
0.6315468069859982	0.3684531930140014
0.6286705854808047	0.371329414519195
0.6304788577411001	0.36952114225889954
0.6285426209574434	0.37145737904255627
0.6296572360472968	0.3703427639527028
0.6316641801661964	0.3683358198338032
0.6301795757092481	0.36982042429075157
0.6309317848537896	0.3690682151462101
0.6300452218636161	0.36995477813638356
0.6302107531294759	0.3697892468705237
0.6281552157149093	0.3718447842850904
0.628570943016258	0.3714290569837416
0.6275491223805589	0.37245087761944073
0.6305307963297653	0.36946920367023445
0.6289024492909405	0.37109755070905914
0.6309379668147301	0.36906203318526953
0.6283874563332601	0.37161254366673957
0.6292917141555893	0.3707082858444104
0.6293609647782152	0.37063903522178443
0.6266649359471078	0.37333506405289185
0.6304412588356048	0.3695587411643949
0.630198071267371	0.3698019287326286
0.6315326183171641	0.3684673816828356
0.6317338978831343	0.3682661021168654
0.6266656478403634	0.3733343521596363
0.6310029155905574	0.3689970844094423
0.6289218865030947	0.371078113496905
0.6278707477173171	0.3721292522826825
0.6287557073359658	0.3712442926640339
0.631508007903387	0.36849199209661265
0.6268909868153849	0.37310901318461476
0.629405426114553	0.37059457388544664
0.6281729266043283	0.37182707339567134
0.6264821315870118	0.37351786841298784
0.6275202577247575	0.37247974227524216
0.6277457352462025	0.3722542647537972
0.6310758559044153	0.3689241440955844
0.6289576937085499	0.3710423062914497
0.6316656348154405	0.3683343651845592
0.6298069736709906	0.3701930263290091
0.6274561646179075	0.37254383538209207
0.6278444171691591	0.3721555828308406
0.6266147392235029	0.3733852607764968
0.6271163092384826	0.3728836907615171
0.6298015006944159	0.3701984993055838
0.6285090162714226	0.3714909837285771
0.6311016821008227	0.36889831789917693
0.627274929433832	0.37272507056616766
0.6282797480971933	0.37172025190280633
0.6310778557481115	0.3689221442518882
0.6312567134558881	0.3687432865441116
0.6282415365122445	0.3717584634877552
0.6315609975853409	0.36843900241465877
0.6265562605541042	0.37344373944589543
0.6308960447879761	0.36910395521202355
0.6277346756543563	0.3722653243456434
0.6301125212938599	0.36988747870613975
0.6276300827669891	0.3723699172330106
0.6266088610903299	0.3733911389096698
0.6311151011431985	0.3688848988568012
0.6301947870514082	0.3698052129485915
0.6308563647252967	0.36914363527470295
0.6277468266365419	0.37225317336345776
0.6286506514708079	0.37134934852919177
0.6281287690426793	0.37187123095732033
0.6308736230767852	0.3691263769232145
0.6299339295622528	0.3700660704377468
0.629797110003011	0.3702028899969887
0.6279755083976546	0.3720244916023451
0.6265470249341969	0.3734529750658028
0.6304683371275195	0.3695316628724801
0.6298659205877682	0.3701340794122314
0.6294659265290273	0.37053407347097234
0.6287396308157377	0.371260369184262
0.6272712625603517	0.37272873743964796
0.6309940869053262	0.36900591309467345
0.6295090825773397	0.3704909174226599
0.6278262319975336	0.37217376800246604
0.6271401900965579	0.3728598099034418
0.6289859546785679	0.3710140453214318
0.629147690037061	0.37085230996293866
0.6303239666905487	0.369676033309451
0.6274086176797926	0.37259138232020705
0.6313689310730808	0.3686310689269189
0.6303607454332837	0.369639254566716
0.628486451656009	0.37151354834399064
0.6275048241482344	0.3724951758517653
0.6271850520015652	0.37281494799843456
0.629953260094596	0.3700467399054037
0.6270232091159094	0.3729767908840903
0.6308041703408322	0.3691958296591674
0.6301649425054352	0.36983505749456447
0.6298883540721657	0.37011164592783397
0.6278102024468508	0.37218979755314885
0.6286515088460453	0.3713484911539544
0.6265104206202246	0.3734895793797751
0.6288513869350529	0.37114861306494673
0.6273272347054292	0.3726727652945705
0.6306064978321493	0.36939350216785033
0.6284406495502916	0.3715593504497081
0.6289113671294227	0.3710886328705769
0.6272442632530421	0.3727557367469576
0.6302071259737742	0.3697928740262255
0.6302839709549203	0.3697160290450794
0.6278201598913555	0.37217984010864413
0.6311111874321583	0.36888881256784134
0.6317046547406543	0.3682953452593454
0.6302302779461312	0.3697697220538685
0.628648081901383	0.3713519180986167
0.6294001260128682	0.37059987398713146
0.628767007897017	0.37123299210298266
0.6299288061283959	0.3700711938716038
0.6288979000506707	0.37110209994932897
0.6273528382396505	0.3726471617603492
0.6318380664937153	0.36816193350628434
0.6314721738873326	0.36852782611266716
0.6298207427621381	0.3701792572378616
0.62770115207026	0.3722988479297397
0.6305050658017125	0.36949493419828716
0.6263829541275416	0.37361704587245803
0.6297935006343032	0.37020649936569644
0.6270460620688059	0.37295393793119375
0.6276593440386056	0.37234065596139404
0.626734047714379	0.37326595228562065
0.6272521594313148	0.3727478405686848
0.6278324151973702	0.3721675848026295
0.630010704545652	0.3699892954543477
0.6298176256252224	0.37018237437477736
0.6280151164777138	0.37198488352228587
0.6277503100750579	0.37224968992494184
0.6285018121446724	0.37149818785532734
0.6315730025695613	0.3684269974304384
0.6305739115625064	0.3694260884374933
0.6266441473424439	0.3733558526575558
0.6278371495152623	0.3721628504847374
0.6299403015094804	0.37005969849051923
0.6302684518218702	0.3697315481781295
0.6275491610467848	0.37245083895321485
0.6298767347117336	0.37012326528826606
0.6286088808461097	0.37139111915389
0.6288523121755628	0.37114768782443686
0.6291236752098004	0.3708763247901992
0.6271921746773883	0.37280782532261136
0.6294810908700965	0.37051890912990315
0.6291412019020788	0.3708587980979208
0.6302537011558107	0.3697462988441889
0.6290969671451473	0.3709030328548524
0.6282101534158061	0.37178984658419356
0.6313639452770378	0.3686360547229619
0.6303527295488847	0.369647270451115
0.6269644129234858	0.37303558707651385
0.6297525201614337	0.370247479838566
0.6312505039035204	0.3687494960964792
0.6278383204347937	0.37216167956520596
0.6290812122069205	0.37091878779307924
0.629205180903854	0.37079481909614564
0.6281711809392667	0.37182881906073295
0.6273616622285231	0.3726383377714766
0.6311856404874108	0.36881435951258884
0.6301045515285606	0.36989544847143907
0.6307139252798597	0.36928607472014
0.6296836675920068	0.3703163324079929
0.6315047430654391	0.36849525693456053
0.6274521480448472	0.3725478519551525
0.6278413944629697	0.37215860553702995
0.6314480250295125	0.3685519749704872
0.6297968175123472	0.3702031824876525
0.6315665241389186	0.3684334758610811
0.627118611312762	0.3728813886872376
0.62667731451719	0.3733226854828097
0.6298104099362687	0.370189590063731
0.6317723109571391	0.3682276890428606
0.6301742370270602	0.3698257629729394
0.6300683977399603	0.3699316022600394
0.6265015997523566	0.3734984002476431
0.628997009571162	0.37100299042883766
0.6273020717561645	0.3726979282438352
0.6265357859878373	0.37346421401216234
0.6278990299060508	0.3721009700939488
0.631135158753974	0.36886484124602564
0.6298232719850307	0.370176728014969
0.6295918291600736	0.37040817083992605
0.6312810782690245	0.3687189217309752
0.6286261911422096	0.37137380885779003
0.6279735717397955	0.37202642826020416
0.629429514903888	0.3705704850961117
0.6289643485507197	0.37103565144927997
0.6277399216038031	0.3722600783961966
0.6281049441239641	0.37189505587603555
0.6298294442358071	0.37017055576419255
0.6297509853474706	0.370249014652529
0.6306228268236834	0.36937717317631624
0.6308347870721545	0.3691652129278452
0.6285952509216637	0.371404749078336
0.6292242057677084	0.37077579423229123
0.6273176228800421	0.3726823771199576
0.6289677699234754	0.3710322300765243
0.6270900937516576	0.3729099062483421
0.6289869386652585	0.37101306133474127
0.6296332071558347	0.37036679284416496
0.6297296412376346	0.370270358762365
0.6318288358737769	0.36817116412622275
0.6287161698921042	0.37128383010789545
0.627309048775218	0.3726909512247817
0.6301484290508997	0.36985157094909993
0.6272311223575602	0.3727688776424395
0.6299673259792037	0.370032674020796
0.631561124532488	0.36843887546751164
0.6311749930932703	0.36882500690672937
0.6299053839915725	0.37009461600842714
0.6297435254716719	0.3702564745283278
0.6314561473439295	0.3685438526560702
0.6280962038843781	0.3719037961156215
0.6313008909206179	0.36869910907938175
0.6279130850716205	0.3720869149283792
0.6301314512768202	0.3698685487231794
0.6304590019367105	0.3695409980632892
0.6280468080097813	0.37195319199021837
0.6313930802827394	0.3686069197172603
0.6269418755101271	0.3730581244898725
0.6268933068508951	0.3731066931491046
0.6292337391285621	0.3707662608714376
0.6301890870420935	0.36981091295790613
0.6286001356787563	0.3713998643212434
0.629707072222262	0.37029292777773765
0.6290275297243515	0.37097247027564817
0.630833893399183	0.36916610660081667
0.6303570427145901	0.3696429572854096
0.6307630165249591	0.3692369834750405
0.6311768072433313	0.36882319275666836
0.6313673156589006	0.3686326843410991
0.6297140270679524	0.37028597293204724
0.6293781902971729	0.37062180970282677
0.6277931264048191	0.3722068735951806
0.6279036460702115	0.3720963539297881
0.6313315486399456	0.36866845136005405
0.6307813733072742	0.36921862669272537
0.6280224704972981	0.3719775295027016
0.6300424718212966	0.3699575281787031
0.6278346261224778	0.3721653738775219
0.6277460400602427	0.37225395993975696
0.6312397285061464	0.3687602714938532
0.6304943869591981	0.36950561304080154
0.6310261999829658	0.36897380001703384
0.6273681221956283	0.37263187780437135
0.6301414785322178	0.36985852146778186
0.6308292466123414	0.36917075338765826
0.6277431884194798	0.3722568115805198
0.6264591878394122	0.37354081216058743
0.6268668891756752	0.3731331108243245
0.6288522824386155	0.3711477175613842
0.6301066838184709	0.36989331618152876
0.6297036398773845	0.37029636012261513
0.6313753928856024	0.36862460711439726
0.6288775343658244	0.37112246563417534
0.6306906208567847	0.36930937914321493
0.6304750363230974	0.36952496367690224
0.6300108502631085	0.36998914973689107
0.627185478745432	0.3728145212545677
0.627169449148388	0.37283055085161165
0.6281714568165531	0.3718285431834466
0.6292448388061396	0.37075516119386015
0.6311002307214607	0.36889976927853896
0.6267567951108511	0.3732432048891485
0.6315418137511284	0.36845818624887133
0.6268972734756801	0.37310272652431953
0.6312773898563284	0.3687226101436712
0.627916306673685	0.37208369332631464
0.6267404800290525	0.3732595199709472
0.6293264122791115	0.3706735877208882
0.6294419463139841	0.3705580536860156
0.6291087392918859	0.37089126070811373
0.6267236020404165	0.37327639795958306
0.6296013792905312	0.3703986207094685
0.6282616929036227	0.37173830709637706
0.6293084292612988	0.37069157073870085
0.6316667644554506	0.3683332355445491
0.627728154216185	0.3722718457838147
0.6274997366543741	0.3725002633456256
0.6289733243301864	0.3710266756698133
0.631522544713389	0.3684774552866107
0.6299252475962132	0.3700747524037865
0.6292648429002872	0.37073515709971244
0.6267314101889219	0.3732685898110778
0.6314967064868628	0.3685032935131368
0.6289595151405535	0.3710404848594462
0.6269771551205706	0.37302284487942905
0.627537828748838	0.3724621712511617
0.6314761028152673	0.36852389718473233
0.6309317114466324	0.3690682885533672
0.6280487065094318	0.37195129349056794
0.6317897552610252	0.3682102447389744
0.6270944364256443	0.37290556357435534
0.6271286809651773	0.3728713190348224
0.6283122646108965	0.3716877353891032
0.6312146164833858	0.36878538351661383
0.6302419529970603	0.36975804700293935
0.6273543452162192	0.3726456547837804
0.6273953785070696	0.3726046214929301
0.6271576490928632	0.3728423509071365
0.6307678038098434	0.36923219619015624
0.6272042484483167	0.37279575155168304
0.6310410827932104	0.3689589172067893
0.6310416668494361	0.36895833315056364
0.6296232601580312	0.3703767398419685
0.6265751098970244	0.3734248901029753
0.6282491689306215	0.3717508310693781
0.6305856027448095	0.3694143972551902
0.631348511991355	0.36865148800864467
0.6307429027081941	0.3692570972918056
0.6281308240532517	0.37186917594674795
0.6284958418227637	0.3715041581772359
0.6272252192913584	0.37277478070864123
0.627728876827032	0.3722711231729676
0.6279854034227702	0.37201459657722946
0.6314426361143355	0.3685573638856642
0.6269990336111307	0.3730009663888689
0.6290827391578298	0.3709172608421699
0.6272500037875126	0.37274999621248706
0.6308184800725392	0.3691815199274605
0.6270192673260537	0.3729807326739459
0.6278198532660375	0.37218014673396216
0.6273872963758841	0.3726127036241156
0.6299337774037205	0.3700662225962792
0.629622924232859	0.3703770757671407
0.6289488469954165	0.3710511530045832
0.6301959682791555	0.3698040317208442
0.6300940947995126	0.36990590520048705
0.6275594253610648	0.3724405746389349
0.6302431322201376	0.36975686777986205
0.6313399564835194	0.3686600435164803
0.6291715939388638	0.3708284060611359
0.6295791193293393	0.37042088067066037
0.6297300511616493	0.3702699488383504
0.6296431747965928	0.37035682520340685
0.6309293073797209	0.3690706926202788
0.6267288848293596	0.37327111517064004
0.6305984777097822	0.3694015222902175
0.6281857287531054	0.37181427124689426
0.6317880629716743	0.36821193702832533
0.6273076723569688	0.37269232764303084
0.6265446498498013	0.3734553501501984
0.6295191695419473	0.37048083045805236
0.6298732325189694	0.37012676748103024
0.6274584066521377	0.37254159334786197
0.6277384937372407	0.372261506262759
0.6285571869820381	0.37144281301796156
0.6278139985393731	0.3721860014606265
0.6269432976527152	0.37305670234728455
0.6306801295248758	0.3693198704751239
0.6313751528914241	0.36862484710857557
0.6317352718922027	0.36826472810779703
0.6312789236198115	0.36872107638018814
0.6300470025350668	0.3699529974649329
0.6290549679474813	0.3709450320525184
0.6291256777429001	0.3708743222570996
0.6290778242242487	0.37092217577575093
0.6284183225409496	0.37158167745905
0.6291757841309472	0.37082421586905245
0.6280153810293877	0.37198461897061197
0.6310837568793363	0.3689162431206634
0.6297369402827849	0.37026305971721474
0.6299987852529598	0.3700012147470398
0.6301319164740551	0.3698680835259446
0.6297953294036396	0.3702046705963601
0.626426183606594	0.3735738163934057
0.6277914363529354	0.37220856364706423
0.6267039344261655	0.3732960655738342
0.6289872366689381	0.3710127633310616
0.6279318275571014	0.37206817244289825
0.626782154298178	0.3732178457018217
0.626613241511851	0.3733867584881486
0.6273483298965942	0.3726516701034055
