0.5382317793536795	0.46176822064632017
0.538193757862628	0.4618062421373716
0.538209346068625	0.46179065393137464
0.5382111366624468	0.46178886333755287
0.5383242094765455	0.4616757905234542
0.5382679055867096	0.4617320944132901
0.5383717174826784	0.46162828251732124
0.5382177241756699	0.46178227582432974
0.5383703013945793	0.46162969860542036
0.5382757009597476	0.4617242990402521
0.5383074235657839	0.4616925764342158
0.5382709832843704	0.4617290167156292
0.5382503485836507	0.46174965141634894
0.5383240797617216	0.4616759202382781
0.5384170977660051	0.4615829022339945
0.5382411701582926	0.46175882984170696
0.5383115229128603	0.46168847708713934
0.5384115054374011	0.46158849456259854
0.5382737695924203	0.4617262304075793
0.5384183401987049	0.46158165980129473
0.5382977567471368	0.46170224325286296
0.538237116843581	0.46176288315641867
0.5383795281756526	0.46162047182434707
0.5384220592854166	0.46157794071458297
0.5383806362998154	0.46161936370018436
0.53831173754162	0.4616882624583797
0.538345615637823	0.4616543843621767
0.5382507922524837	0.46174920774751593
0.5383080179867845	0.46169198201321515
0.5382492483563864	0.46175075164361323
0.538192120414675	0.46180787958532465
0.5382305742598595	0.4617694257401401
0.538258964722465	0.4617410352775346
0.5383672030974356	0.46163279690256415
0.5383737849244611	0.4616262150755386
0.5382930019632987	0.46170699803670096
0.5383367878206992	0.4616632121793005
0.5384207964475891	0.4615792035524105
0.5384066525760931	0.46159334742390656
0.5381873408470024	0.46181265915299735
0.5384242528843284	0.4615757471156713
0.5382993464519293	0.4617006535480704
0.5383563048868671	0.46164369511313247
0.5382856007488106	0.46171439925118907
0.5383937828334738	0.4616062171665259
0.5382564258652217	0.46174357413477796
0.5383998073134767	0.46160019268652297
0.5383451493028304	0.4616548506971693
0.5383631121389871	0.4616368878610126
0.5382904636080058	0.4617095363919939
0.5383897288447165	0.46161027115528325
0.5383999551129657	0.461600044887034
0.5382697656928022	0.4617302343071975
0.5382358331710055	0.4617641668289941
0.5383779865857963	0.4616220134142034
0.5383629407978727	0.46163705920212694
0.5383074601566319	0.46169253984336783
0.5383740788393804	0.4616259211606193
0.538323729848416	0.4616762701515837
0.5384010301426706	0.4615989698573291
0.5382558992803286	0.46174410071967104
0.5382241232559255	0.4617758767440742
0.5382528752236674	0.4617471247763323
0.5382618279742084	0.46173817202579126
0.5382150437097852	0.4617849562902144
0.5384403033739285	0.46155969662607127
0.5382693451178038	0.46173065488219595
0.5383978856551963	0.4616021143448033
0.5384230789669553	0.46157692103304443
0.5382298608818924	0.4617701391181072
0.5382299653923204	0.4617700346076793
0.5382372471545909	0.4617627528454088
0.5383814398422689	0.4616185601577308
0.5383942529868453	0.4616057470131544
0.5383725770633038	0.4616274229366959
0.5382794635134163	0.4617205364865834
0.5383496955410453	0.46165030445895444
0.538349620855387	0.4616503791446127
0.5382483268180912	0.46175167318190846
0.5384256269148233	0.4615743730851763
0.5382843970199147	0.46171560298008496
0.5383222483524986	0.4616777516475011
0.538317811509488	0.4616821884905117
0.5382384967540286	0.4617615032459711
0.5383894600638368	0.4616105399361629
0.538226660308689	0.4617733396913106
0.5384311933836492	0.46156880661635047
0.5382791830458292	0.46172081695417044
0.538289574256207	0.46171042574379256
0.5383704326487092	0.46162956735129046
0.5383363099711165	0.46166369002888324
0.5383199244182307	0.461680075581769
0.5383522565627795	0.4616477434372202
0.5382431575995394	0.46175684240046017
0.538257682732077	0.46174231726792275
0.5382600992891664	0.46173990071083326
0.5383442535709889	0.46165574642901075
0.5383266915337749	0.4616733084662248
0.5382411871743188	0.46175881282568093
0.5384255670263124	0.4615744329736873
0.5382766105408002	0.46172338945919944
0.538392802885828	0.46160719711417164
0.5383390310313985	0.46166096896860126
0.5382053150431202	0.4617946849568794
0.5384236588265976	0.4615763411734021
0.5384073081372435	0.4615926918627562
0.5383728426965565	0.4616271573034432
0.5383162297157303	0.46168377028426927
0.5382040012481334	0.46179599875186633
0.5383986855931974	0.4616013144068023
0.5382667488822629	0.4617332511177368
0.5383712192789639	0.46162878072103575
0.538268458333067	0.4617315416669327
0.5383170077521834	0.4616829922478162
0.5382823549476142	0.4617176450523855
0.5382793510756982	0.4617206489243014
0.538229601049508	0.4617703989504917
0.5382267632495594	0.46177323675044024
0.5382139536870629	0.46178604631293674
0.5383531144106922	0.46164688558930744
0.5383439924127318	0.46165600758726794
0.5382652501634282	0.4617347498365715
0.5384290444865789	0.46157095551342076
0.5382914274645365	0.4617085725354632
0.5382822237426302	0.4617177762573695
0.5384270281523555	0.4615729718476441
0.53836653330263	0.46163346669736977
0.5383103445891753	0.46168965541082446
0.5383079300739062	0.46169206992609346
0.5383767856887054	0.46162321431129427
0.5382705809500963	0.4617294190499034
0.5383320401981251	0.4616679598018746
0.5383088513339854	0.46169114866601424
0.5383216411027518	0.4616783588972478
0.5382247508752739	0.46177524912472584
0.5382069201335	0.4617930798664997
0.5383224037594593	0.46167759624054044
0.5381886126836608	0.46181138731633886
0.538391972031526	0.46160802796847367
0.5383593521496259	0.4616406478503737
0.5382691227706999	0.4617308772292998
0.5384038536082323	0.46159614639176744
0.5382525203076746	0.46174747969232516
0.5382493091779547	0.461750690822045
0.5382375787808152	0.4617624212191844
0.5382630604462997	0.4617369395537
0.5382980992982679	0.4617019007017318
0.5382615631623058	0.46173843683769394
0.5382124820388859	0.4617875179611137
0.5383380295624259	0.4616619704375737
0.5383905479494905	0.4616094520505092
0.5382283191988416	0.46177168080115805
0.5382896808036582	0.4617103191963414
0.5383897970647851	0.4616102029352146
0.5384192892377982	0.4615807107622014
0.5382369607196245	0.46176303928037526
0.5383629539389965	0.4616370460610032
0.5383089300791374	0.4616910699208623
0.5384080949637884	0.4615919050362113
0.5384132230179666	0.4615867769820331
0.5382267181257058	0.46177328187429395
0.5383018166025301	0.4616981833974696
0.5384242844615285	0.46157571553847115
0.538275880066559	0.46172411993344065
0.5383765583100238	0.46162344168997577
0.5382614178492082	0.4617385821507914
0.5383010302354174	0.46169896976458225
0.538325932031891	0.46167406796810867
0.5382765208668102	0.46172347913318945
0.5383373871259773	0.4616626128740223
0.5382603871194063	0.46173961288059334
0.5382158381713612	0.4617841618286385
0.5382340590641955	0.4617659409358041
0.5382041476186892	0.4617958523813105
0.5383732477540222	0.4616267522459775
0.5384364355620206	0.4615635644379791
0.5382191367700132	0.46178086322998646
0.538420351460225	0.4615796485397746
0.5383245467343121	0.46167545326568765
0.5383645949942802	0.4616354050057194
0.5383544773314247	0.46164552266857495
0.5383994175193393	0.4616005824806603
0.5383189274833681	0.4616810725166316
0.538325065504046	0.4616749344959537
0.5384023363025005	0.4615976636974992
0.5383006861166042	0.4616993138833954
0.5381949851489083	0.4618050148510914
0.538401556524487	0.46159844347551265
0.5383918302418298	0.4616081697581699
0.5383323191029461	0.4616676808970536
0.5382194996429281	0.46178050035707147
0.5384399489696892	0.4615600510303105
0.5384146996274678	0.4615853003725319
0.5382613206101695	0.46173867938983015
0.5382461532492873	0.46175384675071246
0.5383122240407184	0.46168777595928123
0.5384119467292783	0.46158805327072144
0.538269140423447	0.4617308595765527
0.5384321900250314	0.4615678099749682
0.538344595689681	0.4616554043103187
0.5382232537890044	0.46177674621099524
0.5382430254570795	0.4617569745429202
0.5384246340327584	0.46157536596724125
0.5382871454486128	0.4617128545513869
0.5383797255954663	0.4616202744045334
0.5383558059058969	0.46164419409410273
0.5382913915186419	0.46170860848135775
0.5382087924860165	0.46179120751398317
0.538394954001075	0.4616050459989247
0.5383839840034295	0.46161601599657015
0.5382114157634863	0.46178858423651337
0.5384196049118908	0.4615803950881089
0.5384030352613342	0.4615969647386655
0.538250476204824	0.46174952379517564
0.5383586227212135	0.4616413772787861
0.5382861908381171	0.4617138091618825
0.5382830006796461	0.4617169993203536
0.5383496935829195	0.4616503064170801
0.5384078321221288	0.4615921678778709
0.5383288290479057	0.46167117095209403
0.5382439354908567	0.46175606450914297
0.538411200300251	0.46158879969974864
0.5382362155370103	0.46176378446298944
0.5382331921273892	0.4617668078726105
0.5382609410626237	0.461739058937376
0.5384090448587979	0.4615909551412017
0.538366674157097	0.4616333258429026
0.5383626889684963	0.46163731103150346
0.5382297344473754	0.46177026555262424
0.5383305206825774	0.46166947931742236
0.5383543339225803	0.46164566607741936
0.5383628344121535	0.4616371655878461
0.5382104867411245	0.46178951325887524
0.5383610833286836	0.46163891667131607
0.5382670986195232	0.4617329013804765
0.5384361837634162	0.46156381623658344
0.5383858859807891	0.46161411401921065
0.538203967760609	0.46179603223939075
0.5382277041464505	0.4617722958535491
0.5383189738677814	0.46168102613221823
0.5382280565969351	0.4617719434030646
0.5384322414644191	0.46156775853558046
0.5381942717241995	0.46180572827580013
0.5382985313105839	0.4617014686894157
0.5384094380719641	0.46159056192803555
0.5384198398336518	0.4615801601663479
0.5382182027641782	0.46178179723582147
0.5383730442654067	0.46162695573459295
0.5384303101783559	0.46156968982164376
0.5383738414310746	0.4616261585689251
0.5381945849752386	0.461805415024761
0.5382724079032001	0.46172759209679953
0.5382037400656456	0.4617962599343541
0.53823062526847	0.4617693747315297
0.5382106095881783	0.46178939041182127
0.5384147154204535	0.4615852845795462
0.5382183463667558	0.46178165363324386
0.5383122016842176	0.46168779831578216
0.5382543600842467	0.46174563991575296
0.5382194489427458	0.4617805510572539
0.5382502359157554	0.4617497640842443
0.5382203240808895	0.4617796759191102
0.5384139171050735	0.46158608289492625
0.5381946858698464	0.4618053141301533
0.5383783822936216	0.4616216177063781
0.5383351745600747	0.46166482543992493
0.5382779501913841	0.46172204980861553
0.5383068998424377	0.46169310015756193
0.5383164409649129	0.46168355903508673
0.5383273694611005	0.46167263053889923
0.5382402657233055	0.46175973427669414
0.5383409806010722	0.4616590193989275
0.5384403989279238	0.4615596010720759
0.5383857888767768	0.4616142111232229
0.538186513821046	0.4618134861789537
0.53820106310271	0.4617989368972897
0.538362496691063	0.46163750330893666
0.53826337380271	0.46173662619728967
0.5384068285006347	0.4615931714993649
0.5383304387220961	0.4616695612779036
0.5382923916510662	0.46170760834893343
0.5383422037254861	0.4616577962745136
0.5383165058961619	0.46168349410383774
0.5383956965081462	0.4616043034918535
0.5383053087268977	0.4616946912731019
0.5382897655263607	0.46171023447363907
0.538349341567708	0.4616506584322917
0.5382593556885714	0.46174064431142825
0.5383411996009928	0.46165880039900686
0.5381992206837183	0.46180077931628133
0.5383762784963655	0.4616237215036342
0.5383357280860193	0.4616642719139804
0.5384280386618995	0.4615719613381002
0.5382947551015665	0.4617052448984331
0.5382593457726501	0.46174065422734956
0.5382054081648041	0.46179459183519556
0.5382476198604714	0.46175238013952824
0.5382642405597504	0.4617357594402493
0.5381850444958425	0.4618149555041572
0.5382807428709747	0.461719257129025
0.5383212995646249	0.4616787004353748
0.5383998651724962	0.4616001348275035
0.5382128118513223	0.46178718814867736
0.5383563724922914	0.46164362750770827
0.5381859380876145	0.4618140619123852
0.5384089408658448	0.4615910591341549
0.5381909507867287	0.46180904921327093
0.538366271458541	0.46163372854145873
0.5383460687858608	0.4616539312141389
0.538328705804223	0.4616712941957766
0.5383527840345077	0.46164721596549196
0.5384407020247451	0.4615592979752545
0.538360573840046	0.4616394261599537
0.5382638641418536	0.4617361358581461
0.5384248433286994	0.4615751566713002
0.5384352413658156	0.4615647586341841
0.5382225569365969	0.46177744306340274
0.5383429929133845	0.46165700708661517
0.538389189661665	0.46161081033833457
0.5383640839656192	0.4616359160343805
0.5382799736230484	0.4617200263769513
0.5383634306040095	0.4616365693959902
0.5382383969089838	0.4617616030910158
0.5383909976352107	0.4616090023647889
0.5383849833407649	0.46161501665923477
0.538351367697205	0.46164863230279457
0.5383751319289459	0.4616248680710537
0.5383331045547577	0.46166689544524203
0.5384307162291047	0.461569283770895
0.5381988583366135	0.46180114166338615
0.5383431977259887	0.46165680227401096
0.5383722481391132	0.46162775186088645
0.5383468952861417	0.461653104713858
0.5382544644528555	0.46174553554714415
0.5382948946214434	0.4617051053785563
0.5382746377130015	0.4617253622869981
0.5383054216007201	0.46169457839927946
0.5382145657336821	0.4617854342663176
0.5382147530027046	0.46178524699729506
0.5383906241705128	0.46160937582948686
0.5383367407219151	0.46166325927808466
0.5383278859631743	0.4616721140368254
0.538334963939298	0.4616650360607016
0.5384082834607424	0.4615917165392573
0.5382234898645704	0.46177651013542936
0.5383970995928004	0.4616029004071993
0.5383545441001555	0.4616454558998441
0.5383226388376301	0.4616773611623695
0.5382887666097325	0.4617112333902672
0.5382661650963366	0.46173383490366304
0.538207873722608	0.46179212627739163
0.5382572051079973	0.46174279489200226
0.5383023708786696	0.46169762912133006
0.5384346232298384	0.46156537677016124
0.5384296591261001	0.4615703408738996
0.5382686165633319	0.4617313834366677
0.538367381399522	0.4616326186004777
0.5384092152644996	0.4615907847355001
0.5382539038217506	0.461746096178249
0.5381901887533536	0.4618098112466461
0.5383253394001377	0.461674660599862
0.538209250161885	0.46179074983811463
0.5383241343222823	0.4616758656777174
0.5384228096112843	0.46157719038871536
0.5382489285229869	0.4617510714770127
0.5382599483061794	0.4617400516938202
0.5383982862764121	0.46160171372358755
0.5383195128366141	0.46168048716338567
0.5382980441458969	0.46170195585410273
0.5383281632040341	0.4616718367959656
0.5383860896863347	0.461613910313665
0.5382749879694446	0.46172501203055505
0.5382846401316258	0.4617153598683739
0.538218250119602	0.46178174988039766
0.5383911336189501	0.46160886638104964
0.5382520190622987	0.461747980937701
0.5382963208884243	0.4617036791115754
0.5381877593308891	0.4618122406691105
0.5382003037210535	0.4617996962789461
0.5383282216184805	0.4616717783815192
0.5383277282691947	0.4616722717308049
0.5383877463019	0.4616122536980996
0.5383210413180407	0.46167895868195896
0.5384275887687446	0.461572411231255
0.5383716790444806	0.46162832095551903
0.538212018741691	0.4617879812583087
0.5382372018989191	0.4617627981010805
0.5384142814799148	0.4615857185200849
0.5382800495903906	0.46171995040960906
0.5383177158300508	0.46168228416994883
0.5382624126008735	0.4617375873991262
0.5382197888908907	0.46178021110910894
0.5383494654184116	0.46165053458158817
0.5383395003643189	0.4616604996356808
0.5382494915192488	0.4617505084807508
0.5381953675327404	0.46180463246725917
0.5383766422102316	0.46162335778976804
0.5383589191351732	0.46164108086482647
0.538288004592579	0.46171199540742064
0.5383695664678254	0.46163043353217426
0.5382400207440451	0.4617599792559546
0.5382037766145281	0.4617962233854715
0.53830628984992	0.4616937101500796
0.5382534975533773	0.46174650244662235
0.5382326136485835	0.4617673863514162
0.5383596251764035	0.4616403748235962
0.5382334001393231	0.46176659986067653
0.5383734613594077	0.46162653864059205
0.5381991139197908	0.4618008860802088
0.5382845273421119	0.4617154726578878
0.5383251479887119	0.4616748520112877
0.5382371358504318	0.46176286414956796
0.5383988555867747	0.461601144413225
0.5382409991100304	0.46175900088996924
0.5383111095276926	0.46168889047230705
0.5383770761620938	0.4616229238379058
0.5384377460201503	0.4615622539798494
0.5383202110705574	0.4616797889294422
0.5383589714978821	0.4616410285021175
0.5383416163733173	0.4616583836266823
0.5384099104147526	0.461590089585247
0.5383718500955965	0.4616281499044032
0.5384067753016837	0.461593224698316
0.5383172729771908	0.4616827270228089
0.5382916273236141	0.46170837267638554
0.5384067842070482	0.46159321579295143
0.5383185005213366	0.4616814994786631
0.53838225896419	0.46161774103580966
0.5383314936491322	0.4616685063508675
0.5382809661926716	0.46171903380732804
0.5383079755300353	0.4616920244699643
0.53843119613563	0.4615688038643697
0.5382682528804189	0.46173174711958076
0.5383163299992086	0.461683670000791
0.5382897943066985	0.46171020569330107
0.5382566041960065	0.4617433958039931
0.5383181701861554	0.4616818298138443
0.5384395945122578	0.4615604054877419
0.5382001068208919	0.4617998931791077
0.5384398064103748	0.4615601935896248
0.5382720415340588	0.46172795846594084
0.538369410629602	0.4616305893703977
0.5383653288829983	0.4616346711170014
0.5382134467749794	0.46178655322502027
0.5383842963255707	0.4616157036744289
0.5382930415650277	0.46170695843497206
0.5382493430540546	0.4617506569459451
0.5382849293807687	0.461715070619231
0.5383774838690464	0.46162251613095334
0.5382562175996076	0.461743782400392
0.5383718776281313	0.4616281223718684
0.5383764086687741	0.46162359133122555
0.53835451598165	0.46164548401834976
0.5382446827643703	0.46175531723562935
0.5383090970402836	0.46169090295971604
0.5383170313647323	0.4616829686352673
0.5383828597660621	0.4616171402339375
0.5384014317571988	0.4615985682428008
0.5382701192624014	0.4617298807375982
0.5381901218598072	0.46180987814019253
0.5382925088852977	0.461707491114702
0.5382639028046993	0.4617360971953004
0.5382674004904	0.4617325995095997
0.538337827235227	0.46166217276477256
0.5382131501598961	0.46178684984010354
0.5382965368865481	0.4617034631134516
0.5382182781153452	0.46178172188465455
0.5382091050486697	0.46179089495132997
0.5382319032378855	0.46176809676211417
0.5383710726273819	0.46162892737261774
0.5384315511262927	0.46156844887370696
0.5383302673845753	0.4616697326154244
0.5382545070987593	0.4617454929012403
0.5383468997228137	0.4616531002771859
0.5382212453802677	0.46177875461973195
0.5384087474322082	0.46159125256779143
0.5382085872141097	0.46179141278589
0.5383678828862191	0.46163211711378066
0.5382236964882631	0.4617763035117366
0.5383870321291724	0.4616129678708273
0.5383773095954589	0.4616226904045408
0.5383753786879597	0.46162462131204
0.5384042858434905	0.46159571415650913
0.5382400373689668	0.4617599626310329
0.5383590246306704	0.4616409753693293
0.5384273956768635	0.4615726043231362
0.5382877050102969	0.4617122949897028
0.5383865973284861	0.4616134026715135
0.538292603120408	0.46170739687959167
0.5383719104072131	0.46162808959278656
0.5384154119532479	0.46158458804675173
0.5382366520621219	0.46176334793787777
0.53837387592217	0.4616261240778296
0.5383646198707087	0.461635380129291
0.5382302604342467	0.46176973956575296
0.538228259965503	0.46177174003449656
0.5383955216328752	0.4616044783671244
0.5383409514219535	0.4616590485780462
0.5383315510037172	0.46166844899628245
0.5382527771397253	0.4617472228602744
0.5382605426554882	0.4617394573445115
0.5382893711831487	0.46171062881685093
0.5383112553997309	0.46168874460026876
0.5382781605972814	0.46172183940271827
0.5383350013871655	0.46166499861283417
0.538299745436575	0.46170025456342473
0.5384326631627743	0.46156733683722545
0.538315186871683	0.46168481312831666
0.5384284083016649	0.4615715916983347
0.538343877818569	0.4616561221814307
0.5383948497075939	0.4616051502924058
0.5384217847211131	0.46157821527888654
0.5383627427505998	0.4616372572493998
0.5381951845227746	0.461804815477225
0.5384279569642926	0.4615720430357071
0.5383885872203668	0.4616114127796329
0.5384339413695699	0.46156605863042977
0.5383998490369206	0.46160015096307905
0.5384261798829685	0.4615738201170312
0.5382770271666506	0.46172297283334907
0.538226398006156	0.46177360199384365
0.5383282579240136	0.46167174207598605
0.5382697227299016	0.461730277270098
0.5383566988779417	0.461643301122058
0.5383258234367715	0.4616741765632281
0.538270190632921	0.46172980936707864
0.5384044933847079	0.4615955066152918
0.5383438888878943	0.4616561111121053
0.5384010141989369	0.4615989858010628
0.5382006471621154	0.4617993528378843
0.5383042942517073	0.46169570574829233
0.5384295114942654	0.4615704885057342
0.5383746631564674	0.46162533684353224
0.5382552450120075	0.4617447549879922
0.5382855856640073	0.4617144143359923
0.5382792680886299	0.46172073191136975
0.5382063954699863	0.4617936045300134
0.5383133782743925	0.46168662172560715
0.5382618870201704	0.46173811297982925
0.538349067772214	0.4616509322277856
0.5383076230378063	0.46169237696219334
0.5382603429365005	0.4617396570634992
0.5383684215095236	0.4616315784904761
0.538383864897314	0.4616161351026857
0.5382190629907122	0.46178093700928746
0.5382120382892488	0.4617879617107509
0.5382650712573976	0.4617349287426021
0.5383528413413454	0.4616471586586542
0.5382342221666584	0.4617657778333413
0.5383703365456367	0.461629663454363
0.5383872812993971	0.4616127187006026
0.5383645776913355	0.46163542230866417
0.5382470874526274	0.4617529125473723
0.5384271586209849	0.4615728413790148
0.5383030406554707	0.4616969593445289
0.5384006872459304	0.46159931275406935
0.5382449982399137	0.46175500176008605
0.5382320904611965	0.4617679095388032
0.5382635312866341	0.4617364687133656
0.5382816629797598	0.4617183370202399
0.53820738089242	0.4617926191075796
0.5382566839186178	0.46174331608138186
0.5382740614351369	0.4617259385648628
0.5384167148762737	0.46158328512372593
0.5383630605712444	0.4616369394287553
0.5384088179613171	0.4615911820386825
0.5383212784684772	0.46167872153152245
0.5383818975777713	0.46161810242222834
0.5383866297291215	0.4616133702708781
0.5382590092781679	0.46174099072183167
0.5384192638981576	0.4615807361018421
0.5383459828592563	0.46165401714074344
0.5383413822157648	0.4616586177842349
0.5382225828852701	0.4617774171147295
0.5383511136802456	0.46164888631975415
0.5382257931204034	0.4617742068795962
0.5384283023921599	0.4615716976078397
0.538436755663653	0.46156324433634666
0.5382893251186962	0.4617106748813034
0.5381973533555645	0.4618026466444351
0.5382426792903666	0.46175732070963305
0.5383915171997572	0.46160848280024247
0.538428121069314	0.46157187893068563
0.5383746510426556	0.4616253489573441
0.5382249504732614	0.4617750495267383
0.5382348574165742	0.4617651425834255
0.5381910977354166	0.4618089022645831
0.538305283564085	0.46169471643591464
0.5384163125020188	0.4615836874979809
0.538323684518767	0.46167631548123267
0.5383062076586567	0.461693792341343
0.5382562436377374	0.4617437563622623
0.5383595191000713	0.4616404808999284
0.5384210444315113	0.4615789555684883
0.5382338486645976	0.4617661513354021
0.5384359365807061	0.4615640634192936
0.5382996731321205	0.4617003268678792
0.5384047781824253	0.4615952218175744
0.5383350855963072	0.4616649144036925
0.5383178556548069	0.46168214434519267
0.5382087047205647	0.4617912952794349
0.5382266843730202	0.4617733156269795
0.538241837399787	0.4617581626002127
0.5382677073196317	0.461732292680368
0.5383719222289591	0.46162807777104053
0.5383719920087819	0.4616280079912178
0.5383661572796877	0.461633842720312
0.5383737701418084	0.46162622985819124
0.5382078889303431	0.46179211106965656
0.5382302615510941	0.46176973844890556
0.5382160531284449	0.4617839468715548
0.5384180707776164	0.4615819292223833
0.5383679057370676	0.46163209426293206
0.5384356396729707	0.46156436032702897
0.5382264841095018	0.46177351589049787
0.5381985870077639	0.4618014129922357
0.5384209299835223	0.46157907001647736
0.538275241606389	0.4617247583936107
0.5382749670422542	0.46172503295774553
0.5382235931655285	0.4617764068344712
0.5382359509456245	0.4617640490543752
0.5382266411877472	0.46177335881225245
0.5383388451125813	0.4616611548874183
0.5382388214121596	0.46176117858784005
0.538374182423858	0.46162581757614163
0.5382619960756058	0.4617380039243939
0.5383822072698501	0.4616177927301496
0.5384150425675048	0.4615849574324949
0.5383591610930294	0.4616408389069702
0.538315893422586	0.46168410657741366
0.5383201818371202	0.46167981816287945
0.5382999794129504	0.4617000205870493
0.5382853224546773	0.46171467754532236
0.5384247072283349	0.46157529277166476
0.5382770517107105	0.4617229482892891
0.5383655605923321	0.4616344394076675
0.538420478009178	0.46157952199082164
0.5383694703790108	0.4616305296209888
0.538288636970155	0.46171136302984467
0.5383897517143513	0.46161024828564834
0.5384290303826575	0.4615709696173421
0.5383143514550373	0.4616856485449624
0.5382910590913943	0.4617089409086053
0.5383206484697224	0.4616793515302773
0.538425375409058	0.4615746245909417
0.5382297556545614	0.46177024434543823
0.538324670182381	0.4616753298176187
0.5383958192079004	0.46160418079209925
0.5382941670273461	0.46170583297265355
0.5382439407640884	0.46175605923591123
0.5383412135807538	0.4616587864192459
0.5384126000629216	0.4615873999370781
0.5383418702659512	0.4616581297340485
0.5382619692294844	0.4617380307705152
0.5382854789236334	0.46171452107636624
0.5382850778969618	0.4617149221030379
0.5383643642216085	0.46163563577839123
0.5384046033284313	0.46159539667156835
0.5381909034904131	0.46180909650958657
0.5382779901121222	0.46172200988787754
0.5383491361982075	0.46165086380179216
0.5382291039092193	0.46177089609078037
0.5382342103967266	0.4617657896032731
0.5384134539258665	0.46158654607413313
0.5383220742558069	0.4616779257441927
0.5382346387224212	0.4617653612775785
0.5383743289472167	0.46162567105278296
0.5384060144498537	0.46159398555014597
0.5382287845003899	0.4617712154996097
0.5382921458582183	0.4617078541417814
0.5383576518701381	0.46164234812986155
0.5383971316990896	0.46160286830091
0.53830423949887	0.4616957605011297
0.5383384379725229	0.4616615620274767
0.5382898591884736	0.46171014081152606
0.5382987371064516	0.46170126289354807
0.538310488785298	0.46168951121470175
0.5383219828875238	0.4616780171124759
0.5382238095782311	0.46177619042176854
0.538248325503598	0.46175167449640164
0.5382033097089479	0.46179669029105175
0.53834652099327	0.46165347900672965
0.5382445994126801	0.46175540058731956
0.5384232253987237	0.46157677460127605
0.5382721085047377	0.46172789149526194
0.5383472655677688	0.4616527344322308
0.5382943699261226	0.4617056300738771
0.5383748145775944	0.46162518542240527
0.5382547287686243	0.4617452712313753
0.538335698595728	0.4616643014042716
0.5382311415055637	0.46176885849443594
0.5382488111972611	0.4617511888027385
0.5382295326037859	0.4617704673962137
0.538277184304031	0.4617228156959686
0.5381857771751009	0.4618142228248988
0.5382396496079941	0.4617603503920056
0.5382899659366339	0.46171003406336575
0.5381995723419242	0.46180042765807555
0.5383558045004276	0.46164419549957203
0.5382429698532188	0.4617570301467808
0.5382620205325863	0.4617379794674133
0.5383649188691426	0.46163508113085705
0.5382481665032166	0.46175183349678306
0.5382596422610795	0.4617403577389202
0.5383665089670713	0.46163349103292844
0.538290954545147	0.4617090454548527
0.5383125113566805	0.46168748864331927
0.5382427070289926	0.46175729297100704
0.5383510032467914	0.46164899675320825
0.5382948007805993	0.4617051992194003
0.5383802704361516	0.4616197295638481
0.53830766367772	0.4616923363222797
0.5383508736132044	0.4616491263867952
0.538389457750204	0.46161054224979564
0.5381960726324602	0.4618039273675395
0.5382800759682344	0.46171992403176526
0.5383647762644841	0.4616352237355156
0.5383914566017242	0.4616085433982755
0.5383328317077954	0.4616671682922042
0.5383428808293907	0.46165711917060887
0.5382111807682983	0.4617888192317014
0.5382762036733326	0.46172379632666705
0.5384204920527261	0.4615795079472736
0.5382104512314775	0.46178954876852213
0.538266333430697	0.46173366656930276
0.5383792880954549	0.46162071190454473
0.5383544520071231	0.4616455479928766
0.538188825472294	0.4618111745277057
0.5382764475913513	0.46172355240864843
0.5383160223094783	0.46168397769052144
0.5382722481312707	0.461727751868729
0.5383723616904227	0.4616276383095769
0.5384062860058756	0.4615937139941241
0.5382062121019519	0.46179378789804787
0.5383689055152466	0.46163109448475304
0.5382032561976963	0.4617967438023034
0.5382145495606043	0.4617854504393954
0.53841333686665	0.46158666313334956
0.5383279425052285	0.46167205749477114
0.538193286310754	0.4618067136892457
0.5382745182120212	0.46172548178797845
0.5382911994550221	0.46170880054497754
0.5383216983615965	0.46167830163840323
0.5382105003905923	0.46178949960940735
0.5383852429476224	0.4616147570523773
0.5382530753594202	0.4617469246405794
0.5384377783524029	0.4615622216475968
0.5383868240233853	0.46161317597661433
0.5384003776910318	0.4615996223089679
0.5381959814654598	0.4618040185345399
0.5383565191062082	0.46164348089379154
0.5382907173935191	0.46170928260648064
0.5382653191519317	0.46173468084806807
0.5382011580537743	0.46179884194622534
0.538190112354421	0.4618098876455786
0.5382511502084801	0.4617488497915195
0.5383487408957983	0.4616512591042014
0.5384232877589854	0.4615767122410142
0.5383909813779657	0.461609018622034
0.5382614493612365	0.4617385506387631
0.5382599727381758	0.46174002726182384
0.5384239321590829	0.46157606784091676
0.5383796156962808	0.46162038430371893
0.5382044200724917	0.461795579927508
0.5384126557748807	0.46158734422511893
0.5383728690246199	0.46162713097537983
0.53819026996321	0.4618097300367897
0.5383265480198113	0.4616734519801884
0.5382305529665347	0.461769447033465
0.5384306792329021	0.46156932076709756
0.5381980968293585	0.4618019031706412
0.538235324142914	0.4617646758570857
0.5384203197010736	0.46157968029892604
0.5384318048933621	0.4615681951066376
0.5383570485211056	0.46164295147889417
0.5383726258554609	0.4616273741445388
0.5382844228615643	0.46171557713843536
0.5384349186334163	0.4615650813665833
0.5383407315230782	0.46165926847692146
0.5382535819991714	0.4617464180008283
0.5382633328897742	0.46173666711022543
0.5382520179089816	0.4617479820910181
0.5381987705269569	0.46180122947304275
0.5383062013671546	0.46169379863284504
0.538298923471107	0.46170107652889264
0.5383092927439515	0.4616907072560482
0.538226183027637	0.4617738169723626
0.5382703338662115	0.46172966613378824
0.5383985078772896	0.46160149212271007
0.5382890807626072	0.46171091923739244
0.5383468201051766	0.461653179894823
0.5383276121260585	0.46167238787394116
0.5381916663126453	0.4618083336873544
0.5382727598290786	0.46172724017092104
0.5384254928672504	0.46157450713274933
0.5383258914868613	0.4616741085131384
0.538400805761277	0.46159919423872264
0.5381894825958825	0.46181051740411716
0.5382122144536489	0.4617877855463508
0.5382352079832331	0.4617647920167666
0.5382566112072292	0.4617433887927705
0.5383758385851772	0.46162416141482243
0.5384231139018447	0.461576886098155
0.538329881555028	0.4616701184449716
0.5382917636011252	0.4617082363988745
0.5384115592198896	0.46158844078011013
0.5383374228812352	0.4616625771187645
0.5382969562681537	0.461703043731846
0.5383533125839418	0.4616466874160579
0.5384007352878194	0.46159926471218027
0.5382584529510811	0.4617415470489186
0.5384012900639082	0.4615987099360915
0.5383348709105776	0.46166512908942203
0.5383020419898294	0.4616979580101702
0.5383709959920494	0.4616290040079503
0.53821392414932	0.46178607585067966
0.5383133538532529	0.46168664614674687
0.5382038908507804	0.46179610914921926
0.5383252710930132	0.46167472890698646
0.5382144097476173	0.4617855902523824
0.5383211293575311	0.46167887064246865
0.5384018035858709	0.4615981964141288
0.5382666073365778	0.4617333926634218
0.5382236359892963	0.4617763640107033
0.5384382881499429	0.4615617118500568
0.5382655735237869	0.46173442647621277
0.538404452931839	0.4615955470681606
0.5384339412544201	0.46156605874557954
0.5384317753907787	0.461568224609221
0.538212333944883	0.4617876660551167
0.5383005705903168	0.46169942940968284
0.5383533726051993	0.46164662739480034
0.5382121370350044	0.4617878629649953
0.5382009765826308	0.46179902341736884
0.5383325402214981	0.46166745977850154
0.5384130387990534	0.4615869612009463
0.5383029503556772	0.4616970496443224
0.5382206982162197	0.46177930178377996
0.5383080310935745	0.46169196890642517
0.538277878488528	0.46172212151147163
0.5382776518803978	0.4617223481196019
0.5383756732799425	0.46162432672005715
0.5382057649206355	0.46179423507936407
0.5382805079327762	0.4617194920672235
0.5382500683220628	0.4617499316779369
0.5382369008082775	0.46176309919172226
0.538427438835926	0.4615725611640736
0.5383004613858925	0.4616995386141072
0.5383417345304984	0.4616582654695013
0.538418348374407	0.4615816516255926
0.5382510404667818	0.46174895953321776
0.5383965329752946	0.4616034670247051
0.5383623864327155	0.46163761356728417
0.5384035071523798	0.46159649284761983
0.5383272981480124	0.4616727018519873
0.5382545876684923	0.4617454123315074
0.5384025955147005	0.4615974044852992
0.538416798067143	0.4615832019328567
0.5383442814281606	0.46165571857183907
0.5382883386876262	0.4617116613123735
0.5383669391829982	0.4616330608170015
0.5382381343446603	0.4617618656553394
0.5381969276778766	0.461803072322123
0.5383244563376498	0.46167554366234986
0.5382622417544299	0.4617377582455698
0.5383406477702143	0.4616593522297853
0.5382238454844424	0.46177615451555726
0.5383225867724526	0.4616774132275471
0.5382888897489508	0.4617111102510488
0.5384293873240524	0.46157061267594723
0.5382787069317934	0.4617212930682063
0.5383855413095322	0.4616144586904674
0.5382112257497775	0.46178877425022213
0.5383493869129131	0.46165061308708655
0.538431606504596	0.46156839349540374
0.5383401459859138	0.4616598540140858
0.5384307385116223	0.4615692614883774
0.5382323152027854	0.46176768479721436
0.538439637671281	0.4615603623287186
0.5383450037427545	0.4616549962572452
0.5383357481243368	0.46166425187566285
0.5383765750549677	0.461623424945032
0.5383288250393813	0.4616711749606184
0.538402560581995	0.46159743941800463
0.5382965206787587	0.46170347932124106
0.5382540957246467	0.461745904275353
0.5383428861683738	0.46165711383162583
0.5384409835818337	0.46155901641816593
0.5383187593652289	0.4616812406347708
0.5382105192615346	0.46178948073846504
0.5383383756894655	0.4616616243105341
0.5382126918783937	0.46178730812160595
0.5383755974285603	0.46162440257143933
0.5383774606890934	0.46162253931090624
0.5383763491235704	0.4616236508764293
0.5383766277613697	0.46162337223862987
0.5384220307819328	0.4615779692180668
0.5383063030733806	0.4616936969266191
0.5382566489093359	0.4617433510906637
0.53836852461288	0.46163147538711974
0.5383641753403112	0.4616358246596885
0.5382871837755604	0.46171281622443927
0.5384346666730891	0.46156533332691047
0.5382052936139087	0.461794706386091
0.5382689003491746	0.46173109965082504
0.5383225348102623	0.4616774651897374
0.5383718671524721	0.4616281328475276
0.5381930975964953	0.46180690240350447
0.5382776439386399	0.4617223560613598
0.5381960511262857	0.46180394887371395
0.5383402041561801	0.46165979584381955
0.5382820566032949	0.46171794339670486
0.5382892806019106	0.461710719398089
0.538199599127664	0.4618004008723357
0.5383255256747548	0.46167447432524494
0.538274303612345	0.4617256963876547
0.5382623185148004	0.4617376814851992
0.53819110700115	0.46180889299884964
0.5382341403526821	0.46176585964731753
0.5384396398412465	0.4615603601587531
0.5383961834870603	0.4616038165129393
0.5384155256956727	0.4615844743043269
0.5382819471816167	0.461718052818383
0.5384171245240645	0.4615828754759351
0.5382727725975969	0.4617272274024028
0.5382779866763242	0.46172201332367546
0.538205673555952	0.4617943264440477
0.5383893131563967	0.46161068684360296
0.538278469842828	0.4617215301571716
0.5383339783501536	0.46166602164984605
0.5384371379060611	0.4615628620939386
0.5382706691433538	0.4617293308566459
0.5382287108742727	0.4617712891257269
0.5384242177182759	0.4615757822817238
0.5383339659597386	0.461666034040261
0.5382824965756542	0.4617175034243455
0.5382738397722494	0.4617261602277503
0.5382186172456611	0.46178138275433855
0.5381919079706188	0.4618080920293809
0.5382693449309548	0.46173065506904487
0.53831064261632	0.46168935738367967
0.5382816777725541	0.4617183222274456
0.5382877859966475	0.46171221400335216
0.5383302607938681	0.4616697392061315
0.5382668214102293	0.46173317858977037
0.5384289825327697	0.46157101746723
0.5383770771894186	0.46162292281058104
0.5383696733166183	0.46163032668338133
0.5384214273142338	0.4615785726857658
0.5382224962743936	0.4617775037256061
0.5383631715796504	0.46163682842034925
0.5382468934420832	0.4617531065579164
0.5382154488813976	0.46178455111860206
0.538432215498653	0.4615677845013466
0.5384123101772132	0.4615876898227864
0.5382062956938901	0.46179370430610955
0.5382852037962933	0.4617147962037064
0.538425492937072	0.46157450706292774
0.5382688418881707	0.4617311581118289
0.5381954943517595	0.46180450564824016
0.5383891569609337	0.461610843039066
0.5382884786114195	0.4617115213885801
0.5383797255887702	0.46162027441122944
0.5382224189938143	0.4617775810061854
0.5384070728618567	0.4615929271381429
0.5382938651546036	0.461706134845396
0.5382497059276069	0.46175029407239276
0.53837799024979	0.46162200975020967
0.5383186326504954	0.4616813673495042
0.5382015326905168	0.4617984673094828
0.5383261667662412	0.46167383323375843
0.5382534049407655	0.46174659505923416
0.5382147544686547	0.46178524553134487
0.5383583930862887	0.46164160691371087
0.5382203751595015	0.4617796248404981
0.5382337612625153	0.46176623873748435
0.5383833108380922	0.4616166891619074
0.5383693879240588	0.46163061207594086
0.5384235989800592	0.46157640101994046
0.5382670242380359	0.4617329757619638
0.5383372423412799	0.4616627576587198
0.538349969728919	0.46165003027108065
0.5383911137681553	0.4616088862318444
0.5383383762734837	0.4616616237265159
0.5381915381945873	0.46180846180541235
0.5383146831494559	0.4616853168505438
0.5384031935403321	0.46159680645966755
0.5383118041624015	0.4616881958375981
0.5383597404345223	0.4616402595654774
0.5383268234843502	0.46167317651564943
0.5382084939454567	0.461791506054543
0.5383720619582413	0.46162793804175845
0.5384041618460871	0.4615958381539126
0.5383613334280865	0.46163866657191316
0.5384116550558399	0.4615883449441598
0.5383978645518618	0.46160213544813794
0.5383924114620727	0.461607588537927
0.5383991863124076	0.4616008136875921
0.5382667866225045	0.4617332133774952
0.5382816113747246	0.46171838862527503
