1 0 0 0 0 0 0 0 0 0 >= 0.0247603
1 0 0 0 0 0 0 0 0 0 <= 0.430168
0 1 0 0 0 0 0 0 0 0 >= 0.00438071
0 1 0 0 0 0 0 0 0 0 <= 0.0853631
0 0 1 0 0 0 0 0 0 0 >= 0.0209259
0 0 1 0 0 0 0 0 0 0 <= 0.296846
0 0 0 1 0 0 0 0 0 0 >= 0.0331293
0 0 0 1 0 0 0 0 0 0 <= 0.482408
0 0 0 0 1 0 0 0 0 0 >= 0.0147277
0 0 0 0 1 0 0 0 0 0 <= 0.125572
0 0 0 0 0 1 0 0 0 0 >= 0.00134819
0 0 0 0 0 1 0 0 0 0 <= 0.636316
0 0 0 0 0 0 1 0 0 0 >= 0.00952193
0 0 0 0 0 0 1 0 0 0 <= 0.709957
0 0 0 0 0 0 0 1 0 0 >= 0.0329401
0 0 0 0 0 0 0 1 0 0 <= 0.528798
0 0 0 0 0 0 0 0 1 0 >= 0.00428429
0 0 0 0 0 0 0 0 1 0 <= 0.0787113
0 0 0 0 0 0 0 0 0 1 >= 0.000907719
0 0 0 0 0 0 0 0 0 1 <= 0.276375
1 1 1 1 1 1 1 1 1 1 = 1