1 0 0 0 0 0 0 0 0 0 >= 0.0509909
1 0 0 0 0 0 0 0 0 0 <= 0.161869
0 1 0 0 0 0 0 0 0 0 >= 0.0279505
0 1 0 0 0 0 0 0 0 0 <= 0.0576261
0 0 1 0 0 0 0 0 0 0 >= 0.0901152
0 0 1 0 0 0 0 0 0 0 <= 0.2353
0 0 0 1 0 0 0 0 0 0 >= 0.0989741
0 0 0 1 0 0 0 0 0 0 <= 0.162436
0 0 0 0 1 0 0 0 0 0 >= 0.0267139
0 0 0 0 1 0 0 0 0 0 <= 0.0775408
0 0 0 0 0 1 0 0 0 0 >= 0.0354638
0 0 0 0 0 1 0 0 0 0 <= 0.0683675
0 0 0 0 0 0 1 0 0 0 >= 0.0520411
0 0 0 0 0 0 1 0 0 0 <= 0.122186
0 0 0 0 0 0 0 1 0 0 >= 0.158245
0 0 0 0 0 0 0 1 0 0 <= 0.263873
0 0 0 0 0 0 0 0 1 0 >= 0.126626
0 0 0 0 0 0 0 0 1 0 <= 0.251444
0 0 0 0 0 0 0 0 0 1 >= 8.48207e-07
0 0 0 0 0 0 0 0 0 1 <= 5.21334e-06
1 1 1 1 1 1 1 1 1 1 = 1