1 0 0 0 0 0 0 0 0 0 >= 0.0496313
1 0 0 0 0 0 0 0 0 0 <= 0.0850925
0 1 0 0 0 0 0 0 0 0 >= 0.0250885
0 1 0 0 0 0 0 0 0 0 <= 0.0503326
0 0 1 0 0 0 0 0 0 0 >= 0.0305316
0 0 1 0 0 0 0 0 0 0 <= 0.161671
0 0 0 1 0 0 0 0 0 0 >= 0.0929698
0 0 0 1 0 0 0 0 0 0 <= 0.152805
0 0 0 0 1 0 0 0 0 0 >= 0.0770482
0 0 0 0 1 0 0 0 0 0 <= 0.0936157
0 0 0 0 0 1 0 0 0 0 >= 0.194308
0 0 0 0 0 1 0 0 0 0 <= 0.235678
0 0 0 0 0 0 1 0 0 0 >= 0.0955934
0 0 0 0 0 0 1 0 0 0 <= 0.119184
0 0 0 0 0 0 0 1 0 0 >= 0.0489286
0 0 0 0 0 0 0 1 0 0 <= 0.0666993
0 0 0 0 0 0 0 0 1 0 >= 0.0387693
0 0 0 0 0 0 0 0 1 0 <= 0.0476795
0 0 0 0 0 0 0 0 0 1 >= 0.149353
0 0 0 0 0 0 0 0 0 1 <= 0.195622
1 1 1 1 1 1 1 1 1 1 = 1