1 0 0 0 0 0 0 0 0 0 >= 0.0226693
1 0 0 0 0 0 0 0 0 0 <= 0.149716
0 1 0 0 0 0 0 0 0 0 >= 0.0802627
0 1 0 0 0 0 0 0 0 0 <= 0.264013
0 0 1 0 0 0 0 0 0 0 >= 0.0837407
0 0 1 0 0 0 0 0 0 0 <= 0.211594
0 0 0 1 0 0 0 0 0 0 >= 0.0288646
0 0 0 1 0 0 0 0 0 0 <= 0.0390053
0 0 0 0 1 0 0 0 0 0 >= 0.0621206
0 0 0 0 1 0 0 0 0 0 <= 0.0833904
0 0 0 0 0 1 0 0 0 0 >= 0.110502
0 0 0 0 0 1 0 0 0 0 <= 0.140441
0 0 0 0 0 0 1 0 0 0 >= 0.0499782
0 0 0 0 0 0 1 0 0 0 <= 0.0628458
0 0 0 0 0 0 0 1 0 0 >= 0.0165314
0 0 0 0 0 0 0 1 0 0 <= 0.0327218
0 0 0 0 0 0 0 0 1 0 >= 0.16893
0 0 0 0 0 0 0 0 1 0 <= 0.244289
0 0 0 0 0 0 0 0 0 1 >= 0.065438
0 0 0 0 0 0 0 0 0 1 <= 0.0835879
1 1 1 1 1 1 1 1 1 1 = 1