1 0 0 0 0 0 0 0 0 0 >= 0.0328661
1 0 0 0 0 0 0 0 0 0 <= 0.0709166
0 1 0 0 0 0 0 0 0 0 >= 0.0294751
0 1 0 0 0 0 0 0 0 0 <= 0.058959
0 0 1 0 0 0 0 0 0 0 >= 0.0187846
0 0 1 0 0 0 0 0 0 0 <= 0.211734
0 0 0 1 0 0 0 0 0 0 >= 0.127464
0 0 0 1 0 0 0 0 0 0 <= 0.363356
0 0 0 0 1 0 0 0 0 0 >= 0.0561754
0 0 0 0 1 0 0 0 0 0 <= 0.12167
0 0 0 0 0 1 0 0 0 0 >= 0.106255
0 0 0 0 0 1 0 0 0 0 <= 0.262807
0 0 0 0 0 0 1 0 0 0 >= 0.0767016
0 0 0 0 0 0 1 0 0 0 <= 0.161045
0 0 0 0 0 0 0 1 0 0 >= 0.011279
0 0 0 0 0 0 0 1 0 0 <= 0.0777137
0 0 0 0 0 0 0 0 1 0 >= 0.0318127
0 0 0 0 0 0 0 0 1 0 <= 0.0661169
0 0 0 0 0 0 0 0 0 1 >= 0.105586
0 0 0 0 0 0 0 0 0 1 <= 0.208417
1 1 1 1 1 1 1 1 1 1 = 1