1 0 0 0 0 0 0 0 0 0 >= 0.0563676
1 0 0 0 0 0 0 0 0 0 <= 0.181578
0 1 0 0 0 0 0 0 0 0 >= 0.0233037
0 1 0 0 0 0 0 0 0 0 <= 0.0500422
0 0 1 0 0 0 0 0 0 0 >= 0.0421654
0 0 1 0 0 0 0 0 0 0 <= 0.191747
0 0 0 1 0 0 0 0 0 0 >= 0.0433625
0 0 0 1 0 0 0 0 0 0 <= 0.240682
0 0 0 0 1 0 0 0 0 0 >= 0.0184904
0 0 0 0 1 0 0 0 0 0 <= 0.0308906
0 0 0 0 0 1 0 0 0 0 >= 0.0355127
0 0 0 0 0 1 0 0 0 0 <= 0.0791105
0 0 0 0 0 0 1 0 0 0 >= 0.0525077
0 0 0 0 0 0 1 0 0 0 <= 0.138147
0 0 0 0 0 0 0 1 0 0 >= 0.104692
0 0 0 0 0 0 0 1 0 0 <= 0.171989
0 0 0 0 0 0 0 0 1 0 >= 0.214503
0 0 0 0 0 0 0 0 1 0 <= 0.420046
0 0 0 0 0 0 0 0 0 1 >= 2.4428e-06
0 0 0 0 0 0 0 0 0 1 <= 7.84261e-06
1 1 1 1 1 1 1 1 1 1 = 1