1 0 0 0 0 0 0 0 0 0 >= 0.0362459
1 0 0 0 0 0 0 0 0 0 <= 0.0717623
0 1 0 0 0 0 0 0 0 0 >= 0.0804912
0 1 0 0 0 0 0 0 0 0 <= 0.247391
0 0 1 0 0 0 0 0 0 0 >= 0.0223976
0 0 1 0 0 0 0 0 0 0 <= 0.146067
0 0 0 1 0 0 0 0 0 0 >= 0.0437593
0 0 0 1 0 0 0 0 0 0 <= 0.0676877
0 0 0 0 1 0 0 0 0 0 >= 0.064149
0 0 0 0 1 0 0 0 0 0 <= 0.0934436
0 0 0 0 0 1 0 0 0 0 >= 0.123713
0 0 0 0 0 1 0 0 0 0 <= 0.185148
0 0 0 0 0 0 1 0 0 0 >= 0.0579065
0 0 0 0 0 0 1 0 0 0 <= 0.0870583
0 0 0 0 0 0 0 1 0 0 >= 0.0170611
0 0 0 0 0 0 0 1 0 0 <= 0.0345489
0 0 0 0 0 0 0 0 1 0 >= 0.182352
0 0 0 0 0 0 0 0 1 0 <= 0.285075
0 0 0 0 0 0 0 0 0 1 >= 0.0641583
0 0 0 0 0 0 0 0 0 1 <= 0.102944
1 1 1 1 1 1 1 1 1 1 = 1