1 0 0 0 0 0 0 0 0 0 >= 0.031752
1 0 0 0 0 0 0 0 0 0 <= 0.0702146
0 1 0 0 0 0 0 0 0 0 >= 0.0179709
0 1 0 0 0 0 0 0 0 0 <= 0.0251568
0 0 1 0 0 0 0 0 0 0 >= 0.119902
0 0 1 0 0 0 0 0 0 0 <= 0.138553
0 0 0 1 0 0 0 0 0 0 >= 0.164932
0 0 0 1 0 0 0 0 0 0 <= 0.175533
0 0 0 0 1 0 0 0 0 0 >= 0.0810319
0 0 0 0 1 0 0 0 0 0 <= 0.0867644
0 0 0 0 0 1 0 0 0 0 >= 0.163839
0 0 0 0 0 1 0 0 0 0 <= 0.175901
0 0 0 0 0 0 1 0 0 0 >= 0.100733
0 0 0 0 0 0 1 0 0 0 <= 0.111038
0 0 0 0 0 0 0 1 0 0 >= 0.0488588
0 0 0 0 0 0 0 1 0 0 <= 0.0545128
0 0 0 0 0 0 0 0 1 0 >= 0.0373661
0 0 0 0 0 0 0 0 1 0 <= 0.047964
0 0 0 0 0 0 0 0 0 1 >= 0.164765
0 0 0 0 0 0 0 0 0 1 <= 0.181806
1 1 1 1 1 1 1 1 1 1 = 1