1 0 0 0 0 0 0 0 0 0 >= 0.0114062
1 0 0 0 0 0 0 0 0 0 <= 0.217785
0 1 0 0 0 0 0 0 0 0 >= 0.0338458
0 1 0 0 0 0 0 0 0 0 <= 0.0584131
0 0 1 0 0 0 0 0 0 0 >= 0.0384963
0 0 1 0 0 0 0 0 0 0 <= 0.3085
0 0 0 1 0 0 0 0 0 0 >= 0.0224748
0 0 0 1 0 0 0 0 0 0 <= 0.241209
0 0 0 0 1 0 0 0 0 0 >= 0.0703851
0 0 0 0 1 0 0 0 0 0 <= 0.117855
0 0 0 0 0 1 0 0 0 0 >= 0.125631
0 0 0 0 0 1 0 0 0 0 <= 0.264678
0 0 0 0 0 0 1 0 0 0 >= 0.0839549
0 0 0 0 0 0 1 0 0 0 <= 0.139353
0 0 0 0 0 0 0 1 0 0 >= 0.052332
0 0 0 0 0 0 0 1 0 0 <= 0.0817197
0 0 0 0 0 0 0 0 1 0 >= 0.0127305
0 0 0 0 0 0 0 0 1 0 <= 0.049772
0 0 0 0 0 0 0 0 0 1 >= 0.147146
0 0 0 0 0 0 0 0 0 1 <= 0.224034
1 1 1 1 1 1 1 1 1 1 = 1