1 0 0 0 0 0 0 0 0 0 >= 0.254536
1 0 0 0 0 0 0 0 0 0 <= 0.254855
0 1 0 0 0 0 0 0 0 0 >= 0.0893177
0 1 0 0 0 0 0 0 0 0 <= 0.0899442
0 0 1 0 0 0 0 0 0 0 >= 0.186598
0 0 1 0 0 0 0 0 0 0 <= 0.186928
0 0 0 1 0 0 0 0 0 0 >= 3.84603e-06
0 0 0 1 0 0 0 0 0 0 <= 3.85284e-06
0 0 0 0 1 0 0 0 0 0 >= 0.011398
0 0 0 0 1 0 0 0 0 0 <= 0.0115743
0 0 0 0 0 1 0 0 0 0 >= 0.0575131
0 0 0 0 0 1 0 0 0 0 <= 0.0579262
0 0 0 0 0 0 1 0 0 0 >= 0.0186815
0 0 0 0 0 0 1 0 0 0 <= 0.0191427
0 0 0 0 0 0 0 1 0 0 >= 0.0398454
0 0 0 0 0 0 0 1 0 0 <= 0.0400763
0 0 0 0 0 0 0 0 1 0 >= 0.033058
0 0 0 0 0 0 0 0 1 0 <= 0.03335
0 0 0 0 0 0 0 0 0 1 >= 0.307673
0 0 0 0 0 0 0 0 0 1 <= 0.308218
1 1 1 1 1 1 1 1 1 1 = 1