1 0 0 0 0 0 0 0 0 0 >= 0.0286002
1 0 0 0 0 0 0 0 0 0 <= 0.235162
0 1 0 0 0 0 0 0 0 0 >= 0.0303407
0 1 0 0 0 0 0 0 0 0 <= 0.0439786
0 0 1 0 0 0 0 0 0 0 >= 0.0984159
0 0 1 0 0 0 0 0 0 0 <= 0.146107
0 0 0 1 0 0 0 0 0 0 >= 0.121379
0 0 0 1 0 0 0 0 0 0 <= 0.160849
0 0 0 0 1 0 0 0 0 0 >= 0.0345843
0 0 0 0 1 0 0 0 0 0 <= 0.0787342
0 0 0 0 0 1 0 0 0 0 >= 0.16655
0 0 0 0 0 1 0 0 0 0 <= 0.227303
0 0 0 0 0 0 1 0 0 0 >= 0.0745811
0 0 0 0 0 0 1 0 0 0 <= 0.112922
0 0 0 0 0 0 0 1 0 0 >= 0.0384421
0 0 0 0 0 0 0 1 0 0 <= 0.0540376
0 0 0 0 0 0 0 0 1 0 >= 0.0131477
0 0 0 0 0 0 0 0 1 0 <= 0.036512
0 0 0 0 0 0 0 0 0 1 >= 0.138577
0 0 0 0 0 0 0 0 0 1 <= 0.187448
1 1 1 1 1 1 1 1 1 1 = 1