1 0 0 0 0 0 0 0 0 0 >= 0.0132109
1 0 0 0 0 0 0 0 0 0 <= 0.0273974
0 1 0 0 0 0 0 0 0 0 >= 0.0459227
0 1 0 0 0 0 0 0 0 0 <= 0.158877
0 0 1 0 0 0 0 0 0 0 >= 0.100572
0 0 1 0 0 0 0 0 0 0 <= 0.14038
0 0 0 1 0 0 0 0 0 0 >= 0.126762
0 0 0 1 0 0 0 0 0 0 <= 0.147933
0 0 0 0 1 0 0 0 0 0 >= 0.0379557
0 0 0 0 1 0 0 0 0 0 <= 0.200016
0 0 0 0 0 1 0 0 0 0 >= 0.173798
0 0 0 0 0 1 0 0 0 0 <= 0.222859
0 0 0 0 0 0 1 0 0 0 >= 0.0852123
0 0 0 0 0 0 1 0 0 0 <= 0.110009
0 0 0 0 0 0 0 1 0 0 >= 0.0256224
0 0 0 0 0 0 0 1 0 0 <= 0.0510457
0 0 0 0 0 0 0 0 1 0 >= 0.0171518
0 0 0 0 0 0 0 0 1 0 <= 0.0307003
0 0 0 0 0 0 0 0 0 1 >= 0.130545
0 0 0 0 0 0 0 0 0 1 <= 0.158902
1 1 1 1 1 1 1 1 1 1 = 1