1 0 0 0 0 0 0 0 0 0 >= 3.67486e-320
1 0 0 0 0 0 0 0 0 0 <= 6.92687e-310
0 1 0 0 0 0 0 0 0 0 >= 0
0 1 0 0 0 0 0 0 0 0 <= 6.92687e-310
0 0 1 0 0 0 0 0 0 0 >= 0
0 0 1 0 0 0 0 0 0 0 <= 1.5582e-316
0 0 0 1 0 0 0 0 0 0 >= 0
0 0 0 1 0 0 0 0 0 0 <= 1.5582e-316
0 0 0 0 1 0 0 0 0 0 >= 0.053708
0 0 0 0 1 0 0 0 0 0 <= 0.0537169
0 0 0 0 0 1 0 0 0 0 >= 0.0348309
0 0 0 0 0 1 0 0 0 0 <= 0.0348347
0 0 0 0 0 0 1 0 0 0 >= 0.0619765
0 0 0 0 0 0 1 0 0 0 <= 0.0619894
0 0 0 0 0 0 0 1 0 0 >= 0.00694303
0 0 0 0 0 0 0 1 0 0 <= 0.00695342
0 0 0 0 0 0 0 0 1 0 >= 0.167809
0 0 0 0 0 0 0 0 1 0 <= 0.167823
0 0 0 0 0 0 0 0 0 1 >= 0.417412
0 0 0 0 0 0 0 0 0 1 <= 0.417414
1 1 1 1 1 1 1 1 1 1 = 1