-6.400000	0.400000	
-24.799999	0.542857	
-29.200001	0.600000	
-31.100000	0.657143	
-32.299999	0.685714	
-33.400002	0.714286	
-34.599998	0.742857	
-35.299999	0.742857	
-35.700001	0.771429	
-37.599998	0.771429	
-37.599998	0.771429	
-37.599998	0.771429	
-37.599998	0.771429	
-37.599998	0.771429	
-37.599998	0.771429	
-37.799999	0.771429	
-37.799999	0.771429	
-38.500000	0.771429	
-38.500000	0.771429	
-38.500000	0.771429	
-38.500000	0.771429	
-38.500000	0.771429	
-38.500000	0.771429	
-38.500000	0.771429	
-38.500000	0.771429	
-39.700001	0.800000	
-39.700001	0.800000	
-39.000000	0.800000	
-39.000000	0.800000	
-39.000000	0.800000	
-39.000000	0.800000	
-39.000000	0.800000	
-39.000000	0.800000	
-39.000000	0.800000	
-39.700001	0.800000	
-39.700001	0.800000	
-39.700001	0.800000	
-39.700001	0.800000	
-39.700001	0.800000	
-39.700001	0.800000	
-39.700001	0.800000	
-39.700001	0.800000	
-39.700001	0.800000	
-39.700001	0.800000	
-39.700001	0.800000	
-39.700001	0.800000	
-39.700001	0.800000	
-39.700001	0.800000	
-39.700001	0.800000	
-39.700001	0.800000	
-39.700001	0.800000	
-39.700001	0.800000	
-39.700001	0.800000	
-39.700001	0.800000	
-39.700001	0.800000	
-39.700001	0.800000	
-39.700001	0.800000	
-39.700001	0.800000	
-39.700001	0.800000	
-39.700001	0.800000	
-39.700001	0.800000	
-39.700001	0.800000	
-39.700001	0.800000	
-39.700001	0.800000	
-39.700001	0.800000	
-39.700001	0.800000	
-39.700001	0.800000	
-39.700001	0.800000	
-39.700001	0.800000	
-39.700001	0.800000	
-39.700001	0.800000	
-39.700001	0.800000	
-39.700001	0.800000	
-39.700001	0.800000	
-39.700001	0.800000	
-39.700001	0.800000	
-39.700001	0.800000	
-39.700001	0.800000	
-39.700001	0.800000	
-39.700001	0.800000	
-39.700001	0.800000	
-39.700001	0.800000	
-39.700001	0.800000	
-39.700001	0.800000	
-39.700001	0.800000	
-39.700001	0.800000	
-39.700001	0.800000	
-39.700001	0.800000	
-39.700001	0.800000	
-39.700001	0.800000	
-39.700001	0.800000	
-39.700001	0.800000	
-39.700001	0.800000	
-39.700001	0.800000	
-39.700001	0.800000	
-39.700001	0.800000	
-39.700001	0.800000	
-39.700001	0.800000	
-39.700001	0.800000	
-39.700001	0.800000	
