-20.100000	0.058824	
-38.500000	0.294118	
-38.500000	0.294118	
-20.100000	0.058824	
-26.299999	0.117647	
-20.100000	0.058824	
-31.200001	0.176471	
-34.900002	0.235294	
-34.900002	0.235294	
-31.200001	0.176471	
-38.500000	0.294118	
-31.200001	0.176471	
-34.900002	0.235294	
-38.500000	0.294118	
-38.500000	0.294118	
-20.100000	0.058824	
-20.100000	0.058824	
-20.100000	0.058824	
-20.100000	0.058824	
-38.500000	0.294118	
-31.200001	0.176471	
-31.200001	0.176471	
-38.500000	0.294118	
-31.200001	0.176471	
-20.100000	0.058824	
-38.500000	0.294118	
-20.100000	0.058824	
-38.500000	0.294118	
-20.100000	0.058824	
-38.500000	0.294118	
-38.500000	0.294118	
-34.900002	0.235294	
-20.100000	0.058824	
-38.500000	0.294118	
-31.200001	0.176471	
-20.100000	0.058824	
-31.200001	0.176471	
-38.500000	0.294118	
-20.100000	0.058824	
-20.100000	0.058824	
-20.100000	0.058824	
-38.500000	0.294118	
-20.100000	0.058824	
-31.200001	0.176471	
-20.100000	0.058824	
-34.900002	0.235294	
-31.200001	0.176471	
-38.500000	0.294118	
-31.200001	0.176471	
-38.500000	0.294118	
-20.100000	0.058824	
-20.100000	0.058824	
-20.100000	0.058824	
-38.500000	0.294118	
-31.200001	0.176471	
-38.500000	0.294118	
-38.500000	0.294118	
-20.100000	0.058824	
-38.500000	0.294118	
-20.100000	0.058824	
-20.100000	0.058824	
-38.500000	0.294118	
-20.100000	0.058824	
-38.500000	0.294118	
-38.500000	0.294118	
-20.100000	0.058824	
-20.100000	0.058824	
-20.100000	0.058824	
-20.100000	0.058824	
-20.100000	0.058824	
-38.500000	0.294118	
-20.100000	0.058824	
-20.100000	0.058824	
-20.100000	0.058824	
-20.100000	0.058824	
-20.100000	0.058824	
-20.100000	0.058824	
-20.100000	0.058824	
-20.100000	0.058824	
-38.500000	0.294118	
-20.100000	0.058824	
-38.500000	0.294118	
-20.100000	0.058824	
-20.100000	0.058824	
-20.100000	0.058824	
-38.500000	0.294118	
-38.500000	0.294118	
-20.100000	0.058824	
-38.500000	0.294118	
-20.100000	0.058824	
-20.100000	0.058824	
-20.100000	0.058824	
-20.100000	0.058824	
-20.100000	0.058824	
-20.100000	0.058824	
-20.100000	0.058824	
-20.100000	0.058824	
-31.200001	0.176471	
-31.200001	0.176471	
-38.500000	0.294118	
