-25.700001	0.166667	
-26.600000	0.222222	
-22.000000	0.111111	
-31.000000	0.277778	
-23.500000	0.166667	
-26.500000	0.222222	
-23.500000	0.166667	
-29.700001	0.277778	
-20.500000	0.111111	
-28.799999	0.500000	
-19.799999	0.111111	
-25.799999	0.222222	
-21.200001	0.166667	
-28.799999	0.500000	
-27.799999	0.277778	
-27.700001	0.333333	
-20.799999	0.166667	
-25.600000	0.222222	
-27.900000	0.500000	
-27.500000	0.277778	
-27.000000	0.500000	
-26.400000	0.333333	
-25.400000	0.277778	
-18.000000	0.166667	
-18.000000	0.166667	
-27.000000	0.500000	
-24.500000	0.222222	
-26.400000	0.333333	
-26.000000	0.555556	
-25.700001	0.500000	
-25.500000	0.333333	
-24.100000	0.222222	
-15.400000	0.166667	
-24.900000	0.277778	
-25.500000	0.333333	
-25.700001	0.500000	
-23.799999	0.222222	
-25.400000	0.388889	
-24.400000	0.277778	
-12.700000	0.166667	
-24.799999	0.555556	
-24.799999	0.555556	
-24.799999	0.555556	
-23.000000	0.222222	
-12.300000	0.166667	
-23.200001	0.277778	
-24.799999	0.555556	
-23.600000	0.388889	
-9.800000	0.166667	
-23.299999	0.555556	
-22.799999	0.222222	
-22.500000	0.277778	
-20.299999	0.222222	
-22.799999	0.333333	
-22.500000	0.277778	
-22.500000	0.277778	
-22.500000	0.277778	
-22.600000	0.333333	
-22.400000	0.277778	
-22.799999	0.388889	
-19.799999	0.222222	
-19.799999	0.222222	
-19.799999	0.222222	
-19.100000	0.222222	
-19.100000	0.222222	
-19.100000	0.222222	
-19.100000	0.222222	
-19.100000	0.222222	
-22.799999	0.444444	
-22.100000	0.277778	
-22.400000	0.333333	
-19.100000	0.222222	
-22.799999	0.444444	
-22.799999	0.555556	
-22.200001	0.388889	
-21.700001	0.277778	
-18.799999	0.222222	
-18.100000	0.222222	
-22.600000	0.611111	
-22.600000	0.611111	
-22.200001	0.500000	
-22.000000	0.388889	
-21.400000	0.277778	
-22.600000	0.611111	
-17.799999	0.222222	
-22.500000	0.666667	
-22.500000	0.666667	
-21.000000	0.277778	
-22.000000	0.500000	
-21.700001	0.388889	
-22.500000	0.666667	
-21.200001	0.333333	
-17.500000	0.222222	
-21.600000	0.444444	
-21.400000	0.388889	
-20.900000	0.277778	
-21.900000	0.500000	
-21.299999	0.444444	
-20.400000	0.333333	
-21.299999	0.444444	
